375 574 294 1075 1161 43
579 260 1183 593 583 918
434 870 179 1095 382 298
868 684 987 1082 603 305
651 1098 456 1071 918 1149
902 1134 1135 938 1038 741
320 639 1132 1108 278 1111
970 281 1019 84 947 1121
260 744 427 12 50 126
639 551 1183 514 196 339
654 235 508 1184 450 469
701 579 436 1031 577 747
30 370 248 983 612 677
580 1083 64 32 958 6
219 658 226 263 314 641
629 674 411 320 1179 1194
438 911 269 374 134 80
193 922 238 631 810 41
752 491 150 418 698 167
96 46 1125 4 349 163
16 622 946 995 288 1156
351 460 859 973 935 219
139 116 777 105 813 1070
943 1077 1123 326 687 1081
834 88 1159 690 1048 1100
286 1035 73 384 33 549
1015 997 116 832 464 721
156 1193 534 803 830 475
610 162 157 649 226 495
444 527 196 815 787 156
1187 617 140 567 829 1062
256 346 1180 454 582 1117
949 737 532 493 945 848
592 182 1076 1192 991 1133
489 758 374 814 529 1047
61 566 1075 6 770 169
127 559 623 316 747 353
972 583 976 85 806 807
531 712 672 767 548 149
405 1176 304 336 352 80
1037 244 259 183 333 295
736 953 842 1090 793 979
1117 188 282 539 543 555
1168 484 1134 632 911 928
1087 18 307 1 1177 397
826 1022 810 98 223 740
662 277 1060 835 1154 11
1129 78 778 1194 961 64
177 634 1160 7 736 221
167 92 332 1071 40 474
750 154 198 760 1191 247
909 1076 201 129 214 1039
1181 800 211 656 659 590
1052 1062 1144 1162 929 688
1105 557 915 161 599 529
1142 653 213 641 182 102
762 11 1166 744 1126 43
96 408 760 753 82 602
882 394 370 1159 148 501
725 459 564 27 118 33
22 63 524 607 500 790
131 313 236 986 98 730
751 519 1084 1032 264 961
508 422 603 682 527 838
134 57 284 204 1032 526
791 389 111 211 1124 671
1185 1144 251 727 837 755
955 358 104 72 726 1177
75 390 769 508 951 48
1146 630 816 773 993 614
794 539 1193 1004 113 1199
430 994 681 447 1090 727
50 106 864 227 31 1051
1179 129 1067 406 1137 499
666 855 623 114 1173 412
1084 478 97 267 865 443
153 710 51 207 1196 327
188 1174 455 383 670 160
461 704 190 303 378 1063
313 1020 640 806 558 1033
1059 562 931 956 919 978
729 489 197 42 411 1145
899 944 155 1038 553 572
559 537 149 1165 393 556
427 509 761 1015 913 387
861 485 146 977 998 814
238 279 262 345 47 1125
263 518 553 535 1143 56
678 908 650 364 1131 318
661 940 179 515 1059 842
748 1000 391 117 535 936
600 587 1118 1165 813 265
341 148 733 174 425 792
170 291 22 567 848 1085
358 1056 947 693 173 731
392 655 498 119 879 903
420 480 676 538 218 390
667 562 1023 311 350 235
1126 1138 1034 201 353 680
619 181 1070 757 59 193
272 34 455 385 688 1067
493 668 1063 94 536 808
775 457 704 850 129 502
755 271 462 557 1140 533
719 440 751 260 625 992
935 581 666 1103 377 587
410 1045 1033 302 42 975
33 738 818 574 477 177
636 35 379 1035 215 723
56 1007 450 676 153 109
272 321 1060 1147 578 669
766 270 671 704 91 713
672 323 594 317 341 432
429 1020 1078 488 962 331
9 433 545 926 358 996
913 712 388 528 366 20
694 785 1167 190 863 588
175 266 598 1153 359 540
123 278 689 184 54 179
593 798 20 843 882 745
751 465 868 563 547 541
653 46 291 258 344 874
210 133 89 769 44 45
928 1003 299 657 391 744
351 857 217 45 636 1063
429 568 1084 148 103 257
128 937 905 577 1072 990
787 1148 1127 316 991 1102
305 562 699 1165 420 955
602 645 597 393 706 980
127 1104 1108 116 614 555
407 329 544 580 284 647
930 334 828 779 426 510
360 964 1025 470 547 711
464 850 571 1087 181 977
865 947 224 713 768 1013
59 715 892 691 803 245
841 312 409 650 825 893
424 27 742 660 445 189
355 195 173 337 669 671
952 354 673 1109 118 607
287 207 613 394 262 932
497 880 1182 963 575 709
957 110 463 1042 1088 399
717 651 766 543 48 911
584 652 1 815 1197 333
23 1026 102 325 915 1054
99 863 1046 168 424 674
541 258 268 805 1154 1028
296 700 771 783 1072 973
303 782 3 144 5 990
559 1068 271 1029 1000 55
949 1110 471 717 157 282
1037 1014 835 1095 136 970
854 869 798 143 879 907
1169 763 1108 555 734 502
172 285 1016 379 257 957
125 242 451 119 739 812
348 1142 1137 192 820 382
65 777 491 944 1122 374
1198 398 283 839 637 121
142 653 871 432 821 184
337 1058 588 618 1127 1192
776 92 647 367 946 317
80 550 890 705 609 852
262 971 361 506 927 1163
1069 1080 511 136 108 1183
295 952 764 902 292 1093
278 839 697 397 1054 846
988 509 862 621 1017 56
925 377 293 459 569 835
1147 237 832 984 705 732
638 425 476 665 203 915
965 734 537 383 106 139
801 342 730 237 1071 359
841 1176 107 711 189 710
683 108 924 997 995 782
709 757 1021 831 598 905
797 611 1098 226 876 54
531 691 950 597 361 149
642 570 862 141 591 866
299 295 934 514 296 42
682 284 963 125 408 323
927 521 896 253 596 1032
402 406 701 579 572 1079
1099 443 1092 461 95 588
114 1013 227 35 853 373
61 127 1163 247 892 527
1184 107 742 984 1186 570
779 338 938 661 494 1080
807 1034 369 106 743 107
468 249 644 592 881 774
897 970 1174 1047 471 441
687 1025 872 1034 71 770
49 626 635 198 1200 296
994 228 1110 72 204 66
836 520 628 131 1149 315
822 820 866 253 120 500
861 866 99 1115 330 448
974 160 71 393 228 663
968 55 682 173 681 255
337 864 103 68 771 757
367 707 493 511 585 290
392 556 182 1109 206 689
523 229 428 813 802 416
627 439 769 816 863 624
1006 222 1081 195 92 497
789 441 416 819 709 526
220 501 41 933 811 381
101 472 307 54 433 708
36 1172 188 283 258 523
1057 1169 265 767 1067 58
988 3 240 40 69 563
323 236 39 170 185 86
280 165 55 1088 1126 62
444 314 686 982 457 814
1171 582 1055 849 1167 972
1058 886 327 91 556 165
1195 432 1066 485 192 638
640 130 1119 324 331 401
1136 998 361 437 1049 1051
191 470 298 857 684 120
250 783 517 575 98 1172
615 301 214 896 706 1089
1073 880 412 824 1185 126
311 57 967 862 343 365
663 1077 609 438 121 275
639 743 1085 645 1087 893
1101 310 1015 172 275 480
466 700 468 154 582 658
805 1036 111 969 200 249
900 298 521 1200 561 646
787 320 656 368 573 609
1097 599 212 171 399 978
95 816 466 765 1143 1007
697 354 1101 988 336 985
1177 607 292 26 356 891
985 282 610 443 281 1117
93 740 4 761 37 1168
212 856 444 274 940 195
126 1134 595 225 507 130
475 133 143 549 620 884
849 591 215 215 1171 730
369 87 1031 854 165 492
9 347 97 352 170 63
397 7 696 171 954 964
909 102 30 487 10 1028
698 718 1156 798 875 158
12 505 372 467 1043 403
777 693 396 254 740 516
96 724 467 498 958 369
1195 85 917 354 1175 891
32 766 1130 686 1062 436
627 304 246 1091 463 458
1079 513 1140 225 677 516
73 206 616 759 123 43
214 241 113 624 156 100
1178 440 294 366 960 317
1100 573 305 967 255 309
1150 458 920 1120 8 1094
714 861 1130 390 189 310
822 289 84 1076 1174 456
1043 496 738 1050 515 1066
510 400 1074 1146 833 405
479 690 524 785 692 109
4 577 399 328 950 163
847 386 942 250 488 344
442 688 205 213 658 578
1018 780 39 1115 58 1195
1128 404 938 743 716 675
818 1122 1096 131 283 395
643 986 1065 867 753 389
1055 865 143 939 821 551
209 91 703 617 1024 1099
921 185 1092 212 1146 943
1106 900 897 621 802 192
853 462 1110 827 1153 495
447 213 140 1190 187 273
570 1031 1153 907 147 1133
948 183 410 566 695 1030
749 219 1044 1052 76 890
336 248 392 1113 57 398
341 25 521 706 24 75
783 984 494 1148 612 880
89 1185 62 6 994 1006
736 251 276 670 786 218
513 509 1066 146 1175 407
1065 659 424 234 1139 486
741 385 461 279 908 112
551 684 953 942 904 518
1164 630 667 810 573 507
676 222 352 243 552 266
1139 707 83 1115 599 758
185 93 1037 1045 931 888
854 1017 615 883 169 745
565 64 867 619 735 711
723 294 951 435 95 1005
924 729 322 199 987 933
232 117 830 482 752 657
1026 403 246 481 620 672
756 601 415 928 1080 3
37 1111 324 446 103 738
1114 162 483 279 155 25
1139 186 618 19 1040 1198
589 135 691 876 132 1058
1027 899 69 548 979 568
1048 914 1171 353 916 128
1079 993 135 567 482 554
939 721 309 822 1056 1078
705 660 856 565 463 522
844 74 332 239 800 789
130 487 216 602 419 161
234 1026 241 477 1001 833
301 918 968 870 220 699
525 983 120 1088 532 48
937 725 139 434 273 1093
100 793 903 933 675 67
885 180 1053 754 948 416
16 522 512 690 906 858
117 942 799 793 433 830
1113 69 930 1129 388 1055
959 478 1024 724 943 111
785 469 1083 853 974 608
774 415 1175 797 796 71
718 5 363 1097 791 735
519 1050 321 403 1091 795
136 542 553 138 877 514
364 958 1103 259 686 1121
875 124 325 394 992 476
216 722 900 902 1081 874
84 1030 1052 838 1145 887
21 330 180 524 435 1187
733 270 1194 739 540 360
145 505 25 581 605 32
174 544 584 1152 546 772
823 365 99 657 1023 1149
1006 1025 790 878 637 520
2 529 914 53 618 1096
72 858 759 24 776 371
534 383 342 264 1082 1027
241 449 746 300 453 355
908 989 703 868 745 890
1021 1086 1157 713 29 479
689 90 954 506 38 703
801 808 775 1158 762 469
679 932 840 989 741 122
145 652 23 329 845 422
1010 36 423 851 408 299
1069 811 140 905 145 29
665 1198 1133 414 421 834
596 236 496 194 921 742
1061 981 993 256 926 50
642 859 677 791 475 481
505 934 982 472 413 78
650 251 70 869 9 792
410 1132 525 1123 254 1158
627 442 132 924 169 363
586 917 654 124 1112 1012
379 426 60 453 1090 920
746 781 840 1121 552 1160
584 784 290 451 162 786
1001 507 670 763 534 799
932 683 966 805 1007 916
110 638 717 782 834 617
411 458 439 147 679 1053
235 51 66 896 838 753
961 1103 980 52 889 1068
1180 261 857 537 77 343
778 159 531 1161 558 552
784 266 547 922 453 371
151 1095 442 478 1113 327
615 203 11 356 964 79
19 308 733 452 417 969
1036 304 205 636 293 1002
755 654 306 1094 548 546
873 941 765 633 490 809
692 872 587 335 357 158
647 1116 954 569 202 726
232 966 83 1022 166 886
367 254 141 150 62 1065
1024 476 912 809 1009 515
631 253 210 776 387 1116
328 1043 193 625 966 532
10 728 606 1089 191 729
1187 224 217 710 420 396
135 264 929 775 637 936
465 714 202 999 277 517
849 208 662 73 850 929
223 76 996 619 243 359
1044 661 1166 504 1046 879
851 750 894 381 628 81
1051 334 187 1086 164 288
47 956 749 230 74 87
955 1109 799 382 829 1155
51 1118 172 118 1027 557
1045 465 20 1124 426 210
768 884 946 1131 276 1124
223 429 22 1094 683 965
624 345 141 1010 1041 365
13 678 959 357 274 1158
1186 351 340 472 137 285
245 991 230 1099 297 847
186 473 643 332 600 939
1188 357 595 1008 530 728
286 29 402 912 516 931
112 372 674 49 133 45
381 1156 613 176 302 560
35 53 511 1148 350 827
601 81 882 616 633 52
1180 450 669 513 346 217
522 1127 1129 329 59 1039
270 560 242 8 306 53
595 166 101 167 877 819
503 1106 664 409 144 396
34 1147 77 211 1098 18
225 1017 694 728 687 457
1182 401 778 950 273 887
246 220 1018 685 435 694
695 428 94 330 622 1030
545 85 925 315 300 1193
1125 655 261 832 89 771
201 15 632 339 88 255
856 685 737 490 877 334
206 796 756 17 873 1068
1178 1029 137 968 159 919
428 580 434 418 468 63
990 824 14 959 7 1096
376 318 168 538 237 194
460 503 640 664 506 860
371 138 409 948 462 155
249 652 1123 473 708 175
723 702 109 1091 802 19
540 160 28 831 87 483
1170 546 754 492 1070 1186
1046 824 190 326 488 168
248 747 373 31 187 750
1157 300 14 104 272 941
101 623 1189 1014 308 913
889 200 502 804 395 389
82 1011 500 605 550 1128
926 885 70 1086 41 417
269 44 821 1162 163 40
903 945 1010 86 646 423
795 338 586 13 878 645
447 1073 349 635 230 380
448 1028 883 413 762 146
470 702 648 761 1164 274
1184 386 972 604 496 128
825 441 151 205 520 437
649 1077 852 1056 794 124
324 97 881 888 452 585
912 544 977 370 517 1114
811 1004 1152 944 312 1181
986 748 280 870 725 660
869 289 1073 36 484 1040
606 250 807 881 202 276
969 1011 665 1002 786 600
606 1003 49 1182 528 60
38 773 1189 564 362 77
115 759 37 224 307 664
285 415 1072 801 1118 368
594 941 489 1012 1132 613
668 1106 720 464 153 455
316 844 481 1064 376 530
566 263 94 715 161 261
445 406 760 289 181 487
194 696 754 909 878 301
460 620 1003 1128 525 176
673 138 1033 2 792 788
561 817 1000 1085 1116 68
1104 886 823 904 339 203
895 1119 1089 628 26 616
572 538 233 1188 996 373
477 589 982 221 536 727
178 474 1048 952 934 319
319 843 418 1173 974 583
780 90 1054 134 175 239
978 355 197 1011 414 340
892 626 542 14 391 180
949 812 454 1154 150 244
482 17 1137 1141 46 953
796 451 739 311 651 523
360 306 231 243 906 449
492 788 490 774 335 467
340 144 231 1196 980 412
790 47 533 983 321 431
1001 377 945 10 199 342
1059 400 605 981 1162 648
781 1167 655 132 873 992
770 1179 113 635 571 1199
680 1018 550 398 722 349
364 1009 826 630 937 843
698 275 110 1092 1136 1021
641 322 1161 439 893 874
578 916 1150 480 699 178
15 325 611 65 633 1019
1029 122 679 1135 1164 1041
576 732 817 438 1157 795
906 519 471 828 1078 764
1008 825 1053 920 758 322
887 207 491 142 895 724
848 894 152 362 343 356
1022 385 427 446 479 864
989 1064 147 125 852 404
930 554 486 560 867 1119
473 752 539 483 15 344
772 756 1159 666 1138 678
76 828 1155 631 240 431
1169 836 901 308 287 348
528 1197 436 597 331 303
197 227 388 229 1151 1111
894 859 662 875 422 1057
233 622 935 565 151 421
164 748 707 287 437 837
1105 1166 914 23 387 104
712 554 459 60 1023 157
1196 997 384 626 839 876
18 1083 976 119 448 663
1082 960 646 815 910 430
510 30 817 563 634 701
346 716 423 229 221 152
326 1170 1002 79 590 348
720 66 656 831 884 242
901 871 1016 940 82 700
486 784 183 494 446 1069
414 999 1035 288 642 88
963 604 268 998 1061 362
979 286 1160 233 1014 5
1114 67 1191 985 1064 302
93 781 608 855 541 184
973 549 318 779 27 257
858 891 788 1019 171 518
1044 1143 2 372 174 1102
895 836 291 530 1036 716
34 846 842 105 829 860
1192 667 593 498 309 1200
244 1104 445 590 1145 375
404 1176 614 855 267 44
21 38 1152 158 52 692
1188 159 421 860 951 976
314 919 456 1105 347 252
1047 240 376 123 350 591
763 629 772 841 1107 402
901 608 794 975 571 1141
105 1150 363 922 995 632
923 543 808 239 695 338
797 1197 1189 204 659 589
1013 1190 413 271 407 1008
384 526 826 176 280 719
297 1178 888 378 629 804
400 765 1042 495 625 575
333 186 24 319 1050 347
1151 1144 401 962 61 1172
67 1142 1138 378 644 114
503 39 504 576 823 845
208 721 910 313 83 871
1016 1041 345 216 598 542
58 965 731 1020 611 732
252 731 768 851 222 166
1135 889 1074 904 812 962
281 737 431 818 199 1122
610 806 200 1151 923 405
315 292 484 247 90 696
899 1009 78 568 872 474
142 245 594 12 335 1101
449 81 673 693 177 17
380 648 697 668 840 430
898 1190 112 501 564 643
675 585 581 1107 1173 1170
702 485 981 231 209 115
1005 586 1168 847 65 1049
644 419 999 1120 971 603
152 1012 137 108 290 8
208 256 1102 232 1163 512
198 310 452 612 897 68
621 115 1097 735 681 1074
1 16 800 837 75 773
957 925 975 927 328 1057
845 1131 898 971 21 417
196 936 440 536 803 1005
898 789 649 883 601 366
395 1004 1136 1039 1075 910
191 466 767 267 1130 512
499 1093 218 780 749 504
967 1199 576 454 293 604
1061 923 592 277 720 86
234 164 917 1049 726 714
685 956 1042 31 1112 269
718 722 634 154 228 545
375 209 28 819 122 100
987 1120 1141 708 715 497
26 28 1038 380 535 561
1060 960 268 79 764 1181
1191 121 1107 1155 921 259
885 719 558 74 1112 569
178 425 419 1140 533 907
846 13 70 809 1100 265
252 1040 833 820 368 312
844 734 746 804 574 386
827 297 238 499 680 596
