865 1137 1125 187 342 377
189 813 397 923 259 783
703 804 73 976 705 224
127 540 757 321 236 872
532 218 1088 839 871 779
49 286 956 35 809 815
324 755 841 1062 645 925
647 818 80 373 866 658
355 1093 1175 256 424 456
76 564 137 494 573 687
580 102 494 466 666 25
229 1122 103 44 1085 1074
845 878 344 120 988 189
1069 411 696 1011 273 1029
1020 1127 887 665 389 227
786 920 964 289 1003 381
1124 1113 236 648 778 626
886 46 1172 148 297 154
209 1126 500 504 183 765
608 1102 169 1109 708 535
1008 527 1102 13 735 962
863 464 1075 639 581 189
914 1155 904 535 714 91
657 953 1168 236 322 8
146 498 117 721 147 608
170 891 355 1053 999 250
280 865 196 380 507 317
794 732 487 222 967 982
264 567 872 495 882 948
145 516 512 915 778 673
149 766 178 678 729 1064
274 216 1007 834 1150 489
716 501 948 221 15 1190
262 1179 733 1103 45 894
659 472 486 1024 333 717
9 434 495 1180 764 1103
192 50 740 204 680 1095
1171 1176 82 1071 1009 766
287 397 651 361 436 418
400 762 141 1100 1041 1163
1045 921 195 214 1167 107
218 660 86 450 81 1032
148 686 1172 33 415 843
763 504 601 157 144 459
1146 898 44 714 556 999
610 7 753 914 1148 610
121 931 493 802 414 752
1013 690 443 854 21 203
452 925 266 676 264 615
445 1177 935 116 954 991
501 59 732 444 1025 896
496 555 794 709 1004 79
329 1073 700 164 928 385
269 590 130 789 872 587
776 711 466 582 787 162
710 565 604 1087 603 397
312 624 9 842 648 188
29 1082 357 503 173 210
244 538 669 133 1101 770
462 282 801 736 769 446
381 414 180 227 713 258
20 773 808 82 622 952
760 1136 152 989 899 272
1122 952 504 129 1182 885
1108 152 64 415 61 522
175 275 268 524 221 484
795 576 1005 57 197 378
1080 454 942 871 196 1078
687 990 675 892 489 1109
300 485 656 199 123 320
1185 403 184 419 388 708
74 598 661 868 573 18
1161 784 967 201 951 635
1192 372 467 646 224 746
110 888 54 747 817 482
10 51 1159 1016 522 929
240 555 1111 400 4 577
1125 193 1127 661 135 962
907 914 230 134 568 1123
119 387 247 542 874 814
496 1141 820 291 1164 341
428 73 48 849 876 938
622 192 1104 1043 1162 277
468 1195 183 638 451 602
744 549 37 669 481 807
1000 529 783 1108 466 110
920 537 1076 474 990 306
1115 739 944 124 1 701
209 724 103 124 34 856
27 447 289 137 731 849
225 879 1068 7 970 456
997 756 512 761 366 508
552 861 389 578 72 605
530 1135 536 1006 860 809
960 688 28 987 863 203
246 244 725 7 596 492
924 911 1032 143 1022 654
408 1083 913 901 412 953
1189 292 1072 91 695 656
1194 880 123 899 157 84
36 394 819 752 179 121
751 301 829 352 104 570
1106 398 786 1015 693 453
175 876 1074 603 844 888
527 203 1061 902 363 1196
731 423 347 815 413 1129
766 785 361 1130 859 653
1059 738 498 971 1003 367
1077 188 32 606 156 273
669 483 848 1107 1124 990
517 11 20 1090 600 391
187 280 858 58 23 734
216 623 328 774 315 377
781 918 485 77 809 623
774 610 868 465 279 467
1174 33 247 402 977 939
224 396 248 837 541 455
215 213 135 402 1014 1157
359 1026 469 563 358 656
856 732 165 145 45 661
90 429 112 814 982 877
603 2 726 938 1116 727
1016 471 487 325 1171 285
756 727 163 697 631 808
777 217 617 1005 98 235
282 304 1009 1001 554 526
589 599 416 66 87 509
985 828 639 1058 671 326
1099 964 61 910 102 237
385 442 131 544 810 1136
53 1069 1046 912 891 453
405 582 227 1035 634 369
550 217 382 375 621 832
293 725 703 173 639 68
956 912 483 83 505 1056
410 176 418 66 787 542
629 255 231 276 1097 1038
164 638 534 649 426 283
253 283 1131 548 901 748
876 435 458 855 934 559
488 455 900 92 198 738
1127 280 564 751 278 745
239 881 1188 695 905 63
539 1172 759 294 980 911
819 342 489 846 403 991
374 440 151 376 325 969
767 1196 315 734 201 128
111 204 21 242 315 1180
1037 836 167 1066 1134 464
478 827 105 1071 299 407
1181 938 374 500 1131 406
415 726 1064 424 1091 900
1139 1117 936 168 250 538
153 900 346 1182 978 880
359 446 308 884 1146 986
428 886 479 1119 1044 790
99 88 1074 219 1195 612
1085 359 60 600 789 1044
906 679 1124 369 957 905
348 316 1059 683 470 340
252 298 1045 452 705 712
1162 931 1021 995 1078 950
107 17 393 448 681 326
497 933 345 640 1008 286
301 850 29 752 963 39
810 491 776 300 164 917
955 1028 140 772 1067 878
1198 627 265 795 569 704
662 238 1021 559 1156 1189
160 628 869 672 832 992
638 1114 6 214 1130 607
302 297 272 319 569 437
951 53 223 1161 144 8
96 362 462 503 786 256
636 328 306 978 38 590
629 1033 299 562 906 157
513 284 706 243 1089 379
502 1089 330 806 673 493
707 96 718 698 50 735
645 1143 866 166 1114 574
1003 543 462 56 111 342
459 155 718 1068 907 319
465 179 556 1105 981 68
562 628 652 114 322 1095
1090 853 470 601 306 684
950 792 926 987 59 1198
82 74 647 686 1094 1174
771 261 825 464 864 421
124 715 450 1149 428 583
686 419 417 694 774 1017
228 1008 1189 13 1144 125
1130 719 695 249 1087 1185
1084 798 65 488 122 558
1063 592 247 17 598 476
838 540 691 744 1075 742
743 803 705 327 1084 111
1080 815 316 857 356 221
263 598 547 873 589 818
447 112 456 426 790 270
431 980 89 779 501 908
700 399 499 995 792 824
537 886 81 986 777 983
266 1145 947 997 443 145
1015 903 720 658 437 902
1113 320 519 940 288 685
560 512 998 825 904 250
993 499 655 1 1187 392
926 532 775 614 578 426
492 1139 2 393 994 200
113 943 300 1026 1116 735
261 1020 1044 198 232 744
671 846 317 943 526 571
646 980 979 555 1017 1170
729 633 479 826 1118 570
883 1147 1100 587 30 652
140 12 572 515 613 1041
262 1184 1007 313 474 520
936 511 393 667 496 1096
1159 1027 677 416 170 205
739 266 563 998 728 465
405 22 223 873 693 472
1049 516 113 665 348 772
62 140 784 425 1131 18
1026 583 179 813 267 961
1181 852 864 150 871 945
823 241 1058 833 624 802
793 422 321 85 484 794
116 822 497 867 117 933
1060 438 820 50 730 51
636 612 439 1192 689 895
836 811 905 613 1174 844
818 104 579 515 981 328
246 525 534 801 1068 206
265 1011 771 595 180 730
272 463 861 1191 1005 193
317 185 882 1014 509 712
654 1046 723 944 807 975
523 233 750 160 355 39
992 647 805 929 1162 1052
707 681 627 264 670 812
324 977 386 1097 301 831
34 1136 435 541 392 482
958 568 201 220 38 606
942 1120 720 1028 72 875
775 586 172 517 405 850
432 506 793 99 362 855
327 100 228 1073 633 1140
780 659 339 63 383 903
1119 69 108 1182 974 983
150 1076 93 71 552 3
698 988 1145 1096 1015 16
353 52 594 59 901 1135
1081 338 687 1065 602 851
1090 363 505 1156 704 965
761 636 653 1176 518 751
24 158 199 539 828 412
159 758 208 521 651 595
1054 172 1164 162 269 284
1010 615 98 531 381 174
132 1137 246 372 400 205
191 736 699 690 1023 252
767 838 965 858 310 1063
178 126 963 234 957 755
186 1023 921 969 592 416
398 1121 377 275 889 556
684 657 263 1019 120 918
24 23 1055 776 1069 81
335 740 534 842 281 479
787 245 105 903 70 354
376 828 434 409 292 390
143 235 14 1086 150 388
554 631 541 1018 454 76
122 822 604 364 389 478
1062 797 917 47 319 230
1198 323 1138 74 1055 343
149 920 745 839 870 486
358 693 119 326 195 723
643 607 568 1190 1030 129
746 848 471 486 959 773
939 138 770 176 1140 276
295 1128 545 959 56 641
1200 878 706 770 803 1184
703 1033 548 270 754 152
419 258 887 251 394 309
634 417 944 716 1183 366
482 1153 207 347 100 551
185 404 753 289 1109 550
574 26 799 277 672 659
637 561 977 1043 1186 881
267 663 1123 817 242 1144
30 580 758 518 591 97
725 365 460 923 1119 961
1147 851 36 644 954 623
332 438 757 394 385 506
1135 336 345 313 617 1002
611 304 800 26 525 491
103 1145 153 1186 562 946
929 1025 226 307 579 89
318 169 561 514 1148 182
166 847 156 63 260 274
414 984 1004 1178 370 487
181 1019 712 680 528 923
634 820 226 1036 778 413
685 142 211 682 8 601
677 194 253 713 274 6
94 897 702 662 12 68
352 350 472 683 629 252
585 248 226 829 238 1083
673 34 277 87 949 915
584 356 41 1157 41 654
1040 531 678 435 966 474
410 540 387 5 788 764
553 613 75 748 159 719
530 225 911 360 165 915
56 902 974 257 497 308
375 1001 396 704 163 791
364 943 97 347 104 458
1009 728 994 1042 624 1049
805 806 257 741 516 392
524 834 822 48 493 874
1197 1128 865 840 1 1179
587 349 331 502 1160 1200
757 890 380 499 918 650
126 940 717 1050 196 1077
857 281 1112 1173 986 423
688 191 92 816 51 185
350 679 118 566 1093 361
866 566 473 545 755 557
285 927 225 934 721 182
837 234 591 1030 1176 558
1077 1086 109 713 650 1169
998 768 177 215 913 569
1111 219 635 769 807 898
536 132 16 372 235 292
912 116 854 1151 383 969
597 716 41 1194 1054 1117
514 441 895 992 406 1092
637 260 108 60 463 692
19 1187 1066 909 586 1023
311 873 564 958 215 984
1192 1051 1036 206 862 488
290 595 279 195 27 726
682 575 691 1046 52 723
894 1175 83 1121 1053 1098
655 575 418 650 528 268
128 635 1115 772 1070 630
26 925 186 1101 1193 677
1091 830 870 768 178 295
120 694 663 106 313 137
308 382 884 576 424 1133
403 147 741 1052 232 537
373 175 318 1113 683 616
46 670 619 585 1121 1141
833 1158 12 644 1173 519
1167 609 386 202 800 77
1142 159 420 666 897 427
354 304 200 48 675 1142
475 588 513 322 136 858
640 105 335 138 3 371
571 107 1042 841 114 433
1142 577 212 401 692 101
307 816 1180 909 244 893
60 371 251 1038 553 390
557 69 658 404 133 1132
395 1099 340 960 259 93
1163 708 1193 1055 1128 785
204 460 463 1013 167 11
742 553 869 1170 798 475
875 1140 710 368 1181 255
1016 552 945 1072 351 401
1112 452 121 545 701 305
762 384 979 782 330 1084
155 759 106 1086 620 649
845 42 1154 1045 888 913
796 868 991 20 112 271
764 819 338 1017 890 972
742 1165 40 55 1101 664
1153 357 1056 879 408 951
662 510 547 829 908 218
398 955 30 593 632 310
141 1161 458 594 433 1095
353 1138 642 358 123 596
891 668 1173 805 674 217
439 213 249 727 811 370
1083 674 147 1152 348 883
983 596 1024 64 89 536
339 519 811 666 577 711
90 1141 731 520 310 939
401 262 136 1002 32 38
747 1123 612 631 781 804
379 946 535 429 1195 167
1103 171 1104 52 833 741
251 906 431 211 109 353
287 885 351 375 168 803
880 793 37 549 981 932
769 664 267 692 5 922
625 889 763 437 967 989
543 156 233 1048 197 421
4 877 35 614 1064 432
1149 791 1199 1040 173 663
1104 800 329 810 17 208
996 696 835 904 608 707
890 1088 934 352 510 767
780 1034 154 1065 1038 223
43 410 832 110 1175 840
1159 75 827 722 1057 170
1155 2 1134 90 205 346
985 1120 344 968 282 1014
311 133 664 245 97 861
719 824 976 781 1021 1054
350 973 973 655 775 789
799 363 665 321 549 1047
798 1133 143 449 978 1080
279 316 478 676 843 332
551 1066 972 476 507 404
256 860 259 619 327 67
648 222 169 339 1149 461
1092 1028 825 194 660 442
44 18 239 118 376 208
360 940 830 618 14 667
922 281 1152 788 278 180
790 468 3 641 1098 261
1048 39 119 503 368 411
753 430 1118 570 1039 31
955 78 973 1190 475 85
582 406 453 632 642 971
369 200 765 109 862 984
697 183 387 1001 302 70
94 1018 919 860 296 605
471 749 763 420 214 773
782 166 867 498 101 514
782 1110 420 439 1191 1027
1089 1036 47 840 115 539
19 162 1081 421 808 625
838 1037 254 522 783 425
1194 696 921 139 21 941
271 930 1079 760 142 67
1085 1129 1082 314 971 57
937 592 71 209 626 621
797 395 444 1177 851 399
513 976 1022 184 485 433
835 101 192 817 78 213
1154 651 756 754 1042 330
1165 85 626 1075 1035 1061
1019 1183 98 988 115 510
949 290 432 523 525 979
114 1007 135 146 69 1051
930 733 1144 1040 154 821
762 1067 999 1012 91 848
4 337 240 812 965 995
1110 640 600 442 134 323
932 679 84 594 231 346
571 53 801 477 422 852
1052 989 530 563 1053 318
243 821 670 797 870 1110
15 527 599 95 1063 584
407 982 70 970 93 490
615 212 95 1132 171 922
151 10 1013 576 92 701
602 181 445 1168 644 448
451 812 202 511 118 606
730 15 968 210 402 709
1035 446 378 729 293 62
765 495 950 700 254 172
1032 1076 49 506 736 578
528 384 88 94 862 188
243 1029 916 508 340 191
607 296 425 740 1060 1106
916 680 141 597 1047 373
212 509 985 970 481 1199
291 447 1169 941 1056 417
745 1079 544 588 737 646
614 263 1050 879 58 743
434 618 33 374 480 237
544 823 1188 131 642 579
1138 161 309 1166 388 1006
457 248 190 237 473 643
54 987 917 721 307 1039
643 37 320 1006 477 1057
127 854 184 122 529 408
561 1117 220 245 835 360
947 190 222 241 1010 964
831 64 490 75 484 547
630 845 151 265 896 937
43 399 1094 146 344 688
36 311 1082 341 343 55
207 758 826 354 910 616
957 1048 125 436 298 777
1185 715 187 1043 844 1102
937 481 349 709 206 27
1137 796 294 1034 219 785
174 198 270 305 1126 409
933 10 295 947 303 715
1000 1160 699 476 78 1148
1170 942 168 409 575 884
440 533 874 1088 682 761
728 298 323 171 380 32
1143 305 257 127 129 35
130 186 153 759 802 441
62 1050 454 699 586 1116
620 678 260 28 473 1163
1012 1115 71 45 842 367
702 86 739 24 29 42
22 459 779 768 517 126
529 371 1039 526 816 337
919 31 66 423 431 548
531 99 113 945 841 538
881 1133 827 1108 443 792
743 211 283 351 572 559
57 255 286 593 430 445
9 826 181 161 190 633
5 993 1178 378 1132 690
850 106 788 271 108 444
500 720 84 238 749 952
975 932 916 1166 117 1065
76 22 628 583 962 684
507 165 919 336 131 896
365 908 294 47 784 412
1191 1157 611 966 16 882
694 23 1012 83 849 366
325 449 837 667 234 1011
702 451 935 383 1178 505
1061 177 780 796 199 1025
288 490 641 491 160 427
1122 54 831 750 1197 1030
836 427 585 924 620 411
241 1020 722 258 132 609
1099 128 718 834 946 1139
532 31 158 1047 182 309
334 867 591 345 560 197
1079 148 302 293 1160 1018
1146 689 467 975 1072 996
1158 457 966 49 724 543
1070 847 963 88 554 1087
1107 43 520 711 823 14
722 859 1033 155 580 343
290 1177 660 565 1134 954
1100 430 899 1031 73 136
676 795 853 468 572 142
941 1106 893 1167 949 533
887 460 79 857 1147 749
1120 1150 649 685 356 972
413 28 551 492 1114 830
994 1168 1166 1105 558 230
733 174 275 324 365 177
1091 240 737 689 303 892
813 936 79 229 338 893
1059 907 738 46 910 11
974 1092 1034 242 349 652
804 1151 760 1197 806 332
1153 297 508 948 422 25
754 627 622 573 194 58
1165 1196 386 533 996 1155
65 875 102 668 130 1171
483 621 1183 618 1107 1126
1057 438 331 391 329 448
193 1058 909 396 461 1129
567 149 619 502 158 894
379 839 746 895 1118 864
1125 1151 691 1156 61 25
176 335 1152 1111 993 384
1004 494 859 1096 1187 714
334 883 590 1067 1070 96
1094 1029 1010 1184 589 1031
1097 470 584 546 632 847
927 163 1154 139 55 1000
1081 885 1002 681 480 436
821 542 273 1158 1199 72
637 207 926 341 799 65
232 461 1060 285 958 80
997 337 657 80 253 959
953 674 67 314 210 1051
593 1031 284 288 734 588
771 303 1143 249 846 100
855 560 333 276 269 469
924 331 1093 889 139 1037
1098 852 291 95 1062 125
824 675 616 429 296 698
395 391 370 480 557 1186
863 440 546 40 1164 477
390 1073 521 748 737 254
927 469 333 550 314 86
312 1179 747 518 1193 521
367 229 87 791 930 581
574 931 334 228 220 216
617 1041 77 604 750 144
40 581 897 671 1188 611
928 515 268 597 898 6
566 115 523 717 362 843
1024 968 877 645 599 892
455 407 814 1027 382 239
605 511 1169 546 287 134
609 357 1200 961 724 625
231 161 524 668 1112 653
19 567 1071 1022 202 706
233 1078 1049 710 42 1105
856 630 928 956 368 13
138 364 697 853 299 672
441 960 457 312 450 449
869 1150 278 336 935 565
