721 521 894 1109 172 747
193 805 447 1122 261 712
335 88 305 735 6 1075
1092 735 975 1127 99 806
493 858 593 958 217 403
1118 112 744 516 404 1153
1114 33 741 1160 787 441
559 1064 1015 42 486 661
1031 486 346 630 913 957
970 513 569 175 1015 248
834 697 1145 480 362 860
1106 214 201 697 790 2
1193 930 1161 1049 36 864
662 1193 415 1153 812 1068
1007 99 800 995 871 180
417 60 135 1155 740 118
548 385 687 1051 294 688
1192 764 498 476 922 97
849 700 15 211 300 53
249 340 711 914 327 203
241 108 1136 671 872 726
111 1000 643 1200 1091 1188
658 759 609 1018 1168 393
978 1132 695 419 775 463
110 906 601 1155 28 679
239 379 233 40 1121 802
326 212 876 873 84 1094
68 433 424 604 509 284
660 74 423 592 258 971
800 1137 174 644 27 262
366 480 685 138 1175 317
662 1143 225 405 448 409
1199 1183 277 1056 1000 754
825 149 494 882 948 1039
764 213 1073 973 802 691
1083 1031 206 1157 64 825
200 1120 833 228 595 1118
1065 66 976 259 554 558
929 182 473 1180 185 1184
6 225 960 854 1036 685
657 690 442 871 672 827
785 502 413 115 351 191
453 472 1082 837 406 10
96 1122 849 494 574 124
700 207 58 1105 46 1168
262 683 916 697 751 718
193 224 1152 941 1055 919
959 548 309 153 334 477
232 1071 750 1102 18 73
146 475 485 733 195 332
373 554 3 682 729 1027
664 807 931 1181 1169 177
711 724 906 985 20 1078
526 355 809 780 1151 27
1130 476 630 407 929 568
250 996 760 1135 781 306
452 1059 489 1111 539 371
698 143 501 107 1033 938
369 983 1082 94 894 1043
1106 1058 555 235 1129 319
1168 188 979 343 414 96
1123 350 924 1150 677 15
47 1105 286 314 734 933
776 351 202 598 402 705
77 45 641 651 895 7
464 628 876 964 941 215
737 646 814 112 198 186
363 576 842 776 428 949
271 336 280 1054 491 425
470 605 404 879 446 312
335 835 1030 954 631 716
90 317 752 885 670 1012
912 437 97 205 602 174
61 798 643 1087 1048 455
648 254 318 1133 573 1175
74 749 75 678 402 892
322 936 926 1191 1156 418
408 579 1190 198 711 1166
500 671 263 638 966 1002
382 4 585 928 196 576
952 319 703 411 1054 123
450 93 939 622 440 726
910 206 81 815 980 639
789 1046 458 144 1140 451
420 1024 527 630 793 254
129 1178 1084 48 637 1050
908 203 1156 445 1088 1117
664 1078 1045 361 613 1070
142 5 1041 650 976 517
728 379 343 834 1124 984
360 1166 124 427 891 1024
1129 1162 783 1020 472 416
825 273 890 1147 698 373
1173 474 636 947 886 608
616 80 159 857 843 777
396 717 461 456 501 237
614 218 443 886 720 629
266 95 356 396 78 1112
364 384 1043 953 675 111
887 738 1059 669 657 1060
922 249 675 967 1125 288
745 1051 471 386 692 388
828 895 852 440 823 357
660 953 673 1093 300 903
1041 382 848 465 41 463
459 666 1132 939 923 129
290 779 782 745 391 72
800 964 566 1073 853 911
1101 296 1009 736 257 268
645 25 240 419 611 1034
272 140 564 1039 679 238
1000 4 81 1138 831 1064
777 1052 283 514 1082 904
536 739 594 618 314 1066
498 1023 284 629 381 1057
635 109 616 11 1039 1055
264 243 420 422 907 878
57 190 1060 640 1145 1099
2 936 155 240 1034 41
337 828 496 26 587 160
219 1016 311 850 336 454
1008 482 274 565 957 265
681 1072 408 422 219 70
1033 449 1188 23 505 281
431 936 963 332 1084 496
364 985 46 61 157 351
1064 670 488 418 258 87
1163 370 891 832 1021 1148
1084 1059 100 168 968 606
882 1014 348 510 465 180
352 471 348 241 173 268
1171 338 901 696 603 448
889 871 276 665 148 193
1029 1197 554 479 50 239
1124 296 665 653 183 642
1093 18 1026 440 374 321
746 29 420 765 413 288
214 477 252 270 453 1163
39 574 38 707 516 32
192 824 1078 1116 25 884
154 836 770 723 608 585
92 337 118 807 333 721
543 58 991 152 1013 128
1040 1051 645 386 605 1099
1178 1200 1026 338 842 1156
632 248 899 318 556 266
177 742 600 519 754 39
271 836 985 571 1096 970
663 847 768 336 268 497
282 1010 467 918 597 439
1020 562 1079 885 457 641
684 573 791 339 322 1125
282 255 528 349 500 1135
444 43 858 625 862 392
227 368 316 720 333 937
654 1174 877 925 570 909
598 400 905 706 1050 677
896 150 937 1104 119 357
119 877 535 947 972 1005
525 166 1090 367 1141 28
70 751 1076 1129 445 869
588 649 1157 28 246 507
783 52 1035 1074 372 530
560 464 738 904 122 1165
897 482 640 460 928 510
66 858 665 71 156 387
186 788 676 9 176 264
303 1057 953 1176 1134 789
161 942 432 198 269 117
400 251 775 788 806 387
1058 840 1097 1070 1079 1069
194 63 769 715 1164 1140
514 844 337 204 354 71
349 251 330 811 142 378
1089 902 272 51 138 652
457 493 562 167 436 598
503 668 691 398 893 1090
805 89 615 821 328 719
942 1139 907 503 982 981
236 1194 648 623 1017 955
550 538 86 966 299 659
873 654 1080 881 277 664
1134 636 242 133 334 611
23 104 176 698 1068 421
267 1196 1148 1108 483 545
855 964 113 125 25 53
976 1037 620 382 650 572
422 247 606 599 67 1177
315 792 14 944 169 890
880 376 1114 1094 1086 1144
648 995 14 961 279 184
826 712 387 515 586 1007
12 169 69 742 675 867
91 732 941 1103 1004 881
280 432 1150 466 898 308
140 589 580 354 913 224
1012 410 459 1030 783 518
1179 872 758 920 524 361
855 639 32 405 928 831
810 301 407 1148 508 428
1022 145 667 568 912 120
1187 153 654 640 1140 325
45 672 345 1022 674 624
443 684 701 1021 144 456
86 1138 784 411 499 583
201 26 1004 669 297 896
633 961 341 1119 258 1112
875 548 919 504 138 837
1122 139 624 450 579 731
145 774 487 937 134 993
715 850 678 1174 72 299
270 821 511 865 730 945
1067 91 128 390 443 59
486 810 498 1090 755 116
659 983 809 105 454 791
1046 561 365 344 516 285
909 730 380 397 880 901
93 231 98 1167 218 931
1063 400 778 763 107 1056
507 97 619 1053 642 79
187 460 1144 646 13 430
944 106 84 1137 882 808
581 168 377 223 70 1131
817 1169 279 606 1162 165
91 26 674 208 455 160
298 1017 214 773 105 1184
732 966 304 293 1171 385
1120 1083 1181 553 861 257
141 1102 727 632 864 497
395 478 353 841 695 759
801 900 996 870 651 163
307 694 687 1100 312 402
289 456 481 488 947 481
135 505 1021 236 889 40
13 917 760 183 596 827
411 124 1158 210 910 835
655 1029 365 945 860 887
671 282 469 1031 289 934
925 62 250 1020 136 196
415 95 583 356 161 1128
2 315 453 853 714 459
401 306 442 312 383 632
126 320 200 69 383 431
1101 751 283 156 181 1121
864 993 1089 408 622 318
429 142 397 484 125 757
956 366 956 788 798 298
940 12 923 649 245 785
549 1006 30 64 708 1
863 19 1085 797 880 596
1135 184 998 1102 1186 426
883 191 967 22 21 187
103 1028 1080 603 173 569
92 1085 31 1111 349 288
177 378 1093 1067 541 502
920 687 329 1197 856 340
114 476 591 560 992 641
863 775 292 299 266 489
981 53 1013 628 622 849
815 121 180 924 519 328
79 329 1024 205 17 452
43 166 838 862 1115 313
791 152 390 1146 1194 342
892 693 923 109 852 663
1139 30 226 804 786 766
567 287 224 561 704 955
1161 963 1011 69 521 528
394 60 542 149 748 743
909 175 174 1032 773 330
47 944 85 412 972 1191
217 1076 409 375 31 796
30 386 688 776 287 575
868 222 546 63 464 22
1108 607 532 367 986 16
601 958 172 199 1143 259
895 211 979 1103 479 1172
274 209 563 1136 1117 767
1121 154 197 667 181 211
1176 6 933 803 1043 485
1026 571 1185 603 1010 886
749 1164 114 567 170 454
230 1017 9 389 592 940
860 762 719 535 887 627
933 164 993 541 52 23
163 621 881 196 1008 754
164 81 130 855 562 29
430 688 377 17 1111 781
845 57 691 1116 900 506
1158 62 684 769 989 339
987 523 655 242 799 1130
1110 1003 803 1147 495 451
457 752 439 292 874 987
902 128 358 1052 137 235
426 358 564 575 421 599
551 160 722 161 1185 558
572 938 384 699 740 388
845 229 328 1098 508 167
141 765 999 769 809 12
256 260 570 46 1018 949
905 343 434 713 253 994
276 530 272 248 1044 204
154 1179 324 83 434 1022
1195 870 1055 578 799 693
974 854 1019 550 491 478
185 547 518 212 1149 491
110 1167 151 780 310 302
42 1127 80 509 155 321
134 73 1100 75 643 133
163 497 942 965 795 609
48 1047 746 709 78 778
904 792 965 1170 673 921
359 938 115 963 779 296
822 435 826 927 535 381
753 1110 34 252 712 397
784 186 745 633 1062 32
813 10 1035 795 818 794
1182 200 843 672 82 647
76 557 444 308 683 484
932 541 104 1013 992 704
1035 324 601 835 179 281
771 796 380 24 1081 628
1068 339 1157 1006 245 582
232 1108 421 56 813 888
581 634 660 830 407 1053
1050 617 313 1032 951 914
580 126 107 988 839 330
39 1028 556 241 243 306
83 934 1037 819 681 1056
1032 237 225 950 466 94
171 544 1192 1019 515 1196
1063 900 537 911 876 1088
844 545 445 608 528 899
977 629 359 583 767 477
960 1152 1145 644 898 347
786 736 894 1141 1159 1097
206 462 552 848 171 722
522 1182 1091 1123 135 534
540 305 141 261 862 153
951 537 642 143 375 1160
221 883 395 988 1186 602
1047 40 131 216 251 1183
341 506 286 659 1142 1114
425 517 474 888 710 1061
713 291 770 197 76 473
127 1071 1155 682 493 326
297 764 504 657 1154 734
300 226 220 879 977 112
918 274 1001 1080 316 620
802 733 799 846 560 1125
316 681 727 259 327 450
353 417 41 35 1027 433
71 310 68 1072 1095 155
511 352 234 1172 653 188
132 301 521 949 1089 278
1033 952 233 680 794 481
724 539 487 223 921 967
843 718 78 898 93 474
680 674 1124 1 710 1101
381 461 1047 1165 570 873
275 708 114 708 140 505
625 549 556 437 594 463
38 624 995 555 753 748
215 210 927 952 178 756
398 139 916 309 612 120
1197 1009 396 950 238 115
285 770 1002 449 109 427
621 940 689 1178 955 1183
662 307 231 256 703 273
470 854 29 981 531 817
884 1128 813 566 637 167
147 295 1137 151 869 1132
38 363 523 175 499 922
473 263 406 832 926 1042
1175 833 989 616 469 58
851 617 406 1001 263 73
912 728 1199 430 618 116
1016 1085 1048 915 705 350
116 700 1066 612 1153 939
763 345 280 827 1198 830
98 394 750 342 80 4
772 281 44 54 525 626
638 584 544 416 94 51
914 245 230 469 543 1095
444 207 635 231 549 1098
324 1005 716 335 279 414
962 490 1180 1002 656 1184
584 8 162 1152 1094 68
731 614 61 1079 333 527
829 631 243 102 578 929
1087 846 861 307 352 568
14 972 1014 509 470 1054
592 52 320 403 520 522
1194 24 613 932 868 823
743 991 866 113 971 584
725 797 11 105 865 133
582 129 462 418 207 920
59 869 294 370 1075 260
743 354 21 452 205 765
694 739 146 735 150 197
874 1118 110 7 717 585
573 1131 320 1044 113 667
1149 1027 410 930 863 223
706 602 293 1134 693 49
1070 815 1063 1065 1115 565
10 157 393 57 546 384
709 725 611 471 980 1006
885 899 236 840 1097 1041
1113 255 209 414 732 600
373 36 264 842 437 919
438 875 412 319 1099 511
103 127 762 582 626 192
208 232 702 652 106 409
927 758 143 623 960 234
661 165 182 610 1198 669
1029 529 532 310 978 121
719 1171 969 617 401 87
260 595 1128 1007 8 187
275 619 742 76 699 1096
655 522 359 722 826 369
208 1195 194 1001 1075 438
1126 891 64 984 990 908
512 526 66 405 1190 391
707 591 150 369 451 784
162 1066 1150 555 716 219
1042 399 974 767 371 447
216 101 218 866 901 807
250 63 1058 1163 190 209
911 253 587 890 766 134
210 838 490 720 692 34
810 519 1138 1003 27 822
997 121 1158 907 1195 830
689 865 866 917 111 8
566 475 82 1004 703 673
350 744 540 238 889 803
74 189 824 714 148 228
375 89 434 1126 915 391
1105 689 50 1092 62 820
1018 60 971 1166 794 704
438 774 100 148 54 609
357 924 536 89 429 123
729 856 1170 136 244 22
756 1010 295 539 557 563
480 610 796 367 773 341
590 16 171 221 269 1185
410 763 812 495 120 295
897 433 399 323 286 101
499 424 782 446 1189 771
1119 446 930 256 740 580
151 467 379 278 626 959
589 212 487 67 302 159
435 393 1113 559 304 879
653 772 639 877 893 787
1019 204 531 192 836 416
878 718 1008 1139 1123 170
699 761 368 647 917 750
221 734 749 147 36 49
831 680 417 370 755 1107
314 1061 5 304 619 291
638 65 808 102 429 262
1104 910 435 426 483 131
1186 156 213 533 597 230
1023 195 717 239 551 1159
199 790 247 857 427 24
812 462 746 356 172 701
811 1107 290 92 423 5
737 546 567 903 1088 49
55 590 103 35 820 390
479 578 183 240 1146 806
346 1081 1046 458 604 439
682 1074 355 118 553 1092
1095 436 494 428 1014 244
11 377 503 686 1067 817
257 1045 287 1181 851 579
436 897 730 123 485 365
975 188 553 524 542 676
1187 753 108 294 162 739
707 1174 841 1107 234 980
275 565 291 1169 502 1177
1130 819 423 935 442 954
292 867 412 227 313 726
625 217 658 828 943 706
652 90 524 951 136 478
458 1112 1154 374 285 495
472 926 811 512 686 677
1172 237 656 1110 1083 43
100 189 358 998 329 1011
999 572 1189 1144 779 303
404 235 1182 1098 380 425
360 915 1086 3 948 139
15 738 965 345 577 547
507 347 695 962 804 75
1173 342 797 551 338 851
152 185 77 229 371 1037
786 1191 1190 1038 634 761
34 33 600 973 501 696
822 1133 913 321 302 325
998 1161 132 176 1036 728
1162 372 265 360 363 376
651 65 394 1073 178 441
117 1117 710 85 482 1143
534 137 1142 252 1077 978
88 529 165 510 634 590
961 101 220 594 571 344
290 992 130 1071 868 525
872 839 1062 170 395 465
374 1106 331 950 17 633
874 778 534 448 353 968
543 87 37 557 838 388
715 179 768 883 808 344
117 1142 558 593 532 484
99 884 824 771 1076 220
1062 752 620 793 18 513
581 189 1151 466 587 305
158 424 999 149 1146 690
460 845 1200 569 20 816
599 1053 713 326 690 399
946 65 311 512 702 741
247 130 293 1177 419 132
576 244 627 273 837 759
725 604 9 54 1036 982
935 95 322 467 861 658
1116 146 157 51 958 1045
496 839 816 954 1149 538
523 1074 668 255 948 265
1199 271 1091 946 968 768
705 1120 483 376 415 846
986 701 748 37 508 166
782 540 892 228 385 597
284 847 692 35 401 1188
222 605 389 1160 818 990
975 378 184 85 1104 340
468 84 72 13 389 821
270 126 21 724 7 888
137 607 226 242 636 48
254 588 709 714 856 931
164 1136 158 737 1009 686
392 736 819 145 431 1131
747 615 533 432 98 79
997 723 893 119 44 201
1119 1133 1012 903 814 1180
179 227 586 1159 613 878
1165 301 500 550 1100 934
19 86 545 403 814 563
623 216 159 986 506 593
1072 857 635 215 844 96
203 246 801 1065 957 564
455 1049 50 108 661 504
943 902 649 859 461 790
988 366 1192 1103 962 867
488 678 818 987 1040 44
191 969 696 1086 222 1023
1141 492 131 83 1187 834
683 850 989 925 758 347
921 530 663 781 994 158
372 559 361 202 323 190
77 644 267 774 959 618
832 492 303 908 59 82
355 733 527 277 267 798
853 514 298 325 276 531
983 398 331 829 801 323
577 918 552 1038 536 3
747 542 334 102 1034 1049
1 47 723 833 42 537
1016 308 666 1115 1147 441
574 757 969 840 777 916
979 841 607 1040 666 144
1189 668 870 637 1179 122
1052 529 490 656 181 520
973 1109 309 182 1081 289
685 727 392 278 178 37
475 538 449 1126 1109 785
679 859 595 610 990 977
1154 1015 45 670 982 741
577 596 645 586 552 780
756 612 1060 515 829 122
787 1025 544 721 561 492
702 932 106 816 997 1069
362 906 283 1030 896 905
67 615 19 202 650 1167
1057 731 20 1003 631 805
269 1028 762 852 447 1011
125 317 518 1025 1042 332
647 520 364 1096 614 315
199 253 362 1113 945 169
168 33 1176 974 1151 1061
772 413 627 1193 804 468
789 331 956 1005 127 591
229 327 646 588 847 823
213 1077 1173 621 984 1077
246 1044 755 1170 16 346
1164 55 994 1025 1196 31
311 946 848 991 575 468
56 1087 792 90 104 517
757 1198 194 761 793 795
744 297 970 875 368 533
943 489 383 526 547 173
1048 261 935 55 147 348
56 1127 766 589 859 1069
694 729 513 820 760 1038
195 233 249 996 88 676
