278 628 906 650 90 806
963 1097 130 32 42 554
471 563 72 20 552 188
339 166 50 1099 170 356
705 733 871 423 277 635
86 101 583 718 820 957
420 565 525 1049 158 516
313 1140 616 1158 532 522
98 1019 81 911 1195 761
845 325 187 459 769 726
228 138 881 1011 690 471
878 1087 975 390 636 989
451 287 753 1085 195 466
113 127 483 621 582 306
1151 1086 381 447 474 871
25 290 620 385 190 70
1194 174 500 892 85 569
1176 180 698 1 1160 324
1108 189 389 161 103 1110
999 919 985 1022 567 141
852 1163 503 1094 686 746
237 829 713 1052 270 516
803 367 128 849 1005 787
522 784 862 273 601 515
207 397 539 822 753 560
813 948 232 903 357 1144
291 99 1013 1145 1038 553
477 993 541 531 357 1119
796 970 230 381 694 1196
793 741 235 835 732 1027
630 1191 35 1129 622 425
443 537 653 529 515 1181
638 1170 955 832 1140 163
1045 827 301 594 684 616
72 505 376 402 368 131
824 444 493 383 281 863
248 826 8 1108 754 117
380 675 884 1095 1081 156
982 731 12 359 661 942
555 294 965 832 535 119
464 120 374 398 698 772
18 343 130 347 125 681
768 1061 1199 285 866 1020
765 78 210 299 146 220
3 1067 1034 587 134 264
781 363 1143 956 941 595
518 996 943 1088 165 930
246 261 763 293 1178 268
337 953 953 153 3 702
710 559 771 500 414 462
70 975 631 468 323 122
1090 788 1167 712 403 660
1042 1148 17 447 1149 826
201 456 136 589 29 891
1009 442 775 1010 100 938
1091 568 790 931 193 632
1141 970 513 140 249 521
639 823 451 984 415 517
842 734 392 971 718 5
197 255 326 1092 15 1115
764 16 494 334 935 343
960 46 640 237 379 901
1141 929 614 818 663 1173
1075 316 986 1159 547 658
924 780 398 1051 1014 107
3 428 998 17 173 773
299 33 1030 884 93 1024
497 351 364 97 788 60
759 569 22 771 497 1033
912 401 728 536 394 747
355 344 695 275 245 839
493 508 253 1158 124 1093
628 816 956 1197 153 292
979 573 573 105 778 1124
1110 951 1024 288 320 871
294 505 138 88 430 1185
647 111 286 278 36 1183
880 827 58 100 411 625
505 183 1024 461 1006 700
1135 75 309 151 197 738
815 1192 592 508 506 844
113 332 391 222 356 348
619 543 485 507 624 867
300 31 434 785 479 701
876 750 68 992 571 16
752 838 930 414 990 445
401 667 85 869 669 350
778 1183 395 562 1005 1033
213 473 9 641 534 391
743 1100 599 530 572 1154
1023 531 634 345 441 745
670 551 604 941 1079 200
1113 332 1187 827 792 671
6 1049 808 218 177 1091
722 1158 1142 857 825 201
864 196 216 1057 66 435
908 561 744 624 670 148
825 1179 266 1197 837 38
1106 1156 929 898 188 933
896 413 97 688 836 1121
942 536 737 957 60 346
626 725 49 498 200 864
680 487 132 580 459 801
268 1195 214 44 269 499
677 93 343 1089 675 794
213 851 336 690 1136 735
782 936 327 914 692 1006
308 928 880 581 369 681
338 33 673 818 431 529
55 999 763 286 838 596
666 704 53 705 167 1159
697 349 419 1130 985 964
723 302 1166 1013 1090 243
840 906 110 424 575 194
688 1034 600 451 492 520
437 828 148 800 274 1178
314 737 509 351 1065 502
470 1068 223 41 26 1059
102 1065 113 20 104 628
500 798 209 363 1032 1053
1152 466 1007 625 1200 551
726 1154 1186 45 915 777
319 630 35 434 1110 800
739 940 675 763 487 62
67 623 30 544 784 1089
687 384 939 175 879 773
120 1035 247 1050 123 181
530 39 723 791 751 1168
652 1126 1165 64 495 651
354 923 44 835 381 189
41 328 1057 899 8 433
480 1018 378 480 511 64
257 16 1143 484 541 12
946 1165 848 290 593 677
292 1028 1123 512 266 996
563 1152 753 378 585 420
532 519 585 269 606 914
759 410 1185 518 345 780
389 375 722 22 776 1132
834 1136 650 72 793 372
1059 295 265 120 917 215
1193 751 1154 73 1012 438
696 456 1048 647 480 579
1163 454 104 215 369 443
144 868 390 259 407 74
386 795 45 472 552 960
332 829 553 271 69 376
509 908 687 861 847 285
919 923 501 586 720 617
1066 89 340 873 430 990
158 1167 1042 1016 574 499
267 361 1046 299 993 945
627 822 1 121 994 291
631 175 552 1103 959 1130
1172 161 138 678 194 116
366 921 872 1150 962 945
730 1100 774 1084 1109 164
1116 435 979 50 925 629
997 374 1098 720 107 1128
129 757 932 394 1183 393
534 1102 889 611 503 474
164 559 631 124 404 712
358 240 478 115 460 1102
517 1083 760 891 1131 250
725 1025 850 168 898 588
325 1138 289 965 376 933
1164 335 742 797 377 1
1120 963 856 876 460 874
865 436 959 520 909 629
416 160 86 458 818 1011
190 724 579 643 1182 548
1137 977 895 779 972 386
1046 82 64 889 809 641
419 23 750 1111 611 1008
978 371 440 949 46 1179
565 1114 435 193 446 691
156 676 805 877 1008 1126
621 856 973 1071 623 578
212 949 324 382 277 423
607 1170 155 156 318 1161
668 1008 418 465 421 577
1159 194 211 401 219 469
25 315 562 1098 1132 877
1119 207 399 564 425 287
1021 234 692 1184 66 909
73 582 161 920 572 804
1039 87 150 699 1139 491
504 858 239 42 902 449
1089 86 637 339 755 598
976 61 836 762 316 235
334 612 767 938 1164 18
860 1058 101 835 619 676
78 551 272 1059 27 417
123 655 221 368 1144 760
1175 622 373 186 967 408
466 929 1135 191 798 718
347 554 1077 1138 81 143
950 1135 1138 694 866 566
252 348 476 360 997 80
279 790 461 977 704 965
199 322 543 1109 116 756
419 886 289 1074 917 84
247 533 337 679 152 1056
412 567 129 227 472 981
670 593 714 801 895 951
361 342 467 104 497 703
716 329 283 814 239 598
365 27 947 257 1150 514
537 19 623 640 76 253
240 1072 674 221 570 524
707 732 1019 226 265 1015
181 661 1198 170 987 225
1167 39 501 1036 796 587
230 141 890 1199 96 143
634 853 514 79 915 988
196 344 1092 1038 599 1162
1079 527 683 491 246 256
246 1009 980 463 721 1194
358 555 1019 35 1036 506
707 895 1056 305 486 137
535 148 310 723 314 353
913 1069 1099 714 809 440
71 1122 502 514 326 286
796 855 939 991 253 1076
254 1054 467 971 26 160
15 107 87 368 168 592
626 719 1117 1078 1082 521
610 644 740 188 854 519
1004 176 907 636 772 998
177 110 254 479 52 83
1198 412 729 245 883 1041
88 886 144 1040 489 157
1174 1191 902 699 870 567
656 604 178 816 225 93
241 326 416 247 440 936
910 727 296 244 217 534
875 518 728 1122 1146 861
494 749 1005 181 112 1037
448 360 846 840 444 89
992 37 459 689 92 180
21 342 1036 48 805 847
711 910 803 281 399 1192
1032 540 216 387 1073 130
106 363 916 813 170 885
666 312 215 133 349 1146
128 565 132 1067 817 1066
651 1120 894 312 709 662
986 1073 192 708 1028 1122
232 76 900 488 892 523
1180 655 608 768 959 420
716 1109 752 1020 1129 981
323 640 203 208 385 1106
644 953 705 57 373 1070
615 6 14 873 9 819
1011 387 409 309 1065 1168
372 685 359 209 701 714
1180 205 721 50 501 307
472 697 860 84 24 805
11 747 82 258 349 566
862 274 1002 434 469 34
222 900 594 449 948 831
1153 178 263 807 507 237
340 330 573 345 802 308
846 233 78 666 1096 1118
146 1016 1017 917 946 939
341 163 328 1180 844 557
226 206 447 906 109 704
288 557 273 740 1076 610
1080 570 633 1150 1087 57
839 955 748 403 417 1007
53 475 427 224 922 119
319 32 927 346 541 1125
192 979 799 47 476 1162
841 386 203 731 399 831
521 498 528 915 814 926
1133 943 1060 436 428 400
781 609 744 7 284 1169
1030 1041 84 854 728 108
429 54 947 989 898 810
920 1079 812 546 44 331
888 142 1061 366 770 513
87 389 496 786 117 669
448 745 448 13 672 348
455 433 1112 524 486 429
802 1157 137 654 21 65
509 131 961 734 645 1022
297 586 352 477 233 292
1031 249 1131 969 313 150
462 17 301 954 1182 279
165 364 529 1165 296 606
187 483 633 1153 1127 445
1166 1174 791 984 848 648
1003 660 68 1062 13 1063
271 772 152 1029 490 67
304 496 667 1021 367 869
166 310 329 61 1013 560
598 110 717 558 112 229
450 297 703 486 1083 1047
427 481 26 4 95 488
169 172 1040 1119 452 114
244 691 837 280 661 239
185 350 1118 512 840 1039
341 32 499 1160 218 175
724 1121 549 1026 198 1048
442 432 690 127 438 352
950 230 973 63 589 266
115 716 1020 680 940 288
693 981 294 1125 469 890
633 240 581 1053 413 1063
49 1177 71 857 562 834
255 470 1095 133 261 1174
323 605 890 692 387 528
324 145 249 1184 700 193
874 242 563 582 496 794
764 36 564 999 708 852
410 371 1147 94 1040 37
141 159 897 695 988 75
742 853 668 409 842 1053
1068 740 1175 208 611 391
632 708 987 532 52 47
111 244 457 10 938 968
377 201 897 430 887 538
109 1055 473 213 733 79
220 943 538 970 976 1010
187 725 1153 233 1112 875
766 475 1062 688 238 445
433 1039 1155 926 149 619
682 812 1048 1112 485 20
471 839 1141 570 886 722
298 873 196 139 453 528
774 210 592 95 150 548
396 974 1096 115 710 542
55 789 870 282 1047 662
139 1187 607 1027 539 1140
251 494 80 1134 144 821
70 305 516 1000 736 238
715 39 963 321 590 28
51 403 1144 859 508 693
730 761 223 865 1043 799
758 736 861 601 1157 1058
283 1043 335 219 250 182
803 517 1148 117 1155 224
1021 1035 362 277 298 217
556 576 191 272 372 910
1088 1078 431 1186 1072 858
752 1026 715 597 439 28
1104 1161 62 876 74 287
828 918 766 1052 949 904
1003 583 787 912 449 185
746 205 1108 1139 1177 684
1038 492 263 333 24 833
694 810 646 569 1115 768
260 147 1111 548 782 703
226 533 904 845 952 478
711 270 316 356 887 327
1030 1124 1075 2 807 96
262 214 995 77 1194 547
298 89 591 212 533 868
83 61 815 665 658 1025
373 967 566 467 126 1095
147 678 374 258 1189 918
527 811 1068 330 293 69
1186 568 695 236 1041 773
841 668 270 218 776 621
1139 283 308 402 100 40
302 1107 735 819 750 1077
613 1103 173 105 347 493
1018 34 281 593 333 168
370 274 962 870 11 163
256 991 951 553 1055 7
817 911 859 1148 604 355
6 736 635 656 477 276
174 1124 162 776 549 341
468 1033 1050 775 600 845
312 1046 282 652 902 135
278 1035 673 1093 1162 484
997 105 1074 826 272 699
192 296 136 339 883 961
646 657 422 1171 1118 79
108 27 758 607 1015 202
1152 228 479 824 164 91
383 576 638 184 883 268
1161 702 1185 314 588 788
149 717 83 367 966 116
881 882 71 22 859 502
394 599 392 512 830 706
764 770 702 354 223 1147
135 667 525 260 507 262
738 19 473 1022 297 1061
1149 1145 476 530 1188 872
140 1101 1018 749 229 964
1017 580 174 1123 583 251
309 587 1105 1189 142 905
1200 1181 946 1127 864 804
450 779 1193 118 1049 1147
370 1179 400 463 320 142
504 29 627 94 465 1105
5 1171 1047 112 785 743
983 252 504 833 982 1126
385 485 937 421 1023 1169
405 85 219 284 1084 696
960 775 634 342 313 767
284 92 432 700 664 231
91 791 642 841 1034 395
780 380 1055 542 824 354
654 132 546 317 762 1082
145 1093 1086 453 1001 1023
474 926 1137 359 742 863
227 648 1000 14 1069 922
101 851 659 786 849 248
602 157 931 1054 190 126
262 808 829 940 12 613
880 932 779 1056 884 584
942 877 571 273 99 216
618 335 544 659 954 165
814 765 437 830 1072 483
58 642 306 66 937 985
185 457 983 336 816 1014
446 888 932 303 439 838
1069 783 995 205 355 424
614 158 43 423 127 179
183 525 1097 896 412 106
169 468 785 183 738 133
285 1037 928 269 125 92
43 868 438 300 974 1105
203 792 393 686 689 211
482 176 379 748 821 1199
1002 586 685 1080 617 443
166 913 674 809 360 1142
638 1076 850 858 591 377
1090 129 489 680 662 68
10 526 909 846 724 1001
96 603 821 38 452 1074
986 651 618 135 637 589
600 7 1193 204 644 733
1043 1009 1134 204 941 371
406 617 713 893 10 935
157 91 418 405 413 994
395 152 4 328 983 380
510 220 618 689 664 1113
212 15 984 1172 664 731
1087 925 615 456 404 1050
23 811 798 652 388 636
234 665 300 234 550 311
834 958 428 102 199 306
1198 576 853 204 40 538
1071 55 1196 540 33 1098
535 446 198 200 464 510
715 878 48 612 550 453
488 442 171 944 436 229
1104 125 1151 1189 1156 596
893 989 710 173 685 972
653 648 139 639 243 186
325 1145 1063 908 665 199
260 747 921 789 930 245
134 857 195 878 180 427
822 1017 406 98 790 658
334 202 995 1015 614 844
490 1114 311 813 1014 1130
77 350 777 1012 38 860
647 755 25 415 106 1171
366 1070 1151 151 1107 888
1031 214 370 855 140 1058
352 901 625 732 683 67
28 897 1002 98 134 892
1184 56 1121 972 169 41
693 178 195 712 256 322
482 894 545 601 1181 1070
996 774 921 1026 594 338
540 179 318 1045 1045 182
784 1067 52 422 584 154
1085 912 147 849 1173 510
1170 481 56 767 936 361
353 172 431 973 1128 222
307 885 319 820 1031 903
1123 889 338 460 544 811
677 707 993 806 379 118
441 31 1149 45 1083 903
331 1172 832 546 364 321
153 555 801 251 137 1085
151 575 793 550 463 171
189 1086 109 232 911 643
837 1125 1006 111 974 531
126 207 778 761 523 99
1176 1042 706 799 656 630
1192 956 336 756 424 744
304 293 709 210 131 432
944 676 679 916 450 487
937 198 520 167 63 461
684 1032 649 2 756 1064
470 820 608 295 114 988
211 1175 154 726 901 409
238 1128 171 405 679 885
787 872 758 663 637 1082
384 241 743 236 406 947
1182 825 46 659 609 653
1115 209 1101 934 579 980
795 698 1073 1116 121 322
243 51 149 1037 682 458
605 404 271 392 879 781
57 610 578 295 923 1169
65 649 176 635 1062 952
663 23 706 310 543 388
42 757 1120 1078 697 572
65 904 53 899 918 1117
624 452 80 727 1116 717
745 1143 952 961 248 606
622 1131 882 155 1029 802
1064 1127 378 429 90 729
1100 994 478 54 362 202
557 59 783 458 225 797
817 605 346 396 762 701
561 1178 503 1173 60 696
397 831 1104 14 1084 95
545 754 1132 935 765 709
729 823 987 571 455 616
1114 815 155 950 179 182
1146 678 560 1094 263 24
418 842 526 108 948 407
48 1007 365 843 711 1191
891 1000 766 5 1051 674
603 559 186 741 267 77
393 896 795 1142 537 660
596 145 852 1117 136 905
649 924 542 730 925 304
645 490 265 620 807 976
351 641 549 1054 162 1107
556 69 907 321 315 411
407 1160 934 627 383 1187
1003 37 465 1099 913 425
437 561 495 481 639 235
475 31 47 388 318 511
691 971 833 914 574 54
353 495 414 737 645 455
643 749 595 1001 511 683
492 966 1060 977 303 686
650 612 124 327 900 49
375 597 1044 482 159 94
865 1080 259 928 97 1004
595 719 980 792 289 1010
782 920 162 1027 748 966
1088 344 866 669 227 755
400 848 81 713 590 311
1097 290 76 167 681 177
968 522 421 1102 602 1094
241 82 305 526 944 990
800 620 34 615 320 1052
969 59 812 280 751 329
894 362 1025 1066 1111 228
556 118 402 441 597 789
242 609 874 819 1077 887
398 1113 828 489 426 855
369 720 978 879 103 734
43 506 184 279 875 375
114 276 969 62 931 119
581 760 754 206 1091 1044
975 422 75 1190 1096 454
998 1101 307 51 1168 808
122 154 102 63 1029 982
719 863 382 673 252 927
602 11 1004 797 259 851
40 143 578 978 21 454
735 58 1155 264 1016 992
682 365 577 197 1190 881
804 382 584 739 524 671
410 519 291 1134 585 958
554 128 160 657 954 303
810 302 4 654 568 317
626 823 444 1197 899 905
672 769 927 843 577 464
907 850 416 629 264 564
411 1164 1190 103 967 933
632 317 484 337 958 1075
1188 159 539 771 301 1156
991 1051 390 603 333 121
250 357 426 924 968 8
1188 957 1064 123 397 590
74 18 13 255 523 1012
282 315 806 88 498 545
757 869 1176 1200 746 786
146 457 574 591 867 1196
847 854 439 1092 221 783
642 721 1071 964 30 1106
769 426 657 231 30 231
396 547 739 1177 1081 122
1044 867 2 224 955 862
258 934 856 236 59 759
415 672 491 267 588 513
893 558 608 575 275 90
843 261 916 408 1137 19
882 1081 340 1157 29 242
836 257 9 1133 36 1028
331 922 770 687 655 56
962 1129 1163 184 1136 580
536 417 358 646 1166 777
727 741 1060 275 671 794
919 527 515 1057 613 1195
276 191 254 217 408 172
1133 206 558 330 280 208
462 384 830 73 945 1103
