1154 971 542 377 1031 543
148 1078 398 191 486 601
261 447 12 136 208 73
1153 983 116 389 948 586
421 377 1133 861 1050 346
887 1026 1121 559 723 910
760 408 178 163 566 867
697 55 962 569 66 161
164 562 965 187 909 1177
300 894 353 52 856 710
1053 653 545 484 1143 880
503 355 305 497 876 149
327 439 351 101 1035 725
558 847 272 117 233 555
238 1096 1126 358 175 245
1027 1138 1059 493 410 243
920 290 1016 844 1189 474
1153 628 741 78 266 805
16 269 258 1065 54 545
891 343 511 28 300 463
991 217 1064 702 964 119
543 721 706 37 316 982
103 401 872 1136 287 280
670 1170 561 1105 198 501
160 1002 1131 119 604 42
531 977 999 579 5 1101
139 695 489 578 418 962
947 870 1156 48 560 140
1166 705 428 812 4 197
359 833 650 885 585 776
1155 800 356 651 370 849
1056 466 810 954 26 1113
52 940 55 782 6 762
1067 96 1074 125 101 414
380 352 598 41 1149 176
677 966 1149 130 570 1047
833 1094 545 956 46 397
693 781 747 331 347 807
785 250 756 1187 784 1031
719 1003 1140 1109 961 767
1110 274 468 1034 202 982
532 27 1090 45 370 196
263 350 827 517 976 694
639 449 185 1077 988 507
75 330 1133 633 13 587
297 775 307 480 1062 1188
958 179 784 761 224 318
537 1135 589 202 383 157
364 838 574 689 15 108
475 668 626 8 716 1177
131 922 644 930 7 786
746 396 917 488 605 660
169 975 1174 505 625 1123
1160 1107 928 737 974 853
319 831 438 1002 40 82
305 932 1018 362 616 511
524 717 1020 556 1030 627
1130 1061 1200 43 105 359
325 74 769 675 1194 433
408 344 1 1053 906 608
726 996 173 223 874 416
756 898 369 1 68 668
31 346 907 1105 1185 939
669 951 542 451 680 920
631 1152 967 459 491 960
874 835 476 948 878 6
342 1036 472 334 1186 665
847 792 840 828 621 59
525 606 10 256 836 1057
789 35 141 333 204 286
124 921 950 47 748 763
397 332 490 1091 431 487
1196 429 212 349 946 1007
272 107 1118 1138 933 592
495 968 477 483 486 1038
118 814 957 530 108 1046
219 271 557 1158 484 745
550 991 1116 119 945 56
455 27 388 752 221 417
1035 946 1085 984 406 1008
826 299 1015 497 566 375
829 529 549 129 661 114
209 646 3 280 1063 216
1042 291 424 673 685 67
886 745 544 501 412 1109
927 749 1007 76 330 281
1082 155 1101 24 368 789
625 889 1001 841 442 301
1084 656 178 738 725 286
1012 122 234 829 1164 1152
667 192 445 172 73 751
597 161 169 981 576 92
228 1139 810 407 736 679
479 315 67 870 634 289
269 399 232 1095 1020 1021
588 1192 543 688 970 863
924 514 985 156 159 439
701 564 241 464 961 1078
1153 979 468 239 440 884
1011 84 254 754 738 312
241 602 279 1084 1059 742
1065 60 647 699 386 571
523 495 916 812 50 1010
268 72 273 1068 97 712
171 342 849 331 1048 209
1189 819 932 809 168 1072
411 655 309 1150 921 571
830 499 1154 1102 204 462
556 938 788 1049 1199 973
505 1176 782 1125 201 93
1127 284 564 642 222 1132
385 941 384 265 45 752
527 440 1119 676 306 879
1093 654 1045 945 920 901
297 718 736 800 181 925
526 837 541 678 299 528
824 522 95 452 103 1054
393 178 683 9 1079 734
1044 245 632 864 710 1020
79 133 721 98 848 1073
1178 957 334 1108 1161 733
969 1117 443 563 1073 329
942 102 927 203 259 984
474 58 990 714 203 1103
142 890 196 1190 113 302
86 1056 977 569 747 768
705 422 139 517 636 1072
124 1024 400 697 104 61
959 516 999 315 888 63
714 799 273 1163 220 408
88 636 445 933 214 295
1052 365 361 311 581 590
826 917 1120 1151 292 34
553 260 911 908 808 470
941 181 547 1029 419 11
520 499 1027 42 648 1044
387 454 413 703 89 201
751 49 857 338 1016 985
403 123 109 296 28 1086
457 540 20 38 38 965
514 504 110 45 37 872
890 986 1104 740 619 258
1150 687 923 199 410 287
1082 817 422 622 90 757
877 1075 532 647 218 764
917 205 1181 671 600 321
420 1058 387 502 704 159
729 481 1144 806 126 252
272 952 768 217 191 891
565 670 1063 264 546 726
894 432 146 731 238 374
53 837 851 455 326 1170
771 94 473 85 881 396
1050 417 164 993 574 114
428 767 435 263 314 712
903 415 115 885 781 549
728 296 576 690 841 53
412 420 565 1112 1045 1200
778 934 362 1031 591 140
953 155 1070 1019 815 294
1034 611 766 520 238 1197
612 709 292 539 931 582
637 148 165 1029 20 521
1028 1098 618 508 148 44
716 659 1102 69 1178 1039
183 59 1093 1006 892 903
1137 116 683 773 304 432
715 270 599 30 703 786
308 110 261 620 645 1098
897 566 618 13 1124 47
464 384 634 1137 692 866
97 1160 807 577 573 43
541 976 452 69 1190 654
692 998 819 162 524 359
282 1176 1122 1016 485 719
729 419 1077 746 451 192
177 645 674 31 561 205
823 2 145 780 775 968
356 388 284 1186 851 429
593 159 265 895 488 460
834 33 454 832 603 508
361 373 199 182 192 599
774 26 297 111 1141 328
731 211 373 562 475 349
1118 551 223 507 330 822
21 1018 249 912 1094 231
942 560 973 1023 611 498
822 494 985 423 392 120
147 568 823 787 363 898
1051 875 632 1097 32 1097
844 440 437 784 843 1157
952 81 4 596 693 899
919 1178 361 443 667 558
866 1039 1075 662 638 1072
427 247 1143 1060 312 763
807 1100 588 1144 337 1061
1179 1014 327 197 1125 146
972 473 362 319 993 332
432 355 255 389 635 100
381 478 155 770 975 66
842 275 515 969 257 535
353 772 253 130 1022 87
263 1152 1085 1191 247 691
91 798 322 65 678 758
1131 1173 976 1099 1189 546
386 936 30 405 94 166
213 113 459 453 303 107
1049 56 1196 646 1006 1033
1023 524 608 30 167 348
289 43 1098 1124 471 990
185 383 971 171 1190 288
1173 320 694 378 210 591
678 927 87 1103 344 600
441 456 309 790 979 765
416 842 1064 62 473 658
512 830 813 1087 413 762
799 713 888 151 1055 1074
206 505 1037 328 895 174
692 766 415 1146 861 1186
988 369 26 1126 40 816
450 858 592 1010 1132 769
869 282 567 278 755 763
814 1159 252 174 365 324
1082 465 1138 366 886 1180
834 174 1194 307 977 207
746 1091 175 856 429 609
782 1154 995 563 521 743
376 1081 699 633 467 730
278 1039 190 718 458 1009
308 899 668 211 336 200
143 1062 1121 533 65 1060
154 358 555 480 540 195
198 36 1017 323 404 98
435 535 1041 245 657 291
1050 339 357 1040 1115 34
351 621 1017 250 14 1088
755 68 500 944 492 614
1167 254 553 672 523 1160
235 1063 909 224 134 915
483 25 487 233 136 708
740 987 380 317 317 486
253 1148 766 583 55 347
151 811 607 426 478 165
161 40 1157 961 315 176
434 587 1089 925 1102 185
669 63 760 198 1 728
56 1032 237 395 1080 247
643 1172 815 1127 654 138
14 1068 989 574 1034 112
1069 158 171 3 343 666
388 684 702 1086 72 674
518 370 554 343 691 471
1117 118 279 8 803 348
926 1162 10 616 664 528
422 970 371 774 495 894
767 313 1134 491 350 200
706 120 836 606 1169 539
904 1195 95 823 446 469
956 395 17 911 240 60
16 1093 1095 243 243 652
157 753 923 340 464 277
544 1142 414 1075 707 319
950 1067 264 1185 1069 992
736 853 651 821 1083 980
914 216 132 1129 570 772
962 459 902 940 748 144
462 542 427 197 246 15
1142 195 664 972 44 232
1001 306 582 548 652 95
644 306 828 436 930 99
630 798 713 1002 805 448
938 1040 391 828 135 339
1181 730 904 1148 780 526
561 81 837 419 572 1130
1110 1071 193 1021 999 236
393 163 1018 1120 550 1112
822 389 845 827 903 222
1057 219 632 966 951 935
966 276 1000 316 1069 407
916 1122 158 176 845 1170
642 46 845 426 943 769
601 229 62 467 1026 76
890 955 465 18 530 393
864 959 231 75 727 1107
138 285 449 881 604 935
580 1077 993 357 74 882
151 973 955 690 516 846
144 1179 498 803 994 538
105 258 624 479 1126 761
71 755 949 513 13 760
986 37 204 484 891 586
735 526 124 942 872 1155
454 783 170 723 437 871
787 1083 255 925 121 1099
409 945 431 842 293 657
854 1125 576 93 450 32
857 374 14 795 580 889
848 445 617 856 756 401
363 183 310 575 62 1071
139 210 801 994 855 1106
90 638 704 385 737 610
29 983 189 681 1116 956
1141 647 89 868 832 839
153 222 646 1105 74 508
75 1084 164 896 84 376
835 367 540 906 732 679
165 180 1131 649 538 213
1079 1030 1006 579 220 802
896 1086 1004 285 633 918
483 838 662 1033 996 199
869 626 1009 547 288 115
309 138 288 687 1104 444
527 214 1081 184 135 1041
150 734 400 887 351 1135
859 100 1013 142 790 177
145 479 411 905 436 126
998 280 1162 913 1184 1188
1054 166 1106 814 878 57
518 1066 496 860 773 809
121 889 905 341 131 747
947 735 109 521 329 978
900 1188 750 649 1168 658
1197 724 515 969 594 569
666 88 1159 533 425 457
22 559 481 846 788 342
571 520 883 1025 594 399
1183 1113 880 338 16 959
825 266 794 277 557 225
741 489 321 150 1114 360
829 152 156 375 105 643
1041 44 750 84 451 410
375 952 1092 625 1090 522
345 1108 690 407 397 3
996 900 215 1151 902 514
934 716 425 423 195 1038
1064 635 914 273 840 128
879 282 501 1165 466 444
299 249 108 1100 1030 535
701 1014 1129 79 877 771
168 275 447 345 1146 188
621 626 827 402 1157 640
112 468 699 967 686 123
852 307 421 1148 57 374
995 381 547 1104 806 18
71 251 1048 1042 934 613
184 436 1168 928 687 144
470 130 605 1062 398 390
651 300 862 49 1181 940
310 1191 577 341 731 406
70 686 205 91 800 284
266 215 1196 268 438 835
680 1182 236 676 1195 567
188 70 764 583 567 446
964 367 9 850 1021 682
1011 705 346 1140 1088 620
325 612 1046 35 1128 876
276 549 841 997 901 676
926 594 589 944 759 295
1135 281 72 322 458 960
683 704 739 918 776 733
182 283 603 141 1052 190
467 1165 1171 631 267 276
874 1118 469 493 790 291
711 268 1055 24 2 974
372 821 611 711 850 208
715 168 1058 386 681 512
770 1166 80 531 212 257
949 1036 90 933 214 754
860 510 131 762 780 522
1022 619 1193 791 539 937
664 229 761 39 111 86
992 489 798 1187 4 974
529 277 125 954 637 726
92 480 910 1048 170 127
913 54 590 1080 1192 476
1023 1115 210 502 873 110
235 585 377 326 980 584
142 926 1071 106 880 671
317 390 1193 796 783 585
601 20 227 628 791 1122
777 1078 66 1197 610 1151
1065 854 465 364 915 334
1180 262 858 617 572 1113
134 249 9 264 797 289
147 82 669 96 415 490
560 336 714 150 251 851
575 741 1161 579 637 1182
70 260 573 141 439 759
402 363 234 624 590 559
783 1175 695 12 989 166
873 1121 1053 1004 882 1180
1012 1058 818 61 77 339
877 839 866 873 971 831
92 682 937 492 901 293
437 167 1172 936 427 507
722 303 774 1019 1128 593
379 958 792 987 1079 173
657 424 53 819 1022 682
78 1191 302 335 225 132
1173 1183 1008 1001 221 893
808 477 51 267 1097 808
831 188 918 446 337 923
641 938 658 639 191 679
1015 701 496 765 1032 817
512 834 1198 434 240 825
1087 606 950 534 936 963
310 887 739 126 1043 497
634 449 846 596 274 870
302 534 115 924 341 538
636 259 1194 843 765 394
776 892 61 986 792 1182
132 795 23 347 381 327
725 1055 496 757 615 506
58 797 536 365 320 100
1199 655 544 77 899 912
551 242 209 94 352 513
779 791 376 957 836 349
595 1080 847 487 593 1014
367 417 820 1066 431 345
1171 602 884 978 1198 922
49 65 202 627 160 116
400 236 1027 1004 541 1184
33 1092 1043 793 551 27
1184 414 411 281 532 698
102 738 638 1005 677 461
219 709 260 336 871 246
270 1076 337 562 702 23
354 642 802 711 859 232
460 404 1000 378 103 680
482 598 712 244 279 186
434 1047 184 46 51 1081
758 557 1090 859 453 320
997 471 357 696 546 158
304 1155 231 810 22 596
83 1166 1119 313 41 1139
742 387 413 1061 1005 149
1129 729 494 17 643 548
655 510 612 206 924 1083
744 207 366 536 875 932
825 536 675 371 1114 156
700 552 221 50 1038 152
353 757 693 428 622 614
409 660 482 133 614 586
313 328 79 213 97 673
909 274 452 563 1040 33
355 177 864 366 122 394
228 862 212 329 254 324
78 230 311 904 785 982
753 255 85 713 717 564
640 1010 928 863 1164 1046
883 503 433 898 802 350
80 910 230 1085 953 80
360 1045 696 608 789 1162
173 661 392 677 630 385
442 656 1200 252 1146 10
60 316 187 304 550 456
418 265 149 519 490 127
854 599 1163 172 175 652
1193 134 457 875 850 476
301 897 230 494 963 868
863 958 398 118 812 203
207 372 963 861 50 650
354 915 111 1147 663 7
727 992 978 989 1150 675
981 190 803 461 813 502
101 1195 660 617 426 1158
732 848 1025 1087 312 775
629 994 438 685 990 403
700 591 509 186 235 1032
991 1028 287 796 1198 322
228 93 421 1112 589 405
314 720 87 86 1101 25
1147 988 833 575 987 216
442 1145 1054 1076 929 154
1000 768 817 519 881 1024
709 719 137 1037 1089 1192
826 1158 794 688 152 220
194 753 885 406 433 801
844 907 773 11 460 947
455 955 1187 107 865 796
121 648 1127 1074 1119 809
290 1067 373 382 997 425
777 453 644 183 1036 527
19 1013 378 609 29 865
2 1145 140 1107 954 1177
906 855 785 395 286 348
294 1132 661 401 1009 102
533 511 242 696 1111 641
686 595 323 472 815 607
356 196 1115 648 493 34
554 271 916 860 233 555
35 227 717 666 639 448
1145 578 172 568 816 18
298 267 472 1114 525 420
298 855 597 338 613 689
752 333 572 1176 217 722
893 32 967 68 383 129
1070 1172 194 99 224 537
888 324 170 244 1133 748
1171 6 248 610 879 1136
984 607 749 29 554 858
435 201 117 441 123 662
598 371 565 581 623 305
1057 67 913 1137 1042 528
631 444 77 76 96 1185
1025 645 194 1124 867 929
723 500 558 485 19 36
1167 821 689 1008 340 758
778 902 127 1026 1019 582
516 11 391 240 458 1015
182 5 1174 1141 786 482
335 838 311 799 1068 117
120 818 584 805 160 650
663 788 787 441 895 1100
694 548 1047 946 513 577
136 568 17 981 602 135
403 1149 1164 1142 943 629
1007 294 896 1024 772 953
1092 921 944 269 106 519
510 681 578 663 326 931
504 1044 28 382 893 399
226 318 104 912 256 840
1059 804 318 849 23 1013
744 137 180 732 908 695
806 965 157 595 949 200
1012 259 943 1005 344 1051
852 481 270 778 223 8
905 629 764 1108 779 1174
715 47 876 865 193 998
698 728 665 133 1033 1096
226 1169 1051 89 604 1076
771 1089 206 811 1060 147
83 793 1156 189 584 739
931 256 635 1111 951 698
402 390 298 649 456 580
749 968 911 509 146 980
623 48 478 354 242 470
667 22 592 1056 69 5
964 673 1037 623 153 1139
290 671 706 368 688 939
21 423 552 1070 743 128
883 506 824 1049 886 466
979 941 750 1043 770 104
1088 740 622 534 52 64
820 7 708 262 59 114
368 250 1168 443 162 24
1130 396 707 948 1120 537
672 430 244 153 919 257
1017 1099 707 581 616 352
262 939 553 392 1066 720
1183 447 15 730 314 843
587 919 529 301 868 379
237 908 106 99 292 659
162 718 81 1163 154 38
39 867 517 474 430 853
605 88 463 703 743 296
1111 515 323 227 448 627
189 922 530 271 1117 31
737 424 41 684 475 852
960 914 878 628 239 745
143 972 293 237 720 36
180 781 674 615 331 801
518 818 308 620 613 759
491 734 573 857 525 653
727 285 241 1169 1156 900
735 382 975 724 332 804
394 122 937 51 1095 229
710 641 225 380 619 1128
556 630 169 321 1094 983
71 492 283 1199 167 1028
125 234 218 461 724 469
364 1167 653 1003 897 794
691 588 1136 295 1106 450
1011 531 278 48 795 930
1159 64 19 1091 39 91
523 583 113 600 670 58
211 360 970 797 1123 57
777 830 128 1116 1096 340
640 187 409 391 418 597
499 1165 208 603 1103 83
779 412 163 697 253 85
226 506 186 708 463 609
477 261 816 1147 1144 218
862 929 1134 63 109 21
333 145 416 907 656 1073
672 509 488 1035 813 1052
404 871 372 754 892 1179
869 659 503 615 1123 1134
430 73 722 570 1175 379
179 303 143 248 624 811
884 500 283 335 248 485
824 793 181 684 42 1161
215 358 405 935 721 742
1003 839 251 1143 246 552
804 1175 820 12 665 82
1140 239 193 1029 1110 54
462 129 275 832 685 733
384 504 995 751 64 325
700 744 1109 369 498 137
882 98 25 618 112 179
