1092 1034 1174 344 419 923
1126 931 486 1193 1040 794
255 255 135 108 882 489
787 1028 299 454 1133 177
19 211 494 347 483 708
614 343 1078 313 972 796
479 966 37 337 893 31
23 1075 1164 262 1000 526
149 340 667 303 689 795
647 630 1166 210 211 804
1137 434 496 853 84 573
103 1047 458 231 36 1108
79 958 796 561 19 13
213 140 301 639 1142 980
1042 129 585 354 53 139
1138 460 732 849 646 566
358 1022 286 1021 624 1061
870 429 349 860 105 507
1159 103 520 429 822 313
134 678 1071 392 1172 110
860 171 1115 551 896 327
212 1124 674 890 872 902
212 631 58 1186 337 701
869 114 118 387 1064 264
915 87 1180 872 974 945
203 278 1158 918 965 256
846 35 402 368 126 929
609 737 926 425 906 293
847 49 789 749 910 607
894 92 306 919 1115 246
1090 929 605 1042 584 332
1181 263 1183 160 1185 288
782 1186 842 235 780 1134
212 220 1106 992 109 171
191 1003 115 559 1071 601
292 381 167 793 510 1148
1007 155 1119 638 979 982
809 329 1188 645 700 800
309 837 424 957 177 1070
1138 349 997 896 396 394
947 877 1128 332 460 572
662 455 591 586 878 277
326 976 1047 896 409 527
801 607 303 68 464 813
750 802 1012 345 727 515
488 1106 465 953 781 798
995 598 268 438 1181 800
275 721 870 844 1083 754
642 1010 14 758 121 309
656 985 316 96 683 415
806 881 592 135 711 738
751 677 11 920 454 280
278 564 387 224 1110 147
850 544 152 678 977 156
1154 56 427 906 72 130
895 600 371 857 336 767
293 1050 670 122 1188 1165
379 68 248 871 237 168
644 288 790 335 411 1017
922 1086 356 654 642 580
165 728 194 1173 238 80
146 300 456 821 1007 425
1122 837 514 1085 1063 213
290 289 226 880 238 109
592 862 637 105 982 408
536 789 715 810 145 602
447 1062 504 665 372 1192
366 714 497 700 1108 486
1159 734 1156 1164 232 1185
1098 651 956 941 13 66
791 115 193 1009 125 96
206 374 324 583 907 436
644 353 661 164 778 918
51 456 558 377 69 1194
244 917 398 525 473 957
466 659 1150 888 766 567
382 278 1045 438 978 666
123 817 695 383 158 1080
934 215 315 195 1074 836
181 181 114 1099 576 612
289 808 238 219 129 647
30 629 250 271 214 136
233 290 702 1069 389 1005
608 869 803 552 988 413
1136 143 1083 1048 197 914
325 687 1151 578 1036 704
510 134 981 245 124 859
254 497 320 450 937 321
855 900 593 314 304 163
841 822 127 1001 497 345
178 930 6 269 625 777
1180 595 444 627 582 1186
241 463 490 929 316 748
1120 1073 361 505 1028 1133
207 405 715 748 1045 1166
295 838 628 263 701 331
324 280 61 451 718 1143
185 687 201 668 1114 698
834 672 289 334 496 481
703 191 623 1082 733 418
414 60 323 112 493 525
823 158 615 762 10 931
836 538 346 709 335 986
854 380 1147 562 235 208
1174 413 780 61 994 123
367 319 251 716 1158 255
480 374 615 939 205 116
359 244 977 410 845 117
705 359 1137 973 911 851
1118 484 1154 611 67 624
981 86 231 503 589 355
244 144 89 99 627 39
883 46 320 768 862 472
886 78 792 1199 985 1044
703 199 66 673 1057 300
454 897 57 188 773 735
910 459 1076 1019 434 654
1018 378 221 452 287 1145
431 42 407 449 690 726
876 387 815 88 944 1159
1074 430 628 745 843 200
160 452 538 1161 760 354
76 986 839 658 33 23
984 475 921 785 511 570
178 880 1021 120 1125 629
405 661 166 1032 1129 935
1180 187 504 218 436 584
21 221 259 426 809 193
230 1195 1113 225 472 485
846 949 802 352 953 50
245 581 893 154 1183 1177
958 875 618 142 227 663
397 441 455 435 1110 187
82 184 1029 487 1046 1052
1002 49 230 395 785 1117
1168 198 800 1092 731 587
1175 234 1155 606 491 466
589 563 57 824 550 1060
192 650 936 17 1048 834
709 440 109 1109 741 592
268 541 77 91 351 881
965 865 1089 1075 689 980
833 1111 904 667 1156 1031
906 93 1090 209 893 362
1030 186 716 101 674 339
749 130 865 461 1089 1055
1053 155 1156 901 94 463
862 326 37 1115 965 892
1059 41 408 1178 527 1052
653 586 717 661 242 16
274 69 859 1072 270 916
1124 652 74 834 343 64
476 990 216 482 828 248
178 210 143 406 851 581
974 1015 990 473 1072 505
304 1094 813 1146 607 36
738 1010 1134 402 635 629
1190 401 467 691 707 472
380 651 875 107 202 746
656 962 1116 1030 265 892
83 566 506 779 848 591
1097 277 331 610 1056 476
135 594 599 897 948 1142
853 776 805 809 198 606
1072 391 381 1064 1088 983
877 223 1110 575 9 28
1041 243 675 114 775 825
1029 60 979 138 73 108
142 76 676 578 291 1026
1152 555 62 1097 757 1006
909 116 830 845 239 706
843 482 422 1011 140 543
1167 1035 792 27 296 743
598 500 235 1120 729 530
769 650 271 940 1062 605
1189 608 575 361 1060 310
940 394 752 63 491 1182
989 679 513 298 369 1175
321 1109 1144 797 664 1036
718 341 462 371 719 124
563 726 825 1086 1132 285
2 131 333 705 445 325
523 128 334 867 12 484
1169 540 1198 480 259 380
990 1116 43 818 80 19
537 75 1096 323 604 280
547 273 757 886 305 173
652 422 395 168 987 179
795 34 1067 155 1015 229
83 553 942 982 417 1184
973 879 866 416 54 633
812 348 1020 498 209 125
344 545 490 857 597 500
1033 42 308 818 374 921
811 448 963 1153 955 1081
249 683 1177 772 77 799
329 148 1058 267 443 370
288 3 621 999 961 641
319 672 480 1040 743 1148
292 1171 868 233 219 991
1185 637 590 1193 784 351
999 93 782 856 746 686
257 633 855 865 712 589
396 1118 483 347 732 430
1161 1087 1172 512 122 88
199 431 447 65 560 856
994 138 740 717 184 1140
937 918 100 426 643 23
116 1036 883 1084 634 451
511 416 29 531 603 433
58 526 844 997 475 956
694 1032 764 195 790 437
189 976 816 551 594 964
1012 548 625 79 307 1145
42 203 572 300 110 854
162 532 595 541 637 654
260 508 256 819 25 722
520 715 754 266 550 739
909 228 662 465 1088 1009
542 403 524 1160 52 588
101 925 856 253 936 963
249 159 87 968 456 603
816 1099 923 69 604 866
1157 803 932 21 258 1001
755 225 384 778 1135 1104
743 739 697 315 85 545
165 791 1046 777 963 345
924 530 78 234 1165 84
890 370 876 224 295 294
232 878 192 693 431 284
1189 462 676 432 540 1050
167 377 835 282 947 1068
175 1093 768 76 1026 217
646 529 28 1199 301 1112
264 4 475 534 1153 8
509 675 1183 590 358 1176
106 815 127 671 1191 452
311 635 322 514 937 950
113 420 185 571 786 1023
429 201 1127 619 640 653
500 30 62 483 329 273
600 531 386 88 1123 931
887 1081 307 817 544 731
1003 904 873 236 729 494
364 1116 1101 735 74 479
1182 1145 1111 209 952 759
236 47 56 14 740 174
108 1155 71 505 243 450
1070 605 196 1138 305 281
324 424 643 409 401 922
162 901 100 753 31 1024
728 621 348 73 954 161
310 496 1031 1000 18 688
645 477 196 699 1023 367
642 721 998 414 849 55
1114 1041 225 157 33 188
820 1080 133 964 323 262
657 327 70 394 173 1067
357 347 1061 1140 555 1123
576 92 201 955 1143 713
1082 32 52 136 495 441
1043 1130 375 1161 446 619
1119 1055 297 1195 833 185
38 51 316 613 218 723
977 942 46 85 836 962
824 864 193 772 781 694
539 556 804 922 405 339
120 1062 348 356 306 15
154 771 247 1026 630 685
24 132 231 556 506 971
1194 640 318 1005 643 402
729 378 647 1086 541 47
330 925 50 245 67 1163
487 368 487 825 163 501
211 509 523 974 1075 1136
522 736 46 1053 308 58
425 776 1093 127 1135 597
107 852 1091 717 163 998
967 899 432 451 153 302
554 297 97 851 372 261
602 984 682 1192 1178 1194
105 564 328 908 944 698
444 81 132 631 440 443
1151 991 1190 474 783 60
141 1148 688 966 250 66
751 777 384 692 765 763
927 771 1014 353 983 95
95 266 202 939 721 1011
1083 612 170 32 1044 898
24 281 941 685 820 624
26 385 586 441 724 762
614 689 35 744 814 591
39 248 699 1059 522 188
332 722 147 610 439 383
562 574 992 1112 1033 946
153 92 873 582 82 724
1117 620 1147 1163 260 652
957 569 16 1027 1197 315
874 967 815 420 673 712
535 1168 613 799 568 847
601 996 930 622 121 1091
599 680 660 242 167 1171
1155 611 619 352 65 669
779 446 895 527 20 97
691 808 11 819 1142 537
503 504 868 436 794 40
433 646 765 860 445 191
861 417 365 354 430 1166
294 294 282 326 770 466
824 385 1033 1141 858 44
448 1014 672 710 264 866
889 217 275 312 916 598
322 542 360 823 810 751
240 516 711 495 172 761
296 891 701 1044 779 1027
574 767 827 984 820 432
969 18 141 692 375 170
1079 885 907 1004 272 693
1162 151 151 41 1020 829
649 899 220 59 1179 760
657 707 112 750 582 1170
268 596 835 993 501 632
169 863 747 754 638 277
415 808 603 882 1102 27
1100 1167 1077 498 439 850
786 639 788 759 573 159
538 489 563 306 199 170
410 415 599 533 738 1150
149 2 912 408 682 910
366 657 734 998 1069 81
617 362 1049 758 1025 930
148 908 814 470 112 894
1022 427 1188 1198 79 358
565 632 210 1141 1121 71
20 85 53 126 662 493
183 182 270 47 291 478
469 473 84 252 1045 55
269 147 810 241 281 447
45 752 428 1113 488 905
240 128 528 143 1131 207
804 959 1004 841 920 298
54 1122 1037 1019 846 1200
959 389 660 533 1078 620
617 239 710 969 681 1191
274 641 34 909 752 253
887 1146 1113 1 611 1068
863 365 621 416 43 1065
730 494 1073 265 725 832
406 767 821 469 420 1178
727 1096 989 1119 699 766
70 952 16 189 618 314
902 215 958 1017 11 627
1079 1128 517 649 336 449
850 552 636 393 461 491
190 1046 655 517 660 344
38 873 229 604 554 152
602 183 539 764 1016 312
968 831 1123 392 728 548
1073 575 219 955 44 164
1063 1122 516 115 794 1003
265 1163 761 205 14 352
252 437 136 572 766 412
639 230 935 1098 706 365
966 1037 713 422 144 579
849 401 1014 737 908 349
636 669 1190 901 841 364
668 1103 799 887 166 720
994 1134 325 796 173 845
40 561 397 314 25 567
216 48 1196 546 1070 1082
1066 455 375 1027 443 467
548 124 1039 549 130 182
498 975 934 471 202 395
232 760 1024 838 757 355
1048 214 446 464 336 561
626 397 318 55 338 1020
106 522 122 128 811 907
299 547 658 775 1051 648
228 858 623 638 558 467
702 915 379 94 1049 1111
228 723 104 725 1120 570
900 1032 48 853 426 5
634 532 4 616 1038 435
303 559 258 27 338 350
144 1061 327 666 971 146
1181 384 693 183 1006 409
805 1080 961 321 724 312
615 1108 121 343 287 1063
63 67 726 148 77 78
150 507 94 1184 1065 251
342 342 1157 507 214 884
90 682 521 20 686 28
251 556 960 1130 1105 687
119 154 1103 680 1121 1104
222 913 698 634 884 739
874 655 243 175 1107 1171
952 740 169 366 287 871
477 400 928 1131 217 917
532 581 194 542 192 181
927 1047 74 1100 648 383
903 1013 391 769 1051 1077
1012 1158 784 861 847 1039
832 290 780 461 912 478
547 1182 838 12 176 361
330 905 305 465 911 763
485 149 34 111 948 954
571 250 1124 858 194 585
482 714 891 733 573 70
852 499 888 564 450 261
1030 665 1160 1008 459 1067
949 681 526 359 528 885
50 1199 1039 382 1132 1088
802 812 972 30 719 205
1127 813 328 772 279 17
787 764 1179 696 878 470
189 399 664 1081 162 677
442 877 462 261 899 1112
864 369 292 488 285 357
86 376 690 894 934 208
798 1153 392 1096 1149 266
73 513 613 690 57 515
45 684 492 254 960 926
363 667 399 206 64 1152
919 936 536 403 304 1125
152 2 1101 1043 635 686
449 35 1084 731 400 338
950 350 684 22 99 4
317 902 286 442 946 257
101 560 935 1176 223 398
91 695 749 262 1057 649
340 514 921 172 706 1196
390 879 340 516 744 97
1147 1104 914 411 773 761
742 423 7 1140 239 204
1187 529 182 1085 145 867
747 995 1114 519 535 659
938 842 1058 369 1016 683
428 954 594 577 723 227
1087 932 790 310 622 549
817 1132 788 1 762 150
279 941 933 879 43 1095
628 580 574 1125 916 99
1053 1023 492 904 663 131
655 559 1035 771 222 331
964 104 341 975 746 670
389 153 535 495 296 437
732 552 714 503 385 56
1168 1054 484 793 177 783
190 1018 917 1056 545 533
6 665 356 975 1097 404
797 382 616 10 673 17
565 213 513 753 339 139
1150 1017 24 822 926 246
51 885 579 584 912 301
257 534 453 843 988 1130
159 1000 1100 237 1001 1029
1195 98 176 285 1043 1151
368 1133 337 1093 1170 3
588 1025 471 198 831 645
7 1136 951 276 812 137
141 1054 787 626 197 150
220 203 869 549 400 118
830 631 275 524 518 797
190 653 140 26 9 206
839 223 388 587 656 697
833 886 37 999 334 90
381 736 131 827 890 346
204 748 59 1105 370 521
1079 284 823 546 477 98
1031 1071 137 439 242 460
1068 911 1191 610 1117 1126
1005 470 536 951 1144 221
333 868 463 801 274 640
197 577 725 650 734 1109
9 59 788 1022 445 468
98 317 518 969 821 782
861 1177 1118 781 1057 15
413 1165 216 104 1126 351
166 674 499 53 260 424
174 1035 427 404 502 848
419 54 1090 502 1137 826
283 457 272 291 218 95
980 702 102 1101 1054 1052
41 49 612 741 270 996
29 939 1085 511 38 412
855 870 113 705 320 378
892 881 267 1084 164 1002
889 388 1050 3 234 1157
117 1013 318 246 172 68
932 227 597 107 588 200
72 976 562 273 342 1197
1025 7 949 295 398 1002
355 933 707 160 756 798
464 829 33 943 733 388
557 309 5 478 1087 168
882 1065 418 132 568 1095
828 1074 644 837 681 983
774 852 282 1192 521 970
593 258 950 606 468 570
741 481 1066 945 736 1169
237 1037 207 25 175 418
704 200 364 363 953 224
805 967 579 102 614 1143
6 87 485 530 252 423
960 448 985 697 179 63
898 576 996 519 888 1066
271 566 580 914 307 778
609 1127 442 18 995 947
971 360 469 593 519 1016
1167 737 373 668 924 871
241 938 622 854 872 96
1040 350 372 1028 962 528
145 353 553 459 32 407
765 233 792 857 925 773
718 826 801 48 676 989
529 1038 377 828 1015 247
919 276 670 39 102 874
609 1006 474 138 1024 663
590 1013 747 1152 770 157
371 1076 524 658 157 1018
970 626 129 1060 146 72
583 457 111 675 1091 421
509 915 1102 156 571 596
1169 1200 876 458 86 664
1121 742 1076 125 880 379
745 81 176 942 335 755
272 1189 680 923 1008 322
404 1179 775 816 40 433
569 1187 308 554 169 106
286 330 479 103 390 1187
632 1139 267 474 156 709
795 36 180 770 913 21
5 236 531 700 978 1103
920 15 62 298 229 333
111 341 1011 317 601 835
938 259 633 1107 1105 685
226 512 840 390 319 620
468 1154 557 12 1141 1144
641 186 807 895 688 1162
719 411 1034 900 1175 363
226 785 783 988 515 755
830 978 1010 1174 406 557
133 10 492 196 1139 776
829 44 71 158 867 666
558 391 284 577 679 65
565 583 61 412 1129 1078
179 184 22 730 889 22
174 75 987 346 551 711
786 493 986 195 180 884
283 486 302 142 943 481
458 793 297 759 1200 832
712 83 722 710 948 490
393 758 1056 386 512 585
898 501 555 293 263 742
546 844 671 596 616 502
91 831 774 842 134 75
944 457 373 1102 1021 789
393 444 133 970 537 951
625 376 671 539 940 1172
973 859 113 981 703 848
1092 695 696 64 623 249
403 414 222 1009 313 1106
510 283 1173 875 302 119
750 913 840 839 753 803
1094 905 139 1095 713 1184
727 1004 756 151 1197 1131
45 1164 1038 137 204 744
421 118 943 818 806 165
119 253 311 1176 696 959
362 396 946 1089 215 814
508 987 928 120 553 299
52 708 1019 883 826 694
453 993 992 82 80 903
864 208 1069 508 677 617
171 769 1162 161 247 13
928 730 543 1059 357 1049
1007 678 1041 578 186 763
100 376 827 523 476 1149
567 89 774 1135 126 93
993 630 1160 471 435 540
328 31 123 807 520 254
933 360 924 569 407 90
410 720 927 811 806 1149
956 684 29 651 499 991
187 269 568 1098 438 117
961 807 1058 386 423 161
669 399 1173 587 1094 525
735 544 256 560 421 26
8 891 618 550 373 1099
784 1139 756 600 453 1146
517 972 819 692 434 720
1170 89 745 534 428 708
240 110 1064 679 636 768
716 595 1196 791 1198 1042
863 440 1128 8 945 1107
1034 968 543 311 1129 1077
897 367 489 608 1055 691
1193 506 997 648 979 704
276 518 903 279 659 840
1 419 1008 1051 417 180
