91 272 748 839 889 339
771 710 36 343 360 486
142 539 583 135 543 921
275 1061 355 453 496 184
293 398 394 521 807 348
746 66 176 457 1151 1010
558 640 1116 826 915 877
580 488 368 1085 818 327
412 567 739 625 452 48
1092 500 1185 695 297 1054
1080 930 779 343 561 904
214 750 153 769 926 744
1019 516 1040 1164 1055 45
205 29 266 104 990 1095
324 31 103 11 647 629
1157 210 113 924 859 449
795 754 248 553 1172 885
967 320 537 117 530 830
820 385 857 99 435 933
592 1069 419 1120 785 824
108 375 55 750 568 1001
529 292 336 619 24 633
186 8 793 408 836 1198
1145 759 1110 300 307 33
571 465 165 128 155 356
644 900 132 708 913 865
1032 258 1086 369 278 638
984 548 116 899 590 501
448 53 204 260 1054 682
1169 370 642 922 1115 282
983 354 1077 951 741 353
1173 560 427 396 60 9
290 143 561 573 691 900
64 488 511 515 860 1146
902 827 599 472 121 214
428 472 749 1175 336 834
878 1188 34 261 1000 182
629 835 584 1026 639 683
126 785 949 826 277 181
713 230 1151 62 913 332
1139 409 321 928 56 378
95 264 304 500 257 467
139 857 148 1082 24 477
414 873 846 437 1181 319
311 1104 671 657 343 1017
1199 581 1131 547 676 312
734 950 891 1190 213 1186
712 71 1116 1195 316 933
804 406 773 1126 462 2
653 805 669 1142 1051 678
27 467 143 82 505 1150
901 257 1180 1158 455 1100
483 762 330 1010 970 1018
1133 232 519 799 381 1198
784 816 225 506 86 291
433 1149 201 1119 264 499
163 1178 806 247 650 1047
6 906 708 1066 1046 414
751 1009 708 478 369 1078
10 359 793 244 363 886
728 662 1032 55 734 729
620 310 526 865 226 528
1072 1162 1089 1176 849 273
731 846 762 934 268 811
893 101 789 1068 721 381
325 236 748 556 559 1030
1122 210 33 677 743 526
1095 1028 1138 577 1123 269
992 652 89 1036 140 919
807 222 710 611 264 432
1197 456 951 130 378 557
125 759 1097 695 54 960
822 689 414 378 299 873
981 970 169 796 976 552
62 968 720 719 207 1155
20 571 538 955 68 847
1199 194 549 713 102 907
933 825 815 948 585 80
68 225 781 916 765 154
133 583 960 1025 730 586
693 718 19 410 830 925
388 702 839 892 225 915
902 256 73 537 227 1090
768 738 738 825 529 44
103 384 426 728 1134 689
399 208 627 1043 142 316
589 1017 405 879 576 960
443 898 912 949 322 663
214 290 838 200 655 720
448 527 263 917 756 166
1115 267 160 259 211 491
1142 102 1168 865 1109 1147
1002 886 53 1094 1152 122
829 841 8 1139 172 623
666 776 220 587 9 814
1137 823 963 622 450 1192
918 270 957 833 1057 1035
908 995 1051 697 588 514
16 655 1166 1064 1119 777
858 990 390 731 1088 1069
175 498 387 844 744 994
679 134 300 868 1020 619
754 78 618 994 588 390
401 210 147 221 407 1048
251 404 715 320 284 158
437 646 46 20 852 58
1055 234 73 237 303 894
454 367 520 1089 545 270
306 741 966 469 760 659
1178 280 127 764 377 166
4 1003 460 853 332 115
1189 401 1173 217 516 51
920 698 714 787 245 147
855 162 277 699 356 145
1140 358 908 239 362 49
396 362 461 777 614 1008
801 185 1112 624 597 736
625 423 726 568 506 1081
823 170 430 732 884 341
999 656 962 536 660 371
161 669 617 988 596 284
580 978 656 426 1018 1134
143 338 470 244 1200 938
404 1165 700 658 298 748
538 183 809 959 221 205
1039 1074 318 709 4 37
308 1163 688 732 1011 841
745 593 176 305 38 1106
1046 5 211 652 455 879
344 1177 941 418 502 306
1053 854 28 59 1103 53
47 1105 774 610 91 839
861 121 1098 365 544 1187
501 1053 446 303 382 1176
285 797 357 871 55 87
379 117 542 119 1109 168
1186 513 611 543 350 309
79 357 724 941 397 386
259 293 581 1117 719 298
690 444 1194 626 271 90
410 267 850 894 1125 36
1155 628 679 227 762 707
792 1049 415 1087 981 41
313 471 690 189 355 36
1064 890 131 435 1083 739
399 186 278 1114 375 942
679 540 614 553 909 425
1167 234 747 466 121 1112
178 727 368 1042 897 636
802 917 1144 123 387 1081
261 390 360 380 230 719
928 510 22 428 1041 541
631 958 82 1087 659 589
200 563 887 666 224 1118
956 1043 1096 763 134 1155
903 180 991 267 188 560
497 289 1194 591 761 117
389 1071 291 733 508 1129
684 222 246 442 296 1070
998 1178 1005 711 246 392
391 310 746 271 730 153
1060 353 1006 511 819 1154
1124 62 16 767 65 549
168 997 898 1036 3 573
528 664 109 1194 704 245
489 69 127 286 973 169
518 808 759 701 18 747
1062 96 902 465 126 373
582 1 1023 391 1132 752
864 600 1174 474 1028 551
69 1111 986 1000 724 1143
813 799 216 1153 237 234
654 520 1021 1023 161 1189
389 1059 252 535 1089 670
215 994 1197 651 556 286
827 1094 767 800 737 32
709 940 965 1030 579 925
832 1137 163 580 1058 685
285 481 73 192 313 588
1128 224 1014 972 5 874
848 1189 914 648 12 385
869 239 106 1141 569 555
803 948 778 421 118 613
791 352 834 238 436 621
199 1190 369 667 54 607
611 701 434 547 1136 940
70 1052 279 542 688 50
1 705 1130 317 144 1055
204 792 1141 973 1068 619
647 340 485 1024 323 632
1014 816 206 38 512 71
509 188 446 114 952 1195
1103 769 993 780 394 21
980 665 297 1022 436 1002
489 240 1184 21 280 694
766 131 629 1175 822 770
423 23 315 569 597 262
177 884 457 867 881 249
796 80 1040 630 219 844
548 939 247 1070 539 724
1174 1037 1154 308 956 1181
1156 1049 1092 944 209 1035
871 453 1042 484 891 100
796 710 1118 519 255 669
208 468 1102 101 1143 474
379 251 484 290 208 567
279 1142 50 929 329 683
79 54 543 328 415 775
805 705 482 64 999 1115
362 1149 758 795 137 1080
20 926 1050 716 699 755
490 607 333 58 817 193
480 331 995 713 509 880
704 1106 691 41 21 787
511 1069 72 1005 1124 658
30 835 936 84 911 130
204 334 184 393 701 418
477 1126 76 1111 14 388
363 586 25 282 536 110
510 780 424 1027 202 111
829 859 536 1102 1033 70
860 598 752 578 196 40
1043 635 417 1199 497 915
1085 624 229 663 888 465
584 328 774 223 61 1093
15 859 158 896 289 400
198 486 680 384 565 1103
119 684 684 591 371 503
336 74 107 277 992 129
92 137 399 1009 345 355
757 803 148 827 675 276
637 893 1065 42 174 222
641 660 88 479 39 991
954 671 149 109 961 405
342 896 998 687 565 533
692 135 78 715 1179 48
215 357 131 52 513 861
1016 1165 966 703 313 354
856 1182 239 145 1163 136
1006 901 1108 242 604 138
253 1113 1094 979 649 263
408 1086 520 707 1001 463
851 473 1127 85 736 144
179 718 180 639 479 618
753 481 1074 252 1130 460
337 393 790 195 788 1016
905 638 845 628 1185 1161
886 993 1030 740 181 853
32 44 110 791 386 439
644 45 332 1100 985 733
1170 275 984 243 968 345
328 212 1151 871 58 422
794 260 95 622 814 600
1183 837 340 571 625 856
858 691 85 162 272 509
45 3 866 529 304 818
125 487 810 852 370 392
112 197 306 1083 781 206
775 815 836 585 765 615
108 642 948 329 1076 1065
1171 1021 1128 445 1175 78
751 315 548 1076 409 531
67 151 729 342 427 1083
516 106 418 493 2 1002
232 936 1084 376 454 398
661 539 910 61 157 958
1099 459 988 280 373 706
791 648 944 842 1136 767
627 882 1004 477 125 112
491 772 467 91 269 141
1190 645 760 1061 735 1073
256 869 87 875 79 289
173 949 532 931 1066 38
855 1020 57 75 544 570
476 1045 1067 145 56 453
751 671 1036 575 94 707
1044 621 1006 939 874 682
953 1169 481 202 1110 560
1097 969 445 341 1016 258
337 870 468 473 668 103
887 875 763 613 250 523
522 413 1033 537 1022 845
406 27 1195 775 122 1144
840 903 374 1034 635 1129
638 292 324 693 799 1161
63 179 126 824 601 575
1130 971 173 385 171 634
1157 530 136 300 438 535
228 165 96 1123 442 921
566 952 471 534 732 229
983 183 609 618 361 97
326 1156 914 737 367 1063
1063 594 139 975 711 327
256 743 941 187 1058 937
668 199 454 92 832 221
501 616 218 946 28 370
1037 452 805 475 111 271
614 433 450 579 167 96
594 977 1060 645 599 642
911 13 250 243 847 262
281 195 690 745 643 583
757 558 7 240 1044 403
153 335 761 608 645 872
201 1148 980 93 606 877
100 490 1187 159 459 307
287 955 1054 978 238 211
95 124 517 675 993 1073
156 365 788 782 365 1135
396 406 283 1196 48 1023
678 692 188 118 695 562
982 198 831 1145 1138 899
770 379 965 71 980 729
570 84 806 655 75 285
39 223 18 929 196 1047
867 1025 15 1193 1090 212
361 798 49 793 1027 461
2 848 927 1188 958 877
94 1144 434 782 12 1114
297 1191 266 681 281 123
190 603 101 499 934 674
910 597 124 577 687 241
189 794 817 1143 879 779
534 735 367 821 890 653
674 595 344 1162 262 377
105 809 51 564 863 192
1120 935 197 1156 703 1183
279 686 574 1198 10 66
932 734 1160 996 411 795
164 517 451 90 412 329
1049 909 1012 698 660 665
347 420 67 437 957 151
930 709 978 352 587 1056
29 383 667 889 441 595
768 643 139 282 386 347
594 80 1122 494 988 1097
216 384 443 1057 309 1063
943 1113 1153 42 326 897
1010 969 609 438 19 598
144 358 620 1120 696 854
722 346 1005 521 458 1172
66 1104 65 67 191 46
524 992 944 43 1077 299
292 551 574 955 848 14
506 198 1067 413 1012 1078
219 697 777 442 589 968
820 609 740 63 216 321
1176 213 579 907 99 1096
688 339 200 694 1041 466
52 973 178 350 341 828
717 646 440 295 887 407
334 1060 361 831 637 1191
192 923 764 229 372 962
213 946 196 402 531 231
1098 3 363 31 293 598
191 205 88 99 750 692
1073 1150 301 578 478 17
75 391 23 76 405 1160
1052 11 986 1167 931 29
1171 1003 10 677 61 1004
686 186 996 152 203 717
957 43 215 1026 895 138
569 1117 932 113 381 823
1152 523 858 487 181 723
1168 187 1020 554 469 119
907 154 610 1042 702 653
778 742 349 970 602 6
648 258 997 547 233 350
447 892 976 896 330 634
138 602 678 339 923 294
673 64 977 716 1137 482
228 1067 917 979 714 982
989 760 505 576 890 1031
462 895 626 294 800 68
44 412 376 295 783 983
416 940 242 540 462 108
1001 931 567 878 866 592
572 532 133 1074 959 1068
398 635 1180 59 392 927
1171 1153 821 550 631 1113
722 819 574 107 672 626
1111 133 682 146 1179 801
586 1107 19 112 478 702
657 590 1173 851 862 157
808 551 1181 593 260 37
480 502 942 50 129 908
456 154 240 833 964 1186
533 572 1075 463 203 1107
9 773 116 725 194 159
809 696 825 373 309 333
18 244 261 429 545 1013
318 1187 124 171 26 475
542 1117 449 187 177 476
604 1079 725 1027 790 491
883 650 869 475 1078 422
979 918 810 633 283 104
170 668 582 557 1000 568
943 1050 788 600 850 644
698 987 656 303 177 190
231 1096 974 331 168 464
727 525 845 861 346 903
351 403 816 451 206 160
997 1159 1015 1047 241 841
920 846 953 302 311 557
1121 498 40 496 1062 628
623 141 107 28 700 1122
830 218 105 685 1070 515
961 76 493 843 1011 74
94 885 182 227 951 913
325 603 959 527 314 743
659 17 522 1057 814 565
546 1183 525 700 525 1022
735 922 323 1162 906 753
504 725 851 476 141 882
97 1048 945 238 435 1138
1008 774 929 826 31 1009
359 505 812 114 113 717
966 974 402 1145 613 160
259 947 242 566 1008 765
1136 595 1040 471 686 982
784 146 752 151 756 12
503 173 834 254 233 634
1003 157 1110 518 893 298
140 426 34 472 1163 305
1092 608 209 1109 1019 450
658 876 273 504 148 804
35 696 34 452 132 572
72 919 52 1039 431 1164
630 622 314 150 649 844
276 480 164 25 681 555
451 1025 432 425 89 190
631 894 916 1028 693 77
1196 57 632 348 1125 335
888 739 43 371 601 524
421 755 1165 201 248 1169
1123 474 963 687 1014 100
758 605 1085 65 218 245
545 1088 1034 746 1004 550
837 455 726 217 1017 56
1099 134 24 912 605 935
268 900 428 872 723 319
397 786 521 876 122 441
457 458 784 315 224 322
33 590 641 681 383 1118
312 317 1052 1058 275 142
93 219 302 615 1059 523
754 657 1105 603 837 706
676 935 1033 964 254 1108
364 552 349 212 1007 789
878 1015 853 510 1106 439
786 716 1037 13 1099 346
835 512 883 165 674 170
17 81 446 778 632 549
1034 872 424 172 307 616
855 333 394 1149 128 276
337 247 764 1011 636 731
498 1182 164 555 1160 1121
985 243 383 640 176 460
961 1158 1200 818 311 697
868 1072 508 443 228 340
37 873 335 937 174 828
647 672 408 1192 26 1164
819 486 220 13 1114 923
466 149 278 723 388 1166
22 368 1015 140 899 744
352 664 840 422 999 1135
783 419 172 420 559 179
652 776 25 84 470 918
773 492 1200 128 464 564
556 1108 193 334 464 942
802 1086 415 1154 1065 897
1141 728 231 789 459 811
473 733 1045 967 321 817
235 654 203 70 32 1084
86 1038 444 910 310 1105
403 984 1075 152 643 81
266 1177 604 924 606 1148
927 1192 563 1038 554 990
939 93 863 441 1135 429
807 304 147 889 904 794
570 1121 874 1062 4 366
269 15 1127 252 436 387
758 779 163 249 366 230
849 602 546 1168 132 868
423 255 431 60 998 7
497 351 742 937 98 508
1101 98 911 1091 1013 1157
766 287 11 461 916 417
974 312 722 1061 274 738
1132 299 319 495 364 251
727 345 561 287 226 675
593 838 135 1170 689 718
582 612 771 704 761 372
167 1039 82 445 496 1048
104 291 1140 449 747 1150
1166 1029 578 847 250 1081
97 30 989 146 257 854
592 694 912 288 898 364
552 965 235 1133 479 409
316 416 162 185 115 149
945 115 870 254 1082 616
1188 22 768 411 995 129
314 1059 757 880 640 429
797 14 226 382 857 438
584 798 301 1046 322 182
120 404 515 171 956 1053
1112 402 417 410 16 430
862 670 1147 439 606 47
749 637 494 217 742 815
156 926 981 411 484 499
673 996 577 1131 938 986
824 155 905 954 662 195
623 120 353 1087 976 74
202 680 469 920 736 1102
351 395 1147 797 1044 527
650 318 485 111 601 347
81 1032 1133 763 331 617
639 1029 42 822 482 780
828 114 875 519 1077 706
1191 431 1100 756 963 233
483 1172 870 1095 1071 35
348 581 237 1126 502 677
636 977 562 374 787 876
666 395 945 517 670 776
605 344 400 150 270 503
468 607 833 274 646 772
489 366 882 550 83 447
407 1007 161 241 46 705
106 1119 972 1090 987 155
630 338 947 495 782 905
676 836 540 1196 624 265
284 1127 116 8 507 432
420 1031 120 180 667 661
325 458 248 7 447 712
862 26 864 906 274 891
866 1050 880 770 413 820
1107 302 1134 463 812 562
921 932 60 838 320 1132
651 338 946 806 1084 546
553 380 236 77 533 530
564 938 541 612 514 92
801 714 49 1056 317 1158
608 535 35 901 730 456
721 925 922 324 771 813
87 1161 1029 253 1116 235
808 232 840 785 382 273
617 563 253 440 783 305
856 904 1051 849 268 1075
495 685 991 72 1 89
811 374 41 197 649 375
425 178 492 952 953 5
236 83 673 184 1071 255
786 842 591 90 59 534
1093 492 183 919 296 804
263 57 1072 753 356 1174
1080 156 909 1093 490 470
683 1056 288 127 483 541
599 924 884 596 23 500
1184 792 294 265 1148 372
150 962 1197 249 860 308
167 419 1185 444 1079 1193
440 1193 715 885 493 975
27 330 220 1146 703 1091
1064 169 726 1177 790 166
359 105 507 323 612 354
286 301 1182 152 1024 798
1140 1041 281 641 1128 191
852 975 380 494 504 936
741 424 194 651 514 881
159 575 989 969 130 850
538 721 395 665 47 987
930 888 193 1146 1018 246
30 720 829 109 766 175
883 137 954 1131 102 358
389 812 895 967 813 831
621 615 448 749 1125 1139
1184 522 610 513 1098 209
881 1167 185 360 526 711
98 434 487 672 327 663
1088 914 1159 832 401 416
518 772 207 39 864 189
199 77 158 1152 654 596
1024 397 1031 524 633 272
1179 512 421 554 326 810
1013 740 427 430 123 1021
802 821 393 118 1066 892
376 781 843 971 377 349
1007 1035 1076 488 950 803
295 528 972 1045 507 934
223 296 971 737 699 544
576 1101 964 867 985 175
1180 288 433 842 587 863
950 1019 662 620 532 63
664 1104 1012 566 88 843
342 110 83 69 174 400
265 1159 1129 559 769 40
573 207 947 712 661 531
6 755 1170 1079 800 283
1026 1101 1038 85 943 51
558 680 1082 745 1124 928
136 627 1091 485 585 86
