632 826 1192 731 1060 1018
250 345 187 215 35 678
727 891 261 761 789 72
434 327 308 704 107 203
1094 902 425 467 324 204
1055 626 1110 1139 889 878
1086 696 102 589 402 8
784 289 396 603 958 33
75 563 258 1075 535 127
571 92 153 255 252 108
147 533 578 855 26 831
881 905 791 238 559 1010
705 1191 739 36 677 295
844 925 443 1108 800 201
541 585 317 1074 344 96
88 404 400 635 1090 1102
64 44 548 499 182 256
518 708 987 245 405 320
81 965 953 605 1178 1113
1107 808 1046 467 904 659
626 231 398 628 546 491
916 849 593 401 529 1050
343 493 194 989 34 1145
882 1023 737 867 981 305
505 469 81 254 163 1073
155 306 193 740 560 1088
201 313 295 17 1077 882
354 381 936 89 327 850
238 703 956 341 284 891
206 976 615 850 990 244
881 624 1167 717 629 580
1 783 377 871 268 179
462 126 711 1139 437 710
681 1098 427 1133 1111 177
905 403 938 589 390 1067
1180 427 1089 1066 863 53
78 550 354 440 738 617
449 419 773 266 37 1182
1190 490 286 265 1031 928
1078 666 792 743 665 692
775 1066 582 34 639 1047
69 992 1024 583 931 950
195 969 479 831 874 372
516 1166 456 718 1118 143
965 748 168 627 750 990
976 571 1096 288 1106 52
835 746 924 1042 73 817
1036 2 250 1041 216 40
1011 733 139 798 647 619
91 748 579 561 100 797
493 1083 938 683 948 129
329 784 144 593 1051 917
770 15 1187 260 217 299
339 816 117 350 639 984
309 907 642 758 30 758
308 55 994 93 547 812
674 453 251 969 23 454
525 135 412 1085 608 526
1092 365 82 769 468 80
578 256 204 1048 616 860
228 197 940 266 1076 472
307 1107 754 978 328 676
862 430 335 29 176 219
732 1028 465 912 625 1163
329 66 911 781 152 45
419 606 438 1141 926 847
51 828 289 5 851 400
95 543 893 763 396 998
553 1150 839 335 383 811
52 626 383 958 1161 1198
552 549 952 701 64 768
621 1169 376 201 695 421
1033 915 173 822 728 1115
1120 48 136 503 142 1169
596 301 823 742 629 187
1123 37 439 1003 52 684
1095 206 375 661 538 351
8 1138 130 870 12 395
390 518 939 994 928 405
327 962 858 595 973 17
461 712 508 343 795 977
4 3 663 894 584 747
476 1200 166 296 913 741
1048 1082 790 555 1193 910
512 60 483 185 380 917
397 351 444 157 776 478
809 1172 624 29 244 1184
141 25 303 124 664 453
574 608 754 750 202 863
1128 1063 228 499 771 923
897 1068 579 1092 70 979
362 373 136 1051 1004 166
843 428 120 604 51 103
614 1077 433 333 1087 1170
1093 220 678 413 945 65
637 1175 957 462 570 846
509 675 330 782 85 1056
1146 714 1147 1035 241 962
228 10 252 7 1108 16
1109 425 360 720 11 657
36 662 559 934 929 444
1080 787 879 954 770 693
698 1188 850 105 1136 569
945 434 1035 196 92 133
356 424 188 213 1171 1011
778 38 573 1030 908 677
386 554 959 962 125 1136
1050 905 321 233 99 43
699 224 381 376 752 782
247 1184 126 190 310 385
474 67 804 853 310 1100
269 247 510 648 756 829
112 120 768 310 1045 370
1012 1015 925 915 753 92
1105 760 622 1153 1027 304
995 432 146 444 538 345
637 1032 10 642 808 1098
151 1152 131 217 613 980
372 813 894 669 984 16
216 1193 1116 530 1156 586
986 198 896 149 947 496
87 1101 1092 95 564 734
212 363 734 177 154 720
1089 801 71 1016 489 161
322 937 671 1177 432 550
109 246 1121 1043 191 747
833 795 198 50 951 715
213 140 767 773 240 644
180 510 1139 1129 249 1176
607 1118 620 1132 1146 853
947 799 1021 568 1056 129
543 342 27 220 1098 1003
1161 794 314 464 558 949
854 890 1070 1079 656 262
669 248 232 48 932 106
1181 795 526 278 827 870
760 293 750 312 1185 186
7 845 10 54 368 405
759 12 1043 480 454 355
45 288 360 571 1014 630
154 1163 831 749 763 1185
928 721 103 297 729 30
1014 1164 455 995 515 1066
1175 1020 118 231 88 164
1089 924 1158 914 898 361
1030 1182 775 124 930 766
986 718 1126 694 1149 959
1151 240 709 956 829 189
581 511 4 282 734 815
509 211 195 704 255 490
14 848 1087 124 558 644
443 900 83 892 1017 494
919 62 1150 194 582 149
277 104 714 548 532 1165
939 315 296 1135 174 1056
209 732 683 741 942 907
1196 847 1002 205 190 640
761 875 394 756 152 495
1197 951 507 470 798 482
1161 757 830 222 839 305
412 572 111 379 992 482
512 236 908 852 352 1101
11 57 364 494 837 604
1015 1086 1166 199 861 793
5 474 615 585 616 133
885 420 555 520 618 680
314 859 283 253 42 733
868 418 411 71 1064 1147
1134 371 964 1127 281 3
1018 791 702 260 113 1057
147 998 611 886 982 1119
38 387 902 837 1171 692
169 282 418 418 987 884
294 24 254 14 1173 1122
1075 588 813 167 1060 933
1158 774 1074 137 162 1069
1143 132 753 1179 1145 819
821 656 1029 475 888 380
779 1040 74 948 409 128
28 963 504 249 337 68
843 1163 109 537 544 53
757 319 399 248 304 738
416 911 906 211 778 121
1105 573 695 1029 182 379
941 920 1168 816 752 373
1170 612 622 1191 896 922
142 667 584 708 719 211
338 527 681 972 1055 506
185 519 268 740 39 1081
606 446 93 755 397 122
793 242 133 374 695 160
370 534 525 957 875 338
642 175 1159 221 127 137
1080 658 591 97 98 341
804 1183 32 704 1146 532
498 780 227 378 226 712
508 1110 643 865 197 388
1012 429 842 1068 84 138
805 628 287 1017 551 489
13 895 63 1199 177 636
890 659 598 1169 261 77
22 927 984 279 115 1017
652 508 916 930 613 943
775 138 170 340 692 1175
1099 1200 1144 309 562 949
1021 394 796 1059 441 1040
1133 691 772 104 179 457
34 713 749 525 389 1190
1196 494 270 202 897 975
779 524 273 378 824 245
6 523 633 851 691 417
553 393 934 1000 1138 238
300 762 422 714 836 24
848 943 80 1173 903 328
87 824 1110 48 306 428
673 1067 970 690 618 183
654 19 209 646 43 331
265 785 1138 195 647 1132
367 257 159 363 676 333
941 711 285 63 662 326
827 929 487 480 567 322
234 1088 627 86 611 544
1057 227 461 617 1124 564
263 818 1028 1155 26 675
833 321 973 129 348 368
819 504 311 313 291 844
234 974 123 803 716 1005
1185 4 371 235 690 275
1008 595 1024 744 1085 75
634 342 459 138 790 1001
479 1079 1038 696 650 903
55 576 475 387 1027 976
679 1183 972 643 967 204
527 579 21 356 180 1071
276 588 398 668 175 50
325 903 789 614 622 14
619 1020 594 9 602 470
628 426 715 348 1070 762
78 225 412 964 906 292
1065 982 605 706 772 643
587 321 819 141 1101 518
882 660 385 590 698 664
483 889 1111 623 225 229
978 700 1016 892 578 941
320 98 820 685 1137 966
167 555 221 553 641 468
879 838 787 254 285 657
134 1023 1059 685 1076 554
430 921 840 106 864 15
807 1041 267 877 399 1186
688 20 970 432 66 460
1187 1182 181 193 919 361
311 694 729 1002 300 885
1008 1130 1156 1151 1026 210
727 884 812 973 1153 918
442 344 526 274 612 298
827 961 952 226 368 2
233 479 1107 769 594 837
576 759 408 1007 273 1129
19 136 1082 534 638 996
272 85 609 492 263 1041
991 392 153 501 680 515
295 325 253 1070 561 561
567 1090 276 334 798 940
516 315 212 802 887 895
391 369 1113 410 208 272
736 702 1183 663 902 1197
1115 693 564 534 409 949
1154 803 388 200 1186 753
609 970 299 1076 171 823
459 181 516 293 422 402
796 256 584 1176 672 613
411 597 547 1100 1118 175
339 162 1053 474 839 196
592 566 887 869 125 1117
291 794 307 1068 881 1159
1154 1144 51 354 563 651
1150 751 1100 842 174 481
60 18 145 170 675 1109
955 865 591 7 697 872
797 756 1157 611 427 883
441 279 283 41 107 806
252 886 968 485 406 1067
856 631 169 574 1102 720
223 1061 431 789 1179 672
945 31 666 447 502 361
739 413 283 274 99 497
995 623 802 316 415 382
384 1006 56 1054 787 857
707 69 1128 577 840 1002
27 1168 484 344 844 999
25 729 407 1022 101 307
569 374 332 539 989 757
901 961 1141 610 86 112
392 656 1122 475 1132 1026
165 510 115 699 1120 406
284 1073 463 458 1084 1117
1012 1039 1000 1025 1165 37
8 300 981 1152 464 762
460 1178 960 842 190 349
265 947 529 158 174 1194
1199 551 581 862 710 108
977 330 303 61 454 232
110 141 393 592 871 736
384 70 164 17 116 873
324 631 542 473 18 1058
912 184 419 40 520 1079
424 173 996 88 477 391
341 551 1040 509 811 830
276 616 1011 935 1133 315
651 111 889 1047 206 910
470 1075 33 484 1013 633
501 724 624 1059 625 1172
1013 35 854 401 600 969
531 838 542 635 1172 411
662 1046 73 655 859 630
49 918 610 245 260 517
192 104 924 836 515 319
731 741 275 961 598 983
715 784 997 1082 161 980
121 209 817 802 1097 716
668 545 825 1069 1029 1162
649 1049 1048 90 572 258
184 500 466 244 596 1093
771 596 1015 297 826 98
72 380 481 53 556 89
1155 467 50 43 957 57
1106 1000 799 249 606 948
375 932 728 375 722 777
1010 528 830 1044 892 94
423 1152 230 627 198 1148
1042 689 486 1027 213 1198
703 183 262 303 768 1195
207 686 566 115 557 805
1099 833 1037 1035 601 650
230 1083 461 346 722 953
547 1121 340 76 291 400
994 26 825 437 911 456
931 726 780 445 874 414
292 214 358 345 24 981
619 239 205 490 840 1084
205 46 549 328 58 537
28 323 199 766 521 30
535 776 16 752 556 665
68 86 521 937 120 568
378 964 712 352 1130 944
1055 486 1168 178 1148 178
47 723 745 1097 1021 587
185 910 893 1091 140 939
1031 250 452 5 582 501
170 1104 349 1114 1086 369
583 1123 322 727 879 737
420 1007 131 841 645 28
1104 1108 457 1167 149 1154
912 1188 861 507 1122 1193
296 319 791 21 1119 1177
274 580 651 314 151 786
426 189 1142 810 971 893
1085 263 408 736 1038 898
478 155 1069 549 674 200
706 918 608 1114 781 807
388 739 944 719 761 758
171 496 1103 332 641 193
687 874 1166 1189 66 1084
480 1180 665 1104 153 210
770 922 822 899 915 472
379 959 1181 487 684 861
251 1137 721 864 433 12
933 381 394 289 594 1131
816 505 774 942 832 167
271 113 384 23 1112 927
143 347 1162 1057 999 996
870 1072 935 629 841 885
156 519 1003 707 834 1176
1164 1140 679 374 284 1141
302 270 1038 634 455 416
130 91 313 520 135 150
330 74 72 54 469 294
1126 128 935 590 1192 365
69 936 860 771 548 443
612 685 767 210 706 323
565 783 1127 867 763 1078
953 452 1180 473 482 353
818 108 1034 735 890 640
672 351 183 451 631 618
985 235 70 1129 540 788
671 1047 44 849 946 434
264 41 118 669 84 717
1135 620 765 917 32 645
647 393 290 309 1196 343
339 154 282 277 632 873
808 878 358 869 1116 1008
447 255 1186 61 431 1061
855 1171 90 713 65 517
107 1064 640 517 708 558
719 983 326 445 226 224
533 1036 145 986 607 448
1019 877 1 267 950 1025
122 824 702 259 570 215
1050 58 1 79 287 880
603 146 1054 301 91 852
497 1178 1177 738 236 979
67 294 946 158 872 1119
425 110 533 536 821 85
297 336 403 597 1159 469
744 521 567 764 785 450
94 449 148 21 723 997
246 488 139 1044 645 484
829 843 176 743 697 93
782 287 560 191 807 1052
835 790 119 102 909 376
90 908 512 1126 1058 42
135 576 542 46 1019 150
290 1181 530 723 1192 930
591 967 257 653 1165 163
725 1134 813 952 433 788
755 191 350 222 809 1028
139 44 786 1127 687 1157
390 958 593 396 192 1143
1151 700 13 586 532 116
410 1009 682 954 145 20
1174 465 223 6 913 234
774 186 281 189 1072 740
499 47 171 1191 529 402
1083 348 39 769 179 337
1036 471 674 455 909 492
188 825 966 1049 943 934
272 477 849 931 399 462
200 364 359 1135 83 325
357 495 451 759 601 63
1112 670 751 122 530 899
38 724 814 621 1114 279
746 634 116 68 383 82
1194 683 920 159 898 746
446 832 1189 603 106 464
705 1051 342 666 152 503
123 783 575 876 82 891
358 884 302 229 157 514
1142 1094 155 466 1197 855
528 724 1111 1063 888 977
1090 1189 1074 74 500 498
659 587 257 73 269 690
1157 1081 818 800 365 878
503 920 577 387 716 176
909 904 641 942 1167 960
385 225 266 430 243 1170
111 997 709 773 451 671
148 933 192 199 686 94
134 765 1032 663 806 689
1014 906 988 1148 511 403
764 667 447 242 748 655
280 638 749 559 570 607
163 440 172 745 101 965
560 993 488 123 268 940
435 636 814 1099 875 417
369 573 799 1025 459 901
562 318 235 755 888 1115
420 726 857 660 809 352
476 1130 83 353 557 382
218 609 1155 792 653 730
972 652 1046 563 241 565
142 426 1134 971 923 856
1103 373 635 923 913 1065
657 876 407 801 938 223
182 1022 1005 1058 921 946
531 689 693 1199 13 1124
219 1190 242 496 682 625
338 458 114 267 382 336
993 222 251 224 270 105
1120 617 326 572 156 1188
1042 1004 9 97 688 1087
56 914 64 450 273 253
436 1149 540 797 408 1004
3 776 1006 894 436 821
188 556 1034 664 1043 513
431 298 172 79 452 630
429 323 1160 541 75 96
166 1072 778 442 1124 231
96 42 838 988 985 644
966 877 445 446 203 588
76 39 822 1016 41 504
812 860 598 648 1106 1136
45 1103 1112 186 810 397
439 796 164 1019 575 524
127 1061 580 22 337 172
1096 493 500 1123 863 955
513 725 524 429 281 536
151 968 668 652 832 312
554 919 1153 269 1162 513
864 804 700 1062 691 100
1105 900 271 1060 336 590
983 463 781 589 772 158
62 110 780 49 1006 646
562 386 460 62 292 232
1091 80 22 1160 161 859
841 18 486 286 678 602
646 944 1117 40 485 218
406 1033 1131 353 1140 1145
880 181 866 160 101 216
117 684 401 574 109 726
1062 963 217 220 146 36
936 15 81 975 805 359
846 544 346 730 742 505
1096 743 541 1179 658 71
33 132 694 670 362 54
29 31 472 545 312 862
954 583 6 239 290 786
1125 489 673 998 492 457
247 866 767 212 1032 1160
126 306 410 926 264 1140
709 1143 806 1195 528 203
262 792 621 788 999 208
35 673 178 907 680 1094
764 439 355 810 61 523
60 620 208 502 159 698
585 737 636 601 27 883
1063 851 896 1009 876 742
814 248 871 900 483 735
1198 360 823 978 144 982
869 519 654 495 320 820
280 150 1187 233 422 1045
140 522 856 465 955 168
299 1174 278 438 1156 259
1007 766 237 31 243 329
916 334 887 566 435 1128
113 261 448 1091 377 453
836 356 477 78 1125 846
117 392 514 476 438 1093
302 604 258 872 985 105
160 350 414 1052 367 134
956 1071 230 498 960 128
347 59 187 897 523 514
546 922 1039 324 1053 728
435 1184 1024 471 11 1020
285 218 1031 599 56 581
32 565 441 395 349 424
569 49 114 733 466 207
240 793 442 317 895 1102
615 386 1142 271 372 1037
236 76 815 481 992 696
46 413 1052 707 721 557
1049 1054 801 765 989 687
899 852 686 87 649 867
670 1073 288 937 732 649
391 815 638 725 735 440
639 491 848 853 568 577
168 1121 404 114 535 1137
991 367 2 974 817 421
1018 471 67 65 951 121
409 1131 305 97 1097 395
655 597 318 610 363 904
20 214 237 125 901 449
650 488 371 25 58 197
703 779 364 366 346 219
196 487 661 485 834 79
1013 667 414 112 858 1164
1064 286 967 552 450 745
57 661 357 914 428 1109
1062 552 407 744 522 214
59 332 868 820 89 165
803 858 173 497 648 1065
531 575 921 653 623 137
633 147 1125 777 760 1116
84 366 456 540 473 162
275 355 600 143 710 828
990 722 866 586 1009 1195
448 701 682 979 1030 99
278 1158 227 1010 157 731
491 1001 301 522 243 506
1037 538 632 95 1077 857
359 730 463 991 925 1081
699 165 711 845 194 826
333 873 1194 718 800 637
156 754 1200 834 180 654
681 974 416 828 331 259
701 845 19 929 751 318
865 311 246 118 592 366
317 423 229 1001 404 1147
308 883 202 614 100 506
207 1113 1173 23 713 148
59 357 436 398 377 304
658 688 546 539 55 676
600 1039 794 77 132 468
968 370 1044 975 119 1022
835 9 697 241 221 77
545 131 331 298 1144 502
886 184 458 144 437 264
987 988 537 334 1023 717
963 677 980 543 932 747
340 679 280 527 539 605
293 169 1026 854 927 362
1005 868 415 811 417 993
1033 705 347 1045 1078 389
1080 316 777 277 421 511
1088 316 1095 1034 1149 1095
119 847 880 595 415 102
971 478 536 1071 389 239
785 130 1174 237 660 599
507 926 599 335 1053 103
950 550 215 423 47 602
