475 1151 439 903 382 2
976 708 255 209 24 705
912 331 613 273 1125 934
857 979 798 634 1041 1196
128 849 889 1183 127 346
728 711 917 987 414 880
562 360 375 487 1081 913
1070 902 892 105 646 1146
586 234 971 1080 296 599
721 297 122 86 1042 1086
209 540 457 143 593 230
736 284 569 1097 53 350
1131 488 590 10 963 370
1071 1062 1044 254 30 1000
119 421 707 689 825 268
530 141 77 252 242 1130
577 652 1165 648 968 116
90 487 1080 946 914 881
712 888 544 107 55 1045
542 1094 941 952 329 9
397 667 188 789 1125 1093
596 758 519 458 159 891
1068 818 444 127 559 749
120 259 586 424 804 1079
1091 1129 29 1055 500 1006
1174 1001 329 933 230 102
772 916 792 331 1191 660
883 926 270 885 313 856
430 74 915 705 1054 1120
1150 974 137 78 466 897
71 263 502 248 320 1027
581 274 1196 925 996 168
1104 231 802 76 754 102
86 874 125 157 13 417
698 298 1185 852 736 113
256 355 1062 763 674 1022
1168 252 579 101 206 394
884 1032 217 861 578 975
645 1022 531 893 272 717
657 152 1009 1185 509 127
734 23 1194 1193 1049 331
115 269 1041 49 986 37
1056 175 1163 312 466 204
884 898 597 297 242 405
261 144 762 547 851 419
170 260 456 942 871 880
323 919 188 1040 397 304
8 797 104 346 1 426
492 228 225 1083 1038 392
373 796 926 1052 906 639
1034 1078 227 275 1030 1147
568 226 552 52 1035 594
317 460 155 495 629 1153
764 894 970 684 1131 580
759 668 300 967 638 685
1112 411 802 960 1088 207
816 918 1110 660 99 519
614 553 29 1084 46 651
563 320 258 659 253 568
440 371 190 722 463 872
25 132 454 1040 1167 213
1049 702 251 353 867 26
1095 242 1089 215 374 66
844 964 576 709 336 160
520 939 282 219 1118 849
48 621 788 423 202 766
566 720 865 52 676 784
390 624 498 500 395 635
575 1037 309 44 418 931
593 677 572 142 458 30
1060 1107 1124 322 714 18
834 297 47 1181 799 26
899 687 1021 677 666 1191
361 746 109 318 226 422
696 606 438 742 164 1092
1137 462 811 39 673 547
365 1172 386 749 395 351
927 761 982 1032 840 1167
760 434 664 1044 472 509
1135 23 608 813 490 946
755 155 157 1127 647 755
1083 31 422 350 1122 389
192 379 962 888 512 1034
998 563 537 703 541 827
221 1002 644 339 695 700
442 933 620 843 204 788
88 1019 475 691 200 838
595 760 71 1052 870 938
468 129 48 170 501 1001
745 35 590 878 491 512
719 710 784 703 88 523
505 655 688 676 1178 240
902 1057 847 950 1127 989
5 43 482 107 381 956
423 434 256 582 965 391
522 2 1067 340 733 539
905 641 23 781 613 595
111 693 745 499 1187 149
1195 886 693 420 1009 453
947 973 675 857 229 290
161 675 647 606 972 290
710 557 411 534 514 415
495 1046 1133 79 447 122
712 896 590 1035 516 861
442 854 792 690 777 462
506 846 142 996 813 619
176 837 265 98 1025 151
968 642 771 681 994 1048
441 75 990 323 492 945
1018 808 539 494 649 1158
471 116 383 1172 30 779
661 785 976 649 643 332
170 139 1190 737 544 946
375 10 937 1165 193 21
776 219 83 161 281 1069
793 974 1015 605 384 800
316 395 187 724 370 1113
373 36 396 28 431 623
1068 383 480 104 11 6
585 213 670 393 659 467
384 343 1156 1014 677 279
877 821 1048 738 1168 499
225 876 33 344 361 568
203 612 1065 573 598 1104
642 32 270 798 417 693
731 883 232 1126 686 34
795 1177 611 453 520 956
298 790 985 319 151 194
348 344 826 1074 820 548
126 618 1111 345 399 898
526 969 167 812 449 990
830 1044 857 921 809 480
165 709 403 1017 60 932
796 904 574 827 173 917
805 343 354 484 332 691
132 769 262 752 1136 8
954 765 250 882 364 186
64 435 562 744 957 1008
1113 1013 550 848 245 535
390 999 43 146 549 288
968 448 1168 975 465 622
118 74 376 698 591 671
834 480 363 7 1173 1129
196 811 783 56 907 379
898 681 387 815 412 651
648 358 923 1058 1155 360
1097 791 364 776 862 981
17 560 277 11 227 627
619 522 873 920 802 820
684 988 979 468 668 510
881 341 241 276 201 1128
901 189 285 561 1126 278
666 171 961 387 161 203
53 451 679 570 1066 316
1027 398 145 1018 604 1011
73 133 991 955 971 244
120 327 381 447 773 750
37 109 655 608 680 49
461 1068 1116 749 1116 15
266 704 396 175 1079 513
1139 524 1076 158 1199 831
330 1038 788 864 189 828
1045 90 59 80 729 156
474 1170 722 460 559 966
900 1040 973 915 15 1152
121 4 758 245 1190 278
706 1 886 357 208 529
937 516 183 188 413 567
128 588 676 920 18 1142
399 839 742 787 826 491
973 535 130 1023 220 860
611 810 709 454 474 411
1054 496 1002 538 887 769
401 267 850 1200 795 978
318 162 553 261 119 100
22 1180 1123 662 1085 255
126 163 232 684 961 582
60 1115 44 623 588 529
92 977 1102 301 1135 1035
377 163 661 1197 306 375
56 910 567 80 449 652
509 288 922 81 516 773
1031 947 678 836 351 174
511 556 1074 940 61 1144
133 1133 215 326 436 743
931 280 775 441 352 846
560 504 612 111 508 248
354 779 51 108 741 869
805 1024 880 488 952 1072
369 730 1154 222 953 495
485 315 147 896 504 134
938 239 869 809 217 550
521 806 1043 413 372 1046
851 704 778 911 45 708
455 73 149 111 557 701
1158 762 1075 289 1028 408
304 276 146 164 5 1063
275 50 1108 1131 247 380
922 856 476 321 65 970
532 4 477 626 268 1081
146 153 1108 101 650 368
245 196 1111 415 192 637
312 748 497 959 878 563
761 432 997 829 265 678
914 569 680 273 610 16
85 317 214 1156 721 394
557 1129 961 948 116 189
295 204 50 14 742 951
859 629 822 891 515 109
607 302 890 417 401 254
726 42 385 139 762 584
818 243 1055 1187 7 140
1006 1164 165 682 699 427
112 1161 1064 274 177 264
1005 1160 777 507 35 1005
145 71 972 515 683 361
53 185 185 625 932 662
1025 279 1138 741 1056 538
54 669 40 178 83 371
751 307 979 1155 596 279
912 699 875 50 960 484
848 357 994 205 138 271
550 763 125 525 281 786
915 1059 290 789 881 147
637 623 31 825 806 753
793 1055 390 879 998 1100
156 216 1095 479 377 715
1120 842 334 269 1020 202
816 68 724 352 166 653
178 169 244 342 211 99
1007 731 82 207 184 388
135 517 511 1062 1123 258
732 18 75 507 536 1124
40 218 942 404 750 353
84 1189 988 1031 681 1197
811 657 1109 235 877 720
711 512 47 388 461 603
523 12 716 657 885 380
174 841 655 549 923 327
916 891 962 345 679 129
125 1089 432 376 214 464
587 608 1039 1169 665 1167
1192 874 1020 707 158 560
638 257 123 451 192 565
173 299 5 150 585 559
1114 354 807 852 262 1199
387 287 787 785 334 729
905 17 1119 541 540 589
169 267 426 27 407 172
253 195 409 654 58 918
631 669 865 333 983 103
743 949 180 1098 935 716
424 311 421 9 580 301
933 379 950 3 658 759
732 13 464 758 206 369
645 1184 940 98 112 100
517 335 1188 795 777 286
453 311 878 748 1088 922
542 864 438 428 897 831
1198 97 140 280 1019 86
1008 959 1136 1142 1122 868
360 423 359 1112 659 579
822 347 994 342 895 445
299 957 272 845 284 1144
1193 797 555 1010 687 665
887 581 156 88 1142 901
143 638 1141 730 62 47
871 1149 70 703 421 1148
960 889 670 294 746 85
803 1058 233 451 992 25
485 469 1115 741 20 696
441 851 907 1195 706 232
359 686 1079 238 235 313
381 832 1199 611 54 41
908 1103 92 329 533 995
837 470 1074 721 978 718
1171 863 855 553 179 220
210 1051 695 349 1016 882
945 179 959 1170 135 431
756 908 69 472 739 768
494 604 1060 558 400 122
398 929 760 106 893 87
67 841 787 753 378 393
870 295 1173 950 72 339
583 592 1090 780 52 1015
982 518 734 1186 210 1018
601 658 268 1188 388 1033
847 1001 965 792 716 899
680 846 434 697 981 1087
74 909 1186 46 1061 803
11 300 974 845 1061 670
350 628 774 919 552 589
363 392 810 859 1117 166
1113 94 136 955 620 269
157 263 63 89 727 566
665 875 1126 664 870 54
356 124 286 349 96 282
396 259 238 1153 180 737
166 124 900 1086 303 1137
924 814 1012 1090 519 626
1072 302 385 1148 1150 613
1194 540 636 1137 105 228
483 858 698 128 1020 309
32 6 964 449 978 723
507 70 740 19 422 429
549 747 358 963 119 1157
678 1176 454 819 951 505
352 1084 367 739 518 738
357 928 816 19 794 673
1032 1192 120 770 600 22
1176 664 207 341 574 602
433 1053 1002 330 1197 621
385 694 945 911 34 473
447 281 683 132 906 869
485 987 666 831 712 193
1026 627 997 436 223 402
1140 237 61 408 764 460
66 481 1078 174 280 136
445 1047 1175 236 637 921
834 772 198 1118 486 1077
844 429 400 892 308 73
854 1115 718 842 620 518
506 694 501 494 338 1000
1108 36 1163 538 486 969
105 644 580 211 358 356
1008 1162 167 873 631 163
980 45 514 418 1182 605
561 134 1151 419 993 588
1010 812 342 270 641 366
514 926 1144 65 839 531
1039 558 661 1177 150 1082
457 326 473 1077 1070 1166
527 249 864 935 815 479
135 874 1186 348 231 564
607 844 463 15 402 1179
650 1163 4 1192 148 928
95 103 651 1085 58 761
630 770 315 64 753 191
799 784 1138 1139 478 700
403 935 882 1143 180 835
597 1003 656 694 1164 591
743 249 324 134 8 1089
927 321 283 692 60 952
98 490 219 740 527 35
609 713 672 380 1007 277
438 302 1109 564 1099 618
754 365 1037 813 196 614
1106 900 924 48 1064 1103
68 9 1107 789 471 530
697 259 310 764 27 162
642 221 595 566 69 437
129 466 13 830 1130 866
984 445 477 12 786 793
675 1182 1053 191 307 1166
443 474 616 459 293 858
226 195 344 1095 619 707
304 836 830 630 528 287
1100 137 598 863 991 504
246 832 40 487 646 221
19 877 306 287 59 884
450 32 416 160 224 600
868 587 208 168 1033 643
639 334 1098 969 511 455
605 96 824 271 289 1073
1139 320 220 1039 200 775
617 430 876 815 1101 1151
400 578 1038 570 475 853
546 1096 845 201 43 306
1175 1121 1160 1153 879 327
547 800 726 754 365 77
541 1143 805 913 1014 551
989 406 983 714 942 986
1145 791 656 493 768 583
435 1114 223 496 405 609
278 750 855 534 1140 72
1023 648 362 250 1184 1004
247 1042 113 852 807 1125
503 695 610 102 208 34
829 298 515 1003 555 765
548 508 183 404 126 829
958 569 728 288 286 1200
625 1067 1012 859 253 91
1178 313 1177 1141 633 546
1006 1017 909 1087 872 254
781 601 751 7 266 809
452 140 89 228 193 819
599 372 575 72 943 561
954 351 62 967 173 641
272 508 565 808 955 89
433 837 774 1112 1119 131
28 617 1057 531 386 392
416 1076 791 614 905 1009
533 414 151 971 1067 148
892 975 292 55 440 398
579 1147 990 826 1052 1036
1000 1181 735 446 1023 461
1155 543 121 938 629 646
251 965 847 801 482 818
409 1194 410 328 56 406
984 539 152 628 577 1003
849 537 1063 92 237 875
980 649 660 323 444 701
186 275 117 431 179 804
1028 382 442 236 909 585
556 949 634 335 635 1091
246 309 415 912 49 282
1105 833 409 668 99 1198
81 215 633 767 524 1176
222 383 16 640 1200 506
1064 427 186 470 1106 41
296 998 643 889 1013 212
283 1132 587 954 114 410
783 312 257 604 250 862
194 1154 937 100 630 490
662 138 1149 554 82 1105
1183 966 626 308 238 425
205 1056 1098 355 340 139
570 1102 211 468 759 456
93 503 328 650 1005 1174
848 916 85 1183 1030 24
112 471 1132 1181 572 876
902 1016 502 723 183 757
197 814 989 867 81 1106
1116 1007 118 483 798 723
957 197 1103 735 303 1136
832 545 1080 697 817 236
592 1173 1128 702 1024 867
850 324 240 688 419 84
258 223 1070 653 1134 717
212 133 1011 1004 782 273
1127 778 167 1169 1025 1016
769 934 972 1024 87 271
141 162 1110 1166 28 37
181 349 980 699 602 308
856 62 428 214 169 476
1086 497 1182 96 725 191
212 407 491 1180 84 1051
20 890 57 1179 860 779
594 1029 347 6 106 745
944 1073 489 824 41 632
671 913 1063 924 469 1072
222 536 492 669 672 481
828 530 756 158 27 583
233 733 143 1190 719 598
94 667 904 921 181 576
430 386 591 333 316 850
1180 1076 130 886 341 879
476 736 1073 63 1 14
38 25 634 956 339 195
502 997 1198 33 265 930
1043 481 710 463 1051 523
640 368 996 455 131 797
300 182 117 252 858 149
738 755 1071 427 1099 737
685 190 1057 995 1013 154
917 599 1037 528 718 624
786 895 16 907 1065 726
533 948 947 1156 987 865
371 39 465 332 499 3
774 159 144 216 178 301
1092 652 1189 182 117 1134
230 464 337 106 397 176
999 551 840 224 347 184
609 696 142 257 443 412
80 1134 384 894 808 783
319 59 930 720 575 940
966 450 362 310 260 1196
1189 39 596 1083 873 428
1021 904 1058 1100 586 817
520 529 1161 439 953 1096
767 378 983 235 462 838
420 322 803 817 29 283
247 1050 545 706 437 799
486 291 424 276 522 584
866 724 930 1154 674 171
61 368 31 820 810 526
337 674 1021 554 1104 632
164 435 939 843 1097 418
705 572 1075 202 964 433
988 640 663 929 1084 1029
473 510 241 963 77 136
535 498 1162 517 691 1121
470 153 67 944 766 752
353 408 488 274 682 1146
607 184 868 991 821 906
992 715 90 872 1195 934
263 863 1105 763 1047 426
362 231 364 93 67 382
333 1169 1043 229 746 548
190 854 775 853 1048 537
147 21 806 887 919 931
603 825 1148 986 673 1141
1049 542 554 292 993 612
1036 45 483 747 1077 177
958 1147 995 1172 76 1030
910 546 584 389 1045 237
246 1014 478 446 335 780
801 895 1117 83 76 951
689 801 715 338 663 241
17 780 639 543 899 773
233 1150 213 767 1140 479
38 413 768 1171 727 824
1160 497 521 337 311 939
603 1010 432 216 124 65
472 571 63 943 903 1075
425 330 172 229 840 1087
1061 1094 10 402 615 896
835 1036 115 992 1174 690
391 1041 314 412 108 730
150 104 113 526 458 562
1111 740 367 558 176 459
107 22 1026 366 410 1012
496 1082 404 860 1050 835
1119 137 606 182 1015 79
778 521 374 713 248 121
177 366 647 534 1128 842
621 416 459 93 616 704
199 574 145 123 110 198
87 199 407 175 545 373
936 1085 744 444 399 1053
489 317 838 1078 524 667
804 1188 589 206 205 1159
672 771 200 790 633 289
744 823 936 70 284 953
1146 635 1187 363 751 340
325 1071 981 682 510 692
556 819 389 181 772 525
708 943 513 1171 310 552
700 227 478 91 437 536
374 594 800 1121 770 645
592 369 927 729 615 782
794 727 46 367 833 717
1034 1019 1122 277 1193 1185
110 1033 911 949 1133 171
1082 687 925 690 2 925
141 391 26 370 843 766
747 616 321 66 967 1011
414 429 993 897 3 785
501 439 14 187 576 658
108 622 739 636 307 234
377 719 1031 871 224 69
782 267 305 154 293 203
155 225 256 1065 1054 1096
1101 1135 551 465 326 985
861 1123 731 853 336 148
243 862 285 97 294 796
573 51 977 883 1059 836
209 42 299 57 452 732
944 701 260 757 20 1028
210 296 249 653 821 12
977 918 654 600 51 1029
1091 159 593 493 261 291
1162 936 1120 958 928 318
1157 114 194 601 110 776
578 82 1184 295 752 217
443 68 440 57 456 55
901 866 582 885 79 617
631 305 679 405 185 781
1069 234 565 941 336 42
686 75 714 78 348 359
1132 197 338 1145 394 1102
1066 292 1046 305 567 513
450 948 713 503 532 303
199 976 243 1110 1066 914
24 564 893 1004 903 505
393 266 500 1092 544 1175
448 543 325 294 1152 929
1161 187 970 827 315 114
355 469 36 325 291 403
528 1093 489 618 322 532
636 756 1059 1060 345 115
765 628 1022 498 711 1118
823 198 144 264 131 722
757 446 888 493 725 1170
581 97 103 101 734 941
610 984 467 814 240 343
372 21 1117 406 244 624
1026 702 748 1124 663 932
448 1179 262 625 58 314
201 401 130 1093 573 251
1114 1094 1017 218 794 812
982 1158 839 807 654 735
436 1152 962 1107 890 218
378 420 685 239 1159 855
95 457 683 823 1143 319
733 1088 264 1042 923 152
118 622 656 78 894 467
597 1027 1109 822 627 293
771 138 255 1047 346 1069
1099 482 95 239 602 356
1081 452 577 1138 94 1149
525 484 314 324 615 999
692 920 555 1050 1159 728
985 38 160 725 790 153
168 1130 833 165 123 644
571 1101 64 632 91 571
689 910 841 44 172 425
671 477 1165 1090 1157 376
285 1164 527 1145 154 828
908 1191 1178 688 328 33
