107 742 350 1138 935 661
606 217 186 667 1172 612
148 933 546 892 528 176
315 1198 782 718 1021 1140
733 151 837 848 115 509
772 910 163 1151 1086 1069
1090 1178 158 209 1116 5
782 1043 817 921 408 268
1007 96 33 748 112 1084
389 247 1192 187 1051 228
1053 1131 1117 237 556 802
644 1034 419 950 711 696
277 1139 765 577 138 484
820 439 14 388 802 1185
760 893 1177 813 878 589
867 530 306 1000 854 699
623 420 975 518 984 594
1059 839 103 986 298 513
244 356 325 910 204 102
927 384 462 650 604 201
1079 344 343 1 874 45
1097 229 786 20 503 202
361 947 552 611 532 1029
132 698 616 236 811 619
965 558 1109 125 655 964
516 807 916 144 461 1077
863 150 196 687 722 1197
423 264 132 1071 738 553
637 520 65 246 919 1190
1035 285 887 1158 229 451
612 1196 83 381 683 739
343 446 391 387 283 895
349 650 1134 847 226 560
1139 675 434 81 153 301
564 214 1049 1062 134 527
1112 174 1137 1048 685 800
357 1154 48 684 710 757
319 1165 114 399 676 921
178 609 421 731 1058 664
1045 744 917 396 926 162
888 573 918 367 140 779
866 883 953 776 1015 113
308 239 1149 216 269 171
908 16 91 869 24 955
354 782 892 785 83 450
31 838 1187 64 260 56
402 947 101 545 731 276
773 377 539 728 1161 1031
985 383 799 666 259 743
225 77 916 338 1047 1009
26 938 816 512 1031 301
320 402 4 190 291 140
242 869 617 710 1039 263
971 415 636 167 112 1072
497 219 663 494 595 246
274 554 172 583 860 665
1200 920 681 682 957 126
966 315 449 188 540 164
948 196 520 503 1125 768
142 96 335 881 447 476
6 1153 353 91 693 188
559 461 1026 7 438 808
78 294 291 772 961 63
759 706 613 981 1069 40
121 689 181 944 1 1026
809 147 192 755 225 146
725 873 911 498 1165 327
828 624 1156 274 1004 452
537 252 956 569 750 626
55 1024 135 499 1018 86
746 336 182 328 763 440
1187 774 530 1039 1125 901
741 28 251 591 852 50
1139 564 273 436 1070 559
700 326 653 288 479 311
109 712 674 430 1141 1143
297 155 541 1132 1022 894
369 38 70 272 123 354
82 455 335 859 69 1123
537 966 487 975 148 24
633 370 992 1181 821 104
442 1040 17 1081 49 425
821 218 658 871 1113 598
23 739 22 890 389 386
872 1094 258 870 39 351
703 1105 938 1138 1174 572
632 907 1161 321 831 849
219 659 377 220 46 520
933 400 1112 212 1033 173
401 770 183 569 949 365
550 1140 244 721 528 197
241 171 777 270 554 1146
1199 745 235 1118 9 492
898 639 94 399 1193 949
1124 175 834 495 51 63
53 273 574 1014 150 234
717 495 719 958 715 807
285 799 1089 828 661 805
367 1078 1133 976 303 909
484 998 243 1103 1098 673
721 23 305 203 452 359
954 857 1003 761 697 1003
538 836 457 313 815 464
608 185 563 107 898 839
537 746 963 1173 990 261
79 176 538 275 339 64
1007 604 960 829 38 516
905 906 952 1101 645 580
1046 940 451 555 1076 153
310 518 85 950 89 39
205 878 1154 1011 488 1188
411 735 1091 675 959 1067
864 117 317 475 969 172
1040 345 109 500 590 266
502 914 981 18 502 199
249 656 919 889 708 722
474 430 792 915 524 245
985 599 965 15 918 221
1144 386 540 1034 678 338
1027 991 740 1120 175 472
599 797 841 712 138 506
545 894 835 1073 372 681
661 49 753 647 1074 470
1021 732 1044 1030 1088 857
639 1151 428 937 281 392
651 445 875 962 162 646
589 185 621 25 723 74
209 197 905 795 1007 895
1186 1179 731 131 1013 84
1099 890 257 1036 5 177
522 1174 874 777 366 1006
678 96 208 921 594 97
204 457 471 814 289 917
668 146 182 1005 476 720
588 1056 561 73 972 795
958 861 107 1047 915 975
945 127 1135 193 228 57
766 265 571 373 601 1113
2 977 270 19 725 326
516 89 12 946 1032 907
21 112 840 64 998 753
124 1002 168 600 867 784
648 470 1027 1122 217 696
974 1120 856 8 2 1136
19 1025 360 147 332 1163
272 750 324 61 580 1192
894 556 826 466 628 27
97 858 598 1134 8 687
764 58 631 1040 453 1084
861 150 912 897 592 54
770 611 299 456 806 751
900 760 382 310 884 670
347 468 1168 382 331 954
697 892 37 432 927 582
16 1192 616 839 93 725
218 306 846 379 42 942
1049 312 456 1060 76 410
707 78 457 74 1066 1195
372 1159 277 422 851 593
1051 135 729 759 1142 1095
1105 708 1087 432 527 347
1079 563 823 743 387 271
1173 122 296 1066 334 183
460 539 630 573 442 754
116 355 397 317 505 208
478 1011 130 465 989 903
417 713 189 786 133 897
533 152 527 406 322 26
764 954 684 318 1089 8
511 108 821 993 159 780
130 372 730 912 1148 1179
910 1062 1039 992 984 1110
1064 1143 119 793 421 623
639 384 756 206 55 525
299 156 803 692 215 847
756 72 266 522 693 1191
722 597 1180 770 689 407
785 607 419 169 273 79
385 499 140 403 446 526
508 407 652 473 617 110
35 258 617 178 424 826
918 648 1110 914 627 905
855 390 882 321 864 772
962 513 1053 848 960 184
509 718 732 766 365 570
337 1008 873 962 1119 444
791 565 35 1078 723 226
21 179 61 294 1157 258
244 1095 1154 899 678 923
496 418 823 94 284 614
1200 923 240 524 818 120
801 758 1170 212 542 635
510 276 924 378 113 778
1142 1002 797 737 428 1016
811 1072 111 755 108 635
85 929 794 1197 443 209
804 260 38 932 54 175
132 651 832 1107 1035 73
376 557 76 702 281 243
526 734 584 679 769 1005
324 138 123 69 357 598
907 1022 85 486 155 934
278 977 91 955 872 584
174 1168 287 968 552 668
862 251 1167 850 1176 561
295 171 974 341 686 446
865 1061 304 690 1194 865
644 709 1138 724 682 688
798 252 495 893 727 1061
310 663 853 456 758 578
1093 581 816 533 852 1014
404 111 955 1193 983 691
880 960 289 188 641 117
53 43 66 18 1198 44
12 971 728 735 44 1190
789 57 979 554 511 281
427 205 426 743 25 99
231 290 1182 544 450 126
1095 189 825 1180 542 877
199 708 1101 178 144 657
928 626 501 652 885 990
393 543 210 834 620 385
13 235 1043 454 463 728
59 1132 844 546 425 1184
191 730 117 448 781 589
1128 232 303 920 198 437
1100 445 429 925 1162 157
849 536 657 1061 618 390
61 161 726 1052 1153 45
680 709 1096 862 703 817
594 834 814 673 665 1175
888 173 93 1114 655 1055
840 58 514 783 309 930
842 435 727 276 579 47
191 475 120 233 600 553
431 941 742 819 334 116
13 974 1083 403 462 1035
536 796 978 549 665 10
1145 364 513 254 58 239
913 1185 177 931 275 380
222 581 271 808 854 230
601 356 720 31 1182 66
610 704 694 577 202 1130
370 614 1080 223 1010 1196
317 37 221 785 376 450
68 986 827 129 321 1037
81 628 1177 236 565 843
555 270 203 35 67 429
149 1077 282 790 902 876
364 701 904 1105 835 75
103 980 359 124 855 628
585 932 1168 1121 651 813
1053 269 567 886 662 6
1104 28 992 1102 441 194
1123 889 242 884 1166 1018
1094 164 330 529 481 812
1127 1045 469 1177 876 52
692 253 318 241 507 292
184 576 512 389 102 1182
764 683 29 979 1055 416
1146 1021 806 482 43 109
654 727 3 715 280 249
699 253 313 932 713 606
1074 1028 33 477 1157 134
239 840 866 660 1176 908
688 454 295 380 499 1118
778 944 454 133 505 1032
630 101 212 483 308 926
262 40 398 232 332 845
414 585 1115 1119 268 1160
481 945 1004 683 631 200
156 838 158 1109 969 572
908 890 671 1020 17 948
1003 966 919 360 1160 1163
62 377 1111 379 787 809
933 329 221 754 203 338
1081 826 1037 1068 784 368
80 862 231 901 1041 570
916 705 871 587 413 642
199 130 560 26 1128 1108
415 1166 292 1017 979 259
1122 868 250 794 573 1018
11 557 1054 698 183 115
1054 603 211 562 41 789
379 945 448 75 485 403
685 613 311 431 946 95
439 837 577 1031 255 322
653 946 87 879 248 370
541 32 16 148 529 557
184 458 471 619 458 884
780 601 1127 322 482 768
157 440 588 43 161 492
166 145 626 871 850 551
237 69 682 679 245 565
638 500 160 422 89 302
574 395 747 736 634 316
1171 939 581 774 1194 831
82 568 891 823 468 938
410 768 87 166 848 232
1056 323 136 1056 1048 386
605 900 431 515 128 139
32 227 220 1029 971 767
1123 1050 1086 1116 875 786
474 230 872 74 229 257
817 1088 302 1115 222 694
1028 395 1048 375 92 987
608 625 80 443 1064 1106
1009 803 149 1057 1176 452
226 293 909 562 288 887
973 411 1103 943 118 394
1171 223 177 433 658 465
297 997 827 440 636 487
595 351 807 700 291 544
924 420 816 493 508 983
844 37 1004 976 215 625
1164 986 1127 959 780 1169
426 1002 777 634 90 4
856 1054 930 523 901 1134
1055 501 920 1107 145 695
745 305 615 362 881 383
77 395 266 637 392 1097
167 467 374 256 761 586
863 206 103 733 1020 587
416 1083 1076 312 1164 1080
47 675 1012 1019 267 936
125 733 445 55 649 1200
990 1191 67 972 287 957
548 486 251 741 187 197
433 547 1012 670 5 590
963 710 99 41 1090 597
719 706 714 68 627 680
67 607 409 1145 246 420
356 1148 868 934 860 413
1158 353 697 985 640 1013
695 1076 638 922 876 781
641 1162 75 78 585 200
204 488 519 307 46 1189
415 347 1019 610 497 349
330 1063 1184 830 1030 408
950 882 593 1167 1041 793
436 220 210 729 1172 1085
603 106 677 326 820 717
268 479 477 366 510 609
408 1067 173 340 328 571
937 590 100 24 362 714
660 90 277 162 1024 873
621 369 1006 169 967 490
660 858 943 233 758 111
1065 192 80 478 899 243
822 208 526 234 464 969
1181 279 129 152 580 324
668 342 1023 170 121 561
1131 480 105 771 461 656
434 829 644 740 642 263
438 329 1150 105 352 812
805 471 1086 702 1052 813
535 799 447 418 844 444
413 392 622 686 1126 515
1075 34 717 586 618 1019
360 640 466 15 909 888
545 406 1136 88 592 596
757 666 371 1198 361 1150
775 958 295 724 156 29
978 491 206 859 297 50
586 859 999 953 127 1030
522 638 699 672 1074 1187
635 801 790 327 547 346
751 1082 385 566 309 832
956 261 129 582 897 189
902 333 119 472 88 1075
1097 316 235 290 384 883
185 558 373 691 484 749
669 1150 968 351 151 555
460 1081 560 339 355 1116
805 256 1141 711 1104 290
131 14 1094 283 645 792
423 166 502 1093 147 314
143 633 105 48 715 70
939 701 459 1006 1092 1071
498 168 340 86 583 980
104 312 525 219 735 603
311 774 97 936 1153 841
980 760 160 1082 679 964
480 1068 757 519 995 1146
304 833 1025 936 1008 331
621 465 881 181 15 65
599 928 964 1032 54 393
1010 358 562 535 564 245
1015 819 494 449 489 250
373 260 1044 93 620 179
135 414 1090 479 368 506
631 426 532 815 198 71
543 17 1190 154 151 443
749 137 548 213 469 831
891 610 149 767 167 194
541 34 824 464 137 987
978 68 602 315 146 952
543 997 1038 1147 578 318
996 336 563 83 1 988
1020 655 633 657 643 282
238 264 993 1047 1152 864
861 492 771 424 922 928
640 436 1137 917 161 591
741 736 470 264 425 1152
13 622 1126 1199 141 653
1091 467 720 489 995 1183
796 11 491 982 752 671
274 659 845 1115 416 811
634 629 1109 153 752 92
131 430 127 228 1152 211
21 73 325 418 534 684
615 866 951 783 911 804
738 77 278 850 533 775
575 114 666 869 1089 194
66 327 332 676 941 824
1189 723 765 108 319 168
547 98 880 994 3 662
641 100 703 745 896 119
1174 343 766 46 222 7
214 182 756 44 929 791
296 712 331 393 853 40
293 1064 538 254 740 106
693 528 447 92 566 506
7 934 583 973 95 122
120 825 570 830 378 1113
348 87 60 1111 1155 263
551 164 329 627 1140 999
34 879 622 546 1037 179
944 996 136 788 832 439
1060 1038 642 763 469 1022
911 734 376 612 1028 568
396 210 602 501 180 542
262 505 121 616 523 334
1107 374 762 531 716 361
1013 690 868 407 953 491
36 549 967 927 1017 490
1067 1108 525 1186 314 685
47 503 363 142 460 1162
870 344 200 572 485 84
165 1151 810 591 427 1178
798 382 48 350 433 763
623 1065 267 842 412 28
9 647 230 681 674 252
424 307 1042 234 776 659
422 913 1016 707 169 145
674 719 192 86 989 930
576 56 346 1121 1098 1125
143 1084 496 451 36 769
1126 948 1166 615 304 835
380 867 691 1058 328 630
181 1098 1058 50 462 237
775 663 906 214 1066 1161
784 504 530 521 428 134
1184 494 1106 18 913 1049
1132 216 359 307 152 383
11 753 1079 358 803 724
1170 968 752 100 795 801
280 497 747 670 822 755
952 1194 806 487 1069 70
1050 508 1070 549 300 1136
643 935 101 136 514 804
207 1175 267 629 405 579
202 1197 438 286 818 1104
488 1144 1001 1119 988 309
84 1163 967 1080 787 1142
632 877 647 618 1135 1099
556 72 256 940 673 300
605 636 677 845 925 779
808 1041 421 571 629 649
1016 293 172 1117 550 110
1143 195 509 595 837 459
104 391 709 654 205 1103
842 82 233 1179 1106 339
1180 1173 707 791 1178 624
1110 776 284 736 1063 170
796 1093 231 995 1144 521
810 569 970 904 155 342
605 240 467 253 337 434
704 238 1188 453 282 398
381 883 929 1137 1073 1130
575 963 1169 863 686 1045
779 423 765 1062 98 902
1025 942 19 1038 507 31
336 860 688 288 362 822
414 323 705 1114 991 190
275 1149 996 1149 937 354
248 511 375 1082 977 242
957 196 851 1120 619 696
159 714 532 298 664 500
1042 529 51 694 59 935
1199 139 473 652 213 721
195 126 843 1155 825 493
705 300 363 455 265 798
566 788 280 1075 857 357
611 818 676 781 303 1059
856 4 669 341 1073 1147
587 649 285 567 1092 576
191 284 397 903 298 898
207 1135 262 788 401 224
417 95 476 1008 994 689
900 961 56 925 778 1060
306 12 409 951 20 596
886 333 133 176 797 30
1011 1014 394 1065 824 481
367 348 965 374 344 976
417 600 345 115 201 432
52 994 248 323 517 116
802 1124 98 366 906 1157
1087 217 915 473 838 1087
1068 215 646 1015 387 1108
1023 485 914 363 849 732
947 874 1102 158 1129 223
320 1026 394 442 1117 672
180 201 762 771 1071 27
22 512 853 692 25 536
734 793 809 449 643 1172
896 846 259 444 341 956
350 1175 286 402 57 313
333 286 1051 1111 517 579
534 559 400 122 1036 213
283 767 646 1133 240 90
437 896 1156 30 142 800
852 1034 301 749 931 754
1171 702 650 1044 787 843
865 695 830 970 352 1170
227 790 833 773 224 216
870 1129 1012 1121 991 187
552 110 365 371 1005 893
32 671 827 1188 404 550
997 261 1164 59 1122 519
819 448 841 1063 828 750
227 792 482 139 1077 368
159 539 437 405 593 1101
744 279 378 412 225 358
1023 144 33 249 1114 664
397 704 289 364 1160 895
1145 474 970 800 1183 1072
794 698 435 1155 475 1027
272 951 483 1029 882 747
1009 889 14 160 62 1000
924 137 458 410 769 637
677 672 355 718 478 477
468 517 102 903 1133 1046
748 60 504 348 72 53
648 154 1131 441 891 52
609 759 885 847 1191 1102
255 118 510 236 981 632
1052 3 815 1042 737 325
269 949 345 62 1091 1059
751 10 1085 1147 154 352
498 466 483 716 582 1130
773 118 391 165 36 190
114 737 1124 851 687 846
567 613 218 1195 789 886
1159 887 972 463 624 1185
982 829 988 406 1001 1057
404 411 1017 1189 42 170
742 94 578 265 812 1196
453 278 877 574 973 435
493 401 405 429 1033 88
1078 22 535 746 459 390
614 250 810 518 711 9
820 1070 141 71 353 961
592 292 739 63 1010 42
855 1100 128 540 989 833
656 296 690 113 604 1181
706 51 106 39 496 1083
388 335 455 195 982 271
489 342 858 738 662 1165
748 143 27 163 923 836
983 1158 128 65 761 388
645 507 875 193 1057 726
211 1195 302 409 1183 939
247 1085 602 943 941 836
568 762 558 854 10 1050
396 369 371 238 553 60
744 993 1092 1096 76 1148
193 1088 427 716 596 419
814 486 299 375 279 575
319 337 931 174 480 180
340 381 1099 163 23 885
1100 412 6 544 984 730
346 124 654 667 713 330
314 1128 667 198 49 588
524 1141 294 1033 584 463
548 157 305 1156 700 899
904 680 729 1043 1159 398
701 1167 1129 29 879 20
922 606 247 987 141 783
1186 669 1024 912 658 399
534 81 441 625 531 504
472 224 940 880 998 257
241 308 99 186 878 608
400 1000 255 1112 71 165
597 320 515 45 254 123
1036 607 514 1001 30 287
125 999 1046 531 942 79
926 1169 186 551 523 959
1193 349 726 2 1096 490
316 521 41 620 1118 207
