10279
10361
10909
10747
12000
11058
10364
11296
10238
10250
10580
10482
11155
10281
10283
10409
10524
10339
10434
11172
10683
10262
10488
10330
10511
10606
10239
10426
10260
10433
10399
10718
10386
10366
10667
11334
11035
11174
10992
11140
10306
12000
10339
10377
10948
11511
10218
10576
10225
10351
10343
10246
10266
10460
10575
10547
10490
10629
10474
10352
11426
10370
10348
10327
10961
10327
10743
11138
10431
10236
11022
10446
10285
10937
10302
10575
10385
10986
10377
10369
10640
10721
10904
10379
10301
10393
11236
10292
10395
10649
10612
10293
10747
10313
11339
11064
10249
10962
10635
10276
10300
10232
10658
10251
10414
11344
10394
10222
10345
10435
10237
11248
10265
10584
10378
10282
10425
10262
10230
10858
10400
10582
10486
10592
10264
10400
10299
10991
10376
10212
10830
10251
11692
11315
11207
10698
10383
10326
10552
10262
10222
10297
10622
10881
10459
10785
10232
10234
11289
10992
10270
10240
10519
10849
10594
10219
10298
11415
10823
11160
10601
10724
10732
10283
10263
10491
10393
10420
10177
10285
11376
10292
10703
10337
10244
10231
10390
10188
10226
10194
11003
10498
11165
10264
10937
10953
10458
10523
10614
10488
10325
10574
10605
10891
10593
10213
10267
10395
10727
10973
10460
10401
11853
10342
10314
10310
11650
10209
11027
11311
10305
10279
10285
10322
10544
11357
10649
10361
10892
11051
10215
10486
10285
11744
10844
10229
10410
10427
10497
10295
10471
10420
10393
10583
10216
10237
10581
10357
10408
10397
11128
10681
10418
12000
12000
10378
10678
10258
11275
11746
