10963
10850
10907
10905
11016
11032
10856
10774
10896
10879
10875
10950
10934
10838
10789
10970
10808
10995
10718
10886
10941
10835
10809
10910
10794
10881
11019
10826
10949
11059
10838
10819
10867
10817
10888
10813
10827
11036
10855
10903
10846
10945
10884
10806
11151
10776
10815
10749
10780
10965
10989
10971
10869
10977
10924
10782
10949
10830
10921
10804
10931
10846
10972
10840
10962
10800
10866
10923
10875
10901
10936
10874
10997
10881
10989
10974
10908
10794
10808
10993
10772
10898
10852
10745
10923
10920
10872
10782
10783
10768
10887
10807
10887
10931
10822
10828
10828
10849
10811
10846
10798
10792
10850
10906
10887
10932
11117
10934
10976
10872
10875
10917
10787
10897
10837
11192
11010
10721
10840
10844
10827
10869
10806
10928
10970
10762
10820
10869
10772
10916
11111
10874
10895
10972
11181
10873
10777
10904
10862
10896
10838
10932
11050
10927
10822
10845
10669
10967
10836
10868
10814
10752
10986
10985
10897
11026
10819
10890
10872
10813
11040
10811
10909
10896
10910
10788
11016
10885
10997
10803
10817
11022
10900
11028
10924
10925
10794
10886
10878
10930
10863
10797
10906
10870
10852
10885
10950
10809
10881
10979
10895
10775
10927
10739
10942
10893
10922
10814
10854
10753
10913
10830
10940
10784
10749
10735
10940
10900
10853
10830
10802
10864
10891
10863
10885
10825
10959
10802
10976
10929
10971
10922
10909
10903
10834
10863
10872
10982
10892
10969
10901
10792
10883
10898
10829
10912
10943
11002
10804
10860
10809
10879
10922
10968
10769
10769
10722
10885
10926
10754
