10268
10681
10430
10532
10866
10381
10324
10851
10872
10623
10652
10394
10477
10332
10367
10834
10403
10649
10471
10469
10351
10437
10388
10358
10342
10571
10593
10454
10471
10428
10494
10602
10693
10396
10339
10284
10421
10818
10514
10459
11110
10667
10399
10329
10559
10482
10420
10354
10628
10320
10393
10628
10429
10387
10436
10560
10391
10451
10340
10330
10846
10427
10540
10805
10694
10372
10410
10448
10357
10414
10414
10392
10340
10451
10433
10348
10408
10451
10345
10323
10827
10324
10287
10420
10720
10373
10414
10377
10436
10468
10392
10395
10380
10448
10319
10507
10391
10464
10397
10515
10352
10481
10851
10545
10464
10493
10828
10729
10434
10422
10627
10349
10277
10620
10420
10464
10387
10386
10311
10351
10335
10551
10601
10531
10449
10523
10581
10240
10831
10571
10679
11085
10551
10480
10509
11127
10399
10405
10426
10682
10469
10595
10407
10464
10704
10377
10342
10470
10340
10671
10317
10314
10488
10409
10495
10665
10998
10380
10353
10325
10374
10414
10454
11013
10402
10462
10417
10404
10416
10414
10492
10404
10401
10513
10431
10441
10383
10524
10388
10450
10484
10518
10496
10328
10714
10493
10325
10339
10490
10376
10502
10395
10409
10477
10493
10510
10402
10313
10442
10837
10770
10422
10530
10393
10351
10395
10456
10552
10622
10417
10455
10498
10379
10819
10446
10386
10344
10310
10329
10677
10377
10817
10515
10372
10425
10520
10629
10602
10416
10366
10536
10411
10676
10426
10664
10407
10542
10587
10474
10642
10361
10478
10366
10373
10460
10396
10463
10772
10445
10330
