9573
9264
9546
9682
9521
9405
9690
9443
9571
9366
9597
9347
9806
9585
9563
9635
9376
9464
9387
9657
9308
9322
9177
9810
9469
10073
9431
9598
9589
9761
9622
9820
9260
9608
9320
9332
9525
9629
9486
10028
9462
9687
9953
9498
9690
9246
9599
9261
9724
9542
9682
9729
9283
9675
9129
9942
9506
9453
9519
9580
9633
9551
9648
9789
9235
9387
9674
9293
9535
9240
9581
9034
9442
9715
9459
9417
9717
9402
9738
9444
9500
9388
9563
9504
9384
9386
9498
9510
9485
9662
9337
9712
9368
9429
9566
9524
9383
9520
9304
9398
9291
