35594
36784
38445
38603
27519
40373
32484
30906
35687
31900
41206
26568
32394
28993
35219
33602
29968
30881
39718
26641
28114
30791
44295
32479
34370
38585
37559
31964
31656
29985
32314
31779
31160
44743
31495
32771
31554
27785
34838
37083
32289
30997
33841
28917
31057
35540
34011
28441
35269
41935
35543
32804
37250
36481
29107
36764
31249
33158
34612
36185
42456
27231
29707
33281
30541
52118
32651
33686
36678
32359
34033
31605
27393
29031
33734
36260
30527
37887
34715
34689
32047
41276
49781
32245
40331
33322
41087
29912
25764
33022
36525
35416
35331
30029
29819
33531
29175
59456
37574
36807
