1079 1025 1090 105 777 1003 902
521 957 1143 842 1017 1171 913
1107 824 1007 768 482 956 1174
712 934 744 1082 993 753 924
1147 1144 916 869 760 1033 1124
1072 1076 951 668 1025 658 621
811 1057 720 923 743 164 1112
697 1039 947 10 305 366 1061
926 92 438 217 1022 1062 950
1070 854 1003 36 1128 1164 875
1043 1189 248 890 490 651 1164
1015 567 1110 417 795 1055 574
956 1162 1010 988 1111 1118 955
1019 945 953 648 1186 322 833
1071 1089 1123 937 466 982 1194
676 1194 1006 662 961 1026 793
514 1198 558 561 376 1087 729
940 1098 962 886 803 837 635
1147 606 987 663 422 588 1153
718 1082 1025 819 665 1199 1198
246 553 965 705 570 1079 1104
1174 1057 924 148 999 957 1057
1092 1103 1192 1183 546 1188 1143
843 1058 1180 43 1086 1016 588
1162 963 896 698 513 490 1121
879 1077 1111 692 958 888 14
692 1119 1069 929 73 1136 958
631 875 880 731 328 955 1022
454 198 1121 1142 590 1105 1058
905 983 474 1052 366 785 922
816 1187 942 931 401 1154 65
975 989 917 31 1069 1073 951
1115 967 1186 1080 945 1089 936
1086 689 1195 286 1161 594 944
1086 991 1122 922 1121 498 161
1081 1007 1128 840 728 936 1072
815 925 1135 992 1121 447 766
1074 1100 1046 912 938 987 814
978 926 1131 709 431 1102 1085
285 1075 807 468 956 891 408
1131 935 232 1180 1180 641 489
835 576 1150 1083 1146 986 984
1014 1019 819 676 855 333 803
45 1073 495 1039 1033 1173 651
994 1172 868 1191 1023 1021 158
826 1010 1119 1160 1024 835 339
1051 928 875 440 967 1069 1151
1176 1033 1122 1110 1084 872 1133
743 986 851 1024 1133 926 828
920 777 754 924 1189 809 1155
50 992 1185 280 340 659 1031
1110 223 896 1084 979 1197 216
1101 1088 1126 350 603 1183 986
1069 953 971 1086 914 685 867
1136 638 1037 1109 1169 97 377
1139 497 797 1019 917 465 706
721 981 911 317 958 1174 726
1065 1105 516 1042 1120 997 927
1199 957 585 838 1150 1146 990
623 1037 1008 1108 1066 801 765
946 483 1152 1070 1038 157 1085
1174 1036 943 189 1079 823 1106
1079 968 849 960 951 1102 853
555 697 796 74 863 68 575
232 735 988 996 1043 1016 851
625 491 865 1009 831 509 1098
205 1133 425 1006 1143 680 1029
907 1148 1109 1162 687 1072 1149
1047 933 683 754 310 1162 1175
1176 856 1051 1124 682 827 993
1012 1188 609 536 1167 1061 742
958 578 623 134 1075 1141 649
827 964 696 1004 423 504 1172
814 805 1046 1168 962 1052 1040
809 943 997 1162 883 714 1067
966 862 1125 774 1041 1078 970
542 451 1143 1110 1027 1077 786
775 790 1046 1005 654 1083 337
1181 274 891 533 668 498 819
1194 586 1193 901 786 190 591
1107 1013 406 675 1112 721 1002
1115 933 1080 773 1177 822 996
718 342 751 1194 670 422 950
840 446 1042 330 719 970 5
160 624 499 1098 966 848 196
1147 1 106 1194 11 870 625
961 1089 245 1154 739 926 69
1180 1094 991 709 610 1139 1040
1063 1139 660 358 1149 728 614
1141 507 622 1011 1039 1126 427
695 1096 1043 1184 1091 949 782
1168 974 971 811 1035 956 466
1156 943 728 745 1190 1029 926
1044 525 909 699 1178 1098 1179
1161 325 800 1192 1093 850 853
1068 905 1052 1033 486 1095 1042
28 1164 353 1008 1087 1049 1118
982 1176 756 1130 1062 1056 1097
899 1081 690 699 1123 840 1055
1007 829 1133 1026 779 1027 919
1154 963 975 932 229 644 1031
707 1190 1157 679 1018 1083 1003
956 1075 1007 785 954 976 944
639 1116 667 888 1023 295 229
744 326 953 460 1133 1177 203
226 1096 938 135 539 1109 694
1022 113 480 1178 1137 996 810
974 259 1152 1065 1015 1162 1029
1198 1187 1125 900 999 833 1052
478 1025 257 1007 1127 878 741
1034 525 1199 68 1056 1026 976
1001 593 1150 615 530 912 981
769 1065 820 600 1053 986 1041
899 946 1169 1179 445 931 693
169 1013 540 465 1047 327 383
1165 931 1139 680 805 982 724
77 1183 1040 300 936 1146 579
268 1036 859 1090 1094 634 1142
590 1185 2 949 861 966 1118
1163 912 1011 937 112 874 1086
916 606 1158 978 275 983 792
547 142 1035 680 541 1102 1096
1163 843 1181 1020 326 954 1073
1120 963 682 783 901 1055 1085
74 1086 808 981 600 905 786
1156 177 884 931 1048 1184 806
644 1193 698 771 1019 1129 1181
857 1139 1166 1036 1092 511 1008
138 538 1060 402 859 973 1036
455 741 60 1016 1028 779 552
804 743 386 1045 654 307 101
621 1191 619 928 1071 1131 1054
1091 183 1144 1032 1166 1164 876
972 755 26 730 1091 988 1082
1011 1151 926 32 643 699 1041
929 1008 856 101 315 845 982
1078 939 598 487 802 1199 935
994 587 546 969 768 1036 963
762 585 1025 479 1173 472 197
780 408 1120 493 1049 1042 1115
971 990 572 1141 949 1060 537
994 1175 948 944 1059 853 1089
294 688 643 1097 954 946 913
610 1194 1196 216 552 699 520
1014 895 1064 859 674 747 129
928 1028 730 578 907 970 1156
1142 1079 650 749 1009 1065 225
682 1124 1035 647 948 927 1096
1099 989 987 682 420 1090 1128
1110 1015 1045 1124 988 1153 1071
942 984 708 1075 1051 944 589
969 397 1023 1161 991 115 911
1066 479 1042 26 301 172 148
1101 743 1078 1093 574 1200 1058
1081 605 1027 861 800 85 1131
1186 1169 995 991 938 946 655
228 324 906 950 707 264 1025
526 1186 961 775 984 866 1009
1080 857 1143 943 1103 1031 15
1108 1007 882 1056 852 1110 981
1025 401 478 756 992 1156 957
1167 1027 910 430 556 934 814
865 965 1122 908 1068 1117 679
977 968 1046 819 590 809 744
1010 1159 850 1038 1121 1180 694
1054 930 1034 180 658 354 1072
776 1042 1041 948 143 1050 1068
1050 932 878 548 753 781 1167
628 363 846 1170 660 1176 324
755 1173 1101 704 720 1190 696
1179 839 1048 1158 998 1085 1036
967 544 771 1193 1071 1086 1105
1020 626 949 795 965 717 724
792 1067 1183 1127 884 1014 937
1111 1194 1123 1079 1048 752 928
1147 394 1070 733 914 1130 821
533 128 3 932 1052 1127 892
1139 798 793 702 1174 1081 714
932 972 1106 957 413 456 648
1118 729 1051 1196 1014 445 1191
1107 29 976 819 1077 238 950
130 737 623 1195 1094 908 1137
1067 1137 22 705 55 1090 1086
725 849 707 394 329 589 852
1097 596 127 138 1035 992 609
752 383 1050 883 882 1108 1097
1183 977 862 1188 1163 1049 922
1165 1135 1189 1103 1172 932 985
984 1000 1151 966 1129 885 850
1010 943 1192 871 1167 875 835
1182 1082 1034 930 691 1181 1108
454 975 1125 77 1034 1084 1062
1015 84 470 957 966 1094 951
878 1119 1094 696 283 1061 1072
998 1193 1144 1186 931 1081 334
491 972 968 1032 723 1177 989
1104 1112 660 834 1030 974 981
584 560 936 940 795 1024 894
1115 671 981 671 549 970 357
729 268 580 994 773 981 1026
1090 985 969 684 618 1096 1112
1147 1185 1108 1008 1093 289 1016
911 1037 906 1140 639 467 1153
648 1050 1129 957 1171 40 991
292 873 627 1113 1076 1091 1057
943 1070 1197 731 1186 1185 951
1090 918 1161 1034 86 387 733
1120 231 765 983 934 24 971
968 551 929 773 960 245 1024
858 445 1163 1059 911 1100 82
1049 1044 1165 981 780 1059 1065
941 755 501 808 368 1123 166
845 1158 1171 1156 361 979 380
199 661 1196 1176 111 1137 351
368 878 1138 1191 723 1155 1134
916 708 1185 147 947 1051 1037
1050 1005 782 844 1021 693 1082
1117 1080 1123 936 595 1132 798
47 866 1121 1000 812 599 1069
637 1149 1157 912 1005 1141 687
592 646 984 371 1038 1162 850
836 76 313 694 971 857 769
202 1065 733 892 1090 973 994
748 1000 67 981 1029 1075 1157
1163 903 1002 1198 1194 982 200
1138 1107 973 1146 178 926 266
474 19 1146 868 930 1024 866
781 108 1184 933 1013 460 946
931 1108 1045 829 580 554 42
536 1106 764 1115 1139 954 653
305 927 82 1038 868 1091 1071
718 790 983 25 1098 818 643
1046 1030 1095 214 756 788 1096
821 49 826 1121 222 626 966
964 905 956 939 1146 1048 732
1124 473 1045 429 454 705 1035
1024 687 953 1174 1092 1026 379
611 868 1068 319 1076 967 1116
935 903 1098 1066 942 315 369
945 135 879 1032 942 892 1057
912 1134 1035 993 939 991 571
218 669 952 1015 1045 1006 1095
876 687 1137 853 1108 1086 694
565 1067 760 1126 771 978 927
1175 1061 43 1117 914 951 940
953 1179 669 1050 939 748 1095
1022 670 770 846 224 960 206
1095 355 373 1147 1066 17 1155
1001 899 928 1085 942 617 545
427 526 156 597 547 632 1047
978 735 1160 998 702 1044 927
1117 963 1164 1073 1038 890 297
1111 1112 774 715 1060 928 1029
700 588 870 731 234 1006 1148
1002 455 267 436 947 452 1096
1149 945 469 1166 728 778 1072
1140 527 1083 1120 934 187 1032
1114 1135 977 1187 1062 1171 1131
955 1032 974 475 1025 1067 425
94 1172 136 934 1177 1024 1099
118 952 978 761 747 983 922
817 652 435 1120 1017 1024 933
1116 886 1056 940 60 618 1114
92 954 335 91 784 404 786
680 606 493 485 999 1060 1186
966 1125 960 1161 1179 399 1052
49 1012 1104 530 971 845 583
1067 891 515 437 903 477 792
572 1102 1051 1031 738 1056 970
976 1085 1105 354 882 1089 780
1062 1046 1179 471 953 484 1096
271 831 1180 612 594 1100 951
727 260 985 636 131 670 1172
924 22 1035 1105 937 434 1093
824 722 1047 1137 1058 1180 1110
1101 1171 838 13 500 261 412
918 1079 255 938 395 837 607
417 798 974 1188 976 965 1195
1046 1129 1029 991 708 1003 836
1127 1023 890 940 835 815 1176
1126 965 1034 887 1073 1082 1058
1095 859 1173 485 712 741 710
1069 989 1070 497 767 727 1111
222 1182 1157 1183 235 1091 1140
1139 948 1161 1198 1143 692 1184
897 1154 1069 1162 559 1064 1189
1046 1111 450 90 504 6 1145
941 16 1001 331 699 1108 531
1197 1004 1101 707 864 269 948
1105 930 1061 891 805 201 835
909 1104 1122 1043 1075 971 988
1196 964 1007 854 1056 1113 1175
1084 787 1064 721 1143 1046 1164
704 1190 465 568 1141 664 1195
1170 389 964 907 987 220 1081
865 1036 775 625 1169 776 1051
1040 716 924 766 952 995 127
816 969 1166 1040 1183 193 428
1039 1086 75 906 1073 978 1171
1029 900 993 936 637 771 1160
1199 823 904 800 1022 874 203
626 959 1038 836 954 489 846
759 456 1022 1073 1189 30 933
448 1088 16 741 996 954 1117
1099 810 762 1105 1064 1166 1193
964 917 1024 1116 510 442 1141
951 1004 971 1148 339 838 1070
1010 729 1083 935 1188 943 24
1109 794 798 64 645 1167 1119
636 677 1191 804 1182 963 432
1160 1113 550 1075 818 1085 467
1054 769 925 1193 816 1097 917
252 1178 1103 986 1020 1127 1169
777 824 622 314 895 100 1163
1143 929 1177 1018 1029 921 201
716 629 954 1092 1159 1020 472
1175 1047 666 1093 907 411 35
833 1106 1165 950 746 1159 1147
913 1131 290 1106 962 985 1168
1086 807 892 1055 910 856 1165
964 693 1048 592 59 1200 1195
1010 1055 1191 1177 1102 1156 973
1038 783 1082 708 700 1167 705
915 1007 615 1131 1038 513 335
613 1098 349 721 1109 888 1024
1126 701 583 93 483 985 1100
1091 633 906 1030 1043 1056 1161
796 1151 901 409 601 779 1159
1055 944 1026 984 1078 1045 932
994 867 1181 4 1122 1015 960
992 476 979 1134 820 946 1098
868 1113 945 850 918 1104 1041
1008 1158 802 1086 807 551 961
926 98 793 1073 582 485 1065
1128 1150 1049 442 1094 723 884
926 107 544 1148 839 1062 722
521 1143 1144 632 1034 464 960
1054 1126 1042 867 1190 1173 1147
875 1116 429 665 1198 1076 501
562 492 1065 356 630 935 1120
1154 1165 560 1061 946 994 1110
1091 942 522 1122 684 96 1100
895 734 886 766 1156 206 827
1017 986 1098 116 1158 936 730
235 1044 10 964 1014 894 992
825 674 158 1190 673 1164 1035
760 1025 1083 1137 757 124 670
1074 873 1021 761 906 1191 759
1109 1157 786 1170 961 925 636
1149 933 1154 773 1012 1088 958
1150 1160 183 299 999 950 1145
985 789 806 1184 64 1014 1074
745 879 291 286 1009 895 1125
1141 1092 1070 933 750 1117 1021
631 764 168 781 867 98 1080
1127 1170 1061 372 1181 1182 969
3 1053 1100 475 1055 262 844
830 1107 1134 992 1025 976 1095
925 1118 1138 703 598 989 977
1098 739 751 995 528 246 681
415 1129 997 174 1008 1028 1159
710 1180 710 1063 501 1113 1018
1137 908 898 1158 952 1129 709
1087 1022 689 862 7 1169 1140
1114 997 96 1000 1167 943 962
1051 916 352 1012 428 563 1012
883 1141 968 1134 1018 1093 1180
214 752 1148 292 877 1196 1114
805 1047 1059 740 303 788 1005
940 1122 66 1074 954 746 160
529 934 723 929 956 939 1069
748 847 965 500 1178 591 1156
1047 1112 883 990 850 1019 1101
675 1134 1018 997 386 658 1133
732 769 1112 1052 825 908 663
1092 1038 598 706 929 613 786
522 988 985 844 922 124 1166
1046 780 1193 154 312 969 1150
704 954 1016 797 1116 1047 1079
628 739 1003 1145 749 1174 20
966 287 1124 1184 1075 1000 715
1056 1174 792 1119 739 1100 882
1145 1164 1193 144 827 947 742
1172 732 1167 949 1170 901 419
989 848 950 420 1011 828 532
811 998 1031 1030 1131 863 737
1088 1097 371 252 922 1141 970
1004 961 902 1063 607 746 1113
1197 989 1125 541 1066 935 33
1174 1165 992 340 1064 457 770
1045 719 1160 520 712 1145 1187
967 1104 441 1187 47 944 1105
812 836 1118 697 986 1094 937
609 1049 241 945 1055 1186 1087
1195 1020 503 1030 814 747 715
862 812 1007 1016 774 1173 970
854 1077 1189 943 1106 1075 1198
635 929 1196 1059 1011 181 1018
1045 997 1059 632 658 1105 698
1109 1028 1138 479 1057 86 1137
980 995 1029 17 1044 97 1022
1039 194 1010 1122 537 867 933
384 668 1110 801 923 986 1136
972 879 318 359 513 974 705
858 1119 1140 519 1170 978 782
972 1132 1047 461 1101 1001 1115
982 1116 823 1168 196 881 1153
938 1167 923 817 1013 945 1155
289 1004 1081 921 171 1047 1100
937 1191 163 1072 935 821 841
1020 1002 999 744 277 476 1097
352 219 1139 219 1187 949 1138
1008 1190 898 1138 38 640 824
860 808 1090 693 884 357 808
1104 997 962 893 1101 212 904
1073 755 247 1068 945 797 979
1150 880 41 1049 1190 1112 1082
1071 1085 977 575 722 1193 52
952 968 915 554 993 539 873
724 308 1019 963 458 948 469
726 1116 347 1 1072 1023 1150
779 951 925 1039 975 653 662
1046 948 1020 905 534 604 842
486 974 1118 164 228 1072 1040
879 104 870 949 688 1146 1190
1100 978 1142 1136 1002 1005 321
946 1060 942 736 778 685 1183
980 1071 936 1058 1187 344 1173
992 162 1075 938 62 896 277
738 956 1046 931 1152 8 1033
332 845 1030 893 851 259 1148
965 1195 1130 251 887 842 751
1179 453 813 1157 1038 659 640
391 1038 1069 1188 874 1077 1053
1127 1100 972 342 217 1170 653
145 1023 1147 1065 1200 889 1194
1066 1049 1050 659 882 826 1082
1113 1092 627 185 764 1089 270
983 939 965 999 1035 1072 578
1171 701 1126 901 1121 1033 415
981 972 717 1104 1126 975 695
936 302 1173 1154 1183 999 1200
1155 1122 953 644 455 1030 701
353 942 645 1118 1175 1000 435
581 1187 1001 971 966 1192 979
343 4 1084 1080 979 99 1084
989 37 159 955 573 534 1161
794 1103 1105 623 306 985 999
979 1058 1178 1042 1005 413 1054
301 986 1195 984 1001 1112 662
1113 779 514 730 367 1075 990
1064 933 1135 1055 744 1015 903
847 1068 980 300 186 1200 1086
787 991 1013 1027 1167 725 1067
591 941 917 932 1074 971 727
1077 1099 1095 1139 1012 1098 654
1125 964 1150 1154 1155 1177 554
1146 929 1119 1053 978 1113 853
1026 9 594 1194 958 732 1181
503 1014 234 1037 1145 1176 977
1009 831 1170 438 125 844 1189
1033 803 1192 1128 424 1015 849
293 1128 1177 1121 726 376 1091
494 990 34 759 1083 360 1185
1081 647 1049 988 1069 920 75
1073 1053 50 1013 960 877 1135
592 1103 1071 1053 1017 1021 989
960 1164 128 544 333 1138 381
1140 1043 379 595 936 950 1162
683 1105 427 969 686 620 1047
1170 795 888 1170 980 960 1120
1177 718 1173 672 263 1094 919
908 655 1026 515 1083 566 877
1098 923 843 951 1136 1011 1174
995 906 758 877 447 897 981
1032 1104 1125 1168 1001 1129 915
1187 73 946 1107 733 719 939
1149 1026 528 1020 676 1157 992
924 1189 930 1173 1104 987 1038
1168 364 1174 666 711 818 6
877 1184 985 1176 813 1157 1110
893 1187 1182 1159 1049 243 1168
44 1051 1056 1175 866 1022 1048
1060 598 1020 968 461 914 45
979 709 924 963 1142 1054 1142
713 1054 845 348 1030 1044 1138
1081 364 1057 887 1048 1198 1025
1017 194 1125 1078 767 689 1144
996 939 911 331 1189 958 1007
962 459 51 1113 1030 1189 1095
943 656 1172 642 993 1015 635
102 1114 290 1062 1132 118 209
1148 1087 982 1003 759 1199 748
976 1200 964 763 1176 770 1055
1050 1133 990 762 736 1077 853
602 934 276 615 434 766 701
1059 750 1125 915 1153 731 660
772 916 928 1006 477 372 1195
1190 110 1140 1003 1192 238 1196
959 58 948 1063 599 740 1050
1069 1171 953 929 1012 1008 1200
647 1005 1056 809 929 1151 937
1141 182 293 1086 874 1097 974
756 38 294 1163 807 61 698
1030 1116 1063 242 1048 9 144
988 931 634 170 1099 1128 462
774 904 1153 998 95 927 1119
1096 1192 617 812 863 1113 1120
1040 362 419 1072 1038 1109 855
587 1197 1004 711 1062 1134 974
1062 1044 1094 226 392 903 155
970 1071 1146 1023 1101 382 846
870 949 67 1057 715 548 937
913 830 1122 458 1012 654 722
815 1159 1136 855 978 1194 597
815 1068 459 1027 983 829 620
433 706 288 425 1036 773 507
1057 946 740 913 1145 931 1124
253 848 883 972 1037 979 344
689 1062 1186 1106 1097 1117 880
841 1173 1185 930 1140 628 1031
897 872 1057 195 471 163 1039
700 657 644 1088 766 928 934
1178 869 876 406 874 487 942
505 1183 1111 926 955 1011 839
1006 1199 949 1028 895 1135 1132
143 649 390 1063 787 962 938
1189 1131 1083 421 1124 304 1156
1044 1166 450 1093 905 613 1037
590 746 1043 314 765 514 537
1079 867 806 1184 1073 1144 769
1196 939 741 1138 431 1052 1076
983 165 1066 1182 627 1034 1063
1163 1017 965 1146 1042 1081 907
977 947 718 1070 42 323 1065
374 950 70 180 836 1026 1000
881 204 525 272 978 869 753
1196 933 540 1048 608 1003 1016
918 614 497 782 1103 603 503
753 944 1052 1053 980 1070 1188
692 945 696 506 243 210 265
952 534 664 1140 731 380 784
944 860 981 700 431 1147 787
962 1160 968 961 1076 954 1075
868 192 70 1155 677 1107 1035
197 923 697 1106 893 1187 1182
1000 407 911 1025 1184 1114 582
1015 1018 855 1078 832 945 1060
1157 828 1152 1179 693 1142 567
475 1052 467 797 834 837 284
1088 1166 991 1157 1177 87 789
986 37 957 1007 819 543 1015
942 412 930 743 1144 1173 1076
1101 650 920 1134 679 1120 1140
1165 573 1181 1116 121 972 48
970 1004 664 1019 973 458 754
925 1040 1065 1123 829 1061 433
969 695 1149 1027 1149 927 1037
1144 990 169 1180 495 1152 955
1168 1010 1089 993 1157 928 934
1099 1016 444 1056 1097 1108 793
813 1194 1035 616 866 21 950
1153 1173 179 14 688 1047 742
981 1058 941 998 986 839 696
900 1074 956 423 803 1159 1044
1057 691 562 1067 1115 834 81
1023 502 1157 646 1117 1033 1030
815 111 1002 1078 961 833 233
1122 1168 407 468 1106 984 1093
923 928 1123 1178 900 1031 1164
982 1186 422 1155 550 821 985
810 624 732 1168 1014 650 961
272 1074 1151 912 1132 648 273
1136 1198 404 1018 982 915 1092
999 1008 939 1130 1063 1130 1007
1142 724 612 808 725 927 1163
979 1132 970 562 1062 745 613
1167 667 1040 925 785 1084 968
922 215 1082 973 193 716 802
1046 1188 996 716 1032 1190 1054
921 430 1024 834 634 601 1172
1156 871 387 1161 930 923 1189
941 771 978 943 1000 1145 1152
1182 983 63 1068 1137 1176 436
1162 478 1135 574 998 1012 564
1090 967 775 713 1067 1012 822
1019 873 1041 976 1039 735 1199
231 1045 849 421 256 1097 1187
997 956 932 89 53 895 103
1062 1034 1001 105 1114 1189 610
709 1114 1197 1192 334 963 820
828 1032 722 1061 771 702 1028
967 947 1095 269 1036 1054 1024
1085 938 1091 1188 873 899 350
1165 1121 950 116 656 972 988
153 759 1071 397 1189 920 677
1155 191 365 1072 850 736 926
1117 943 1112 754 1059 1131 651
589 944 1040 859 943 1187 832
