1177 1008 516 1171 1032 601 1194
1200 917 1073 1020 1100 965 87
251 1153 962 934 1039 504 567
1153 72 1044 394 821 1010 485
1047 1125 871 228 861 766 1171
761 1066 817 768 89 1041 1084
1072 1057 1085 1009 1182 1008 173
1189 991 693 1124 1187 1050 439
814 854 525 68 1105 1127 1075
589 1037 1110 1073 955 52 997
532 658 628 1182 1058 475 939
692 1053 1176 1016 1153 1170 1142
57 1053 124 65 1067 894 8
1174 975 1031 419 1109 1000 1062
403 1041 887 743 1074 4 952
86 905 378 1144 1052 871 609
840 339 1089 1040 1190 79 1043
473 1033 831 970 914 582 1058
559 1103 626 1138 1191 1085 1050
845 739 1082 1075 1040 1042 201
496 1009 1152 1007 1143 1024 1191
1065 833 391 1072 104 930 187
405 148 990 998 1024 523 807
1152 993 1066 1045 1166 633 997
980 599 1184 561 142 1147 1110
305 1060 816 1144 1182 1190 150
21 629 482 612 726 743 948
629 1050 1132 1179 1170 1175 870
1031 1038 444 917 517 1185 948
1124 827 198 509 995 931 468
1015 1193 1152 755 592 759 1164
605 1168 1146 1093 1163 1060 842
1005 590 100 1000 116 962 872
658 1036 924 1183 984 992 1092
815 71 923 568 368 769 593
609 1019 366 1007 1137 1074 1146
1012 971 291 854 1018 623 1030
864 1110 1187 842 1098 958 941
16 1034 850 707 472 783 640
255 1137 731 972 730 1038 197
1035 790 438 947 840 1040 1158
977 1086 800 733 1088 1040 1022
1173 1043 155 882 1129 972 879
955 1148 659 836 709 1171 1070
778 942 1137 862 241 27 719
1172 967 1118 1034 897 1048 1006
1138 1047 1162 938 841 978 614
1160 884 749 749 964 821 735
1018 607 824 923 741 611 164
689 1141 819 3 978 1170 919
56 1050 1111 1033 701 951 1035
888 671 564 696 1072 1191 1059
491 1016 1102 621 49 1131 170
110 986 1071 1191 1138 1070 301
942 981 678 835 14 910 820
468 926 688 1092 1083 1109 1196
1112 772 922 295 774 1163 1166
1012 126 840 798 995 1140 507
1164 1168 531 714 1080 570 804
1163 643 1109 954 1193 671 147
1200 1095 881 789 1135 1111 1160
265 791 1195 1163 1105 1036 1086
230 544 811 1033 608 1097 130
319 1100 875 726 509 1058 1005
1117 1146 702 684 1028 937 23
1086 836 1128 1160 729 1149 989
1106 819 1085 1195 1054 991 1048
1141 714 1158 1025 1182 1109 1059
1003 260 1051 635 1045 1177 1164
533 1076 982 986 669 1070 801
1029 1063 1134 899 1044 661 299
763 1168 1164 1180 163 281 1162
840 437 661 1065 1088 827 1172
872 884 1130 1023 940 1027 947
966 951 847 527 421 510 1055
307 827 279 1023 1134 926 1067
941 460 146 51 1030 1184 298
1098 291 1135 703 283 586 807
1153 420 590 1168 1185 205 876
1198 1140 1110 337 1174 1083 852
115 1091 832 1047 841 1176 1185
1181 647 961 767 887 383 1118
1057 941 99 705 950 1117 728
685 243 935 991 1193 536 1136
1169 841 860 1006 612 1143 678
1139 1048 951 998 959 1171 1196
761 580 960 830 943 585 891
1171 1148 540 1197 592 1027 1171
981 1100 1168 939 379 538 743
979 1192 1056 966 401 1012 955
977 546 1043 1106 1187 1078 1132
1184 1190 1161 1028 1173 246 990
791 1086 813 937 1037 848 1060
404 417 1136 909 1119 1030 1184
941 995 971 1114 1139 1080 963
1119 69 1171 935 847 985 1106
221 1168 91 913 272 1149 973
401 519 1057 799 1122 1075 1121
1047 1073 998 554 1010 11 1089
854 1165 891 1192 962 1200 1129
1175 1146 1200 1031 507 927 979
1049 1089 1000 1089 311 945 991
937 1044 1081 691 1078 574 631
1011 1037 1148 836 1173 825 1179
1054 1082 1097 1081 422 1161 749
572 1010 960 965 1096 693 711
1005 991 1122 359 689 434 1031
1128 1079 136 114 1088 906 209
1064 963 458 700 584 1014 1087
915 1096 493 972 787 1019 969
732 1001 772 1195 1167 1197 933
1067 815 1191 938 978 943 485
962 1093 1160 1114 1029 880 1041
274 1171 1001 1113 1049 944 587
1155 1122 622 1163 978 1183 583
1170 1002 958 38 1128 791 976
1147 448 1168 831 83 1155 992
226 1121 1105 1003 1104 770 301
487 1037 1142 957 1057 391 1093
1120 950 964 1053 148 1044 1197
1073 1055 1022 190 984 1088 475
229 1188 1068 22 1083 1175 666
686 1008 578 858 1002 1183 1129
898 927 1052 1014 700 268 1128
954 973 1166 1015 771 1094 897
847 1193 1061 643 933 902 1066
610 119 971 377 554 256 1097
892 881 137 464 1003 756 1199
1185 204 1167 843 968 1007 1189
835 509 1162 722 1079 1142 1040
63 877 1046 886 974 924 873
1113 1006 573 1049 762 893 1188
1094 885 1133 923 1082 664 1145
475 1134 441 1056 1061 1094 1149
696 1027 845 349 1099 610 1040
1093 1056 657 626 917 353 908
880 1158 975 805 430 1049 476
607 1140 699 1169 1145 1075 1112
242 769 998 693 716 1146 929
656 1151 1032 1194 1074 966 317
688 966 1153 1170 983 169 1186
803 1182 1133 934 922 1017 1064
222 966 961 999 931 276 707
1029 1050 963 944 1076 744 521
1177 876 1168 182 1160 765 1124
1015 928 24 773 1194 627 1023
967 1034 390 343 940 322 996
1178 1059 442 967 948 31 1054
540 674 253 1169 1148 752 260
568 721 387 852 1013 989 35
557 520 1099 1094 869 1063 943
790 67 979 1137 1195 625 900
968 725 1081 1008 1119 1196 750
1121 925 387 1091 120 1178 1183
212 690 408 180 924 777 108
768 1064 1136 324 963 1006 1179
1107 794 700 897 215 1010 1183
486 1084 727 362 660 1044 937
848 748 1162 1082 1072 1037 965
1176 1187 1042 839 1078 1091 921
1038 981 1069 912 930 1028 1183
1162 1172 508 1085 970 419 1171
725 1109 1135 196 1186 835 1182
1177 505 1066 812 1064 1084 1053
480 1074 1063 780 882 603 1177
1065 1052 855 748 1173 802 1048
414 997 955 967 938 92 1145
1159 409 601 1009 754 1167 535
1102 1170 579 896 1059 599 815
1034 964 1039 977 548 90 471
890 1175 39 991 785 681 874
884 594 836 700 1039 1186 380
1108 626 1161 540 753 1077 910
713 720 545 454 505 285 1199
1165 1045 456 1121 840 1172 932
1091 785 747 1134 1194 641 332
1135 456 433 983 1169 652 951
976 546 990 1024 752 1091 409
30 1076 203 922 909 707 1036
542 1147 1120 1025 923 1188 1069
929 843 182 1124 1054 522 1004
1200 1016 727 982 883 1130 946
1126 360 1000 812 781 742 654
916 1049 960 648 340 40 1029
840 1017 532 959 874 619 715
239 1166 1138 1009 138 703 1110
1132 974 921 943 993 1090 1039
1174 787 1055 1200 1115 830 1191
959 1162 1188 459 1087 859 1125
913 1034 834 1082 788 1088 647
101 1029 687 140 753 1159 632
702 1169 1082 127 1051 792 833
1028 1051 1161 25 1194 1137 860
506 719 971 1161 849 770 1105
878 1073 731 1099 710 1186 999
1162 1112 995 779 1021 885 976
267 1159 709 1052 1197 879 737
1116 1005 948 805 1174 1090 3
1159 753 452 1191 1028 825 1105
444 839 292 888 408 318 364
615 963 1193 1198 879 606 872
1152 1114 1146 374 737 1119 1138
1176 936 1002 804 1080 698 1028
1194 1102 665 66 933 476 1071
517 857 672 724 967 996 1141
1068 726 1102 966 1115 470 1110
46 1004 703 1105 1087 922 820
1071 1167 940 989 1103 594 1048
1038 973 1018 1083 1114 58 844
538 977 829 804 1035 952 1073
945 1085 1121 27 1148 1005 853
298 758 1062 510 965 952 1022
999 259 809 759 952 1096 967
923 1097 1015 807 237 369 149
867 1163 963 1112 819 1153 1062
994 956 1152 1067 875 933 1080
1181 912 1045 115 1101 729 1177
936 1012 983 1003 755 767 1032
1134 816 1117 1131 69 973 853
1084 1049 471 1056 1199 1189 970
684 1163 1094 328 527 944 937
1162 1188 805 1015 107 817 796
951 10 892 202 1178 1049 987
400 883 1178 1022 928 1020 1057
350 1133 1027 432 1011 954 996
923 989 1129 1077 865 735 648
1086 1155 1074 512 1109 1086 516
1075 943 570 923 1197 1104 257
728 397 1095 996 1077 1115 226
896 928 995 1184 982 531 1131
613 1161 1005 1160 959 727 1122
1050 529 835 852 935 1033 1058
1198 588 88 289 1029 615 721
625 1187 1070 1080 1022 903 802
743 858 1092 1096 717 1117 1130
1029 882 732 931 457 670 556
1080 699 890 658 534 805 1076
1164 995 486 870 725 992 1166
1101 741 1091 715 581 936 833
988 1002 1113 1028 1138 1180 734
999 934 1150 995 758 1009 1035
1163 1119 501 963 1148 984 1182
539 403 1199 1077 88 933 514
7 1122 46 943 1036 890 998
600 157 346 1179 467 864 640
107 1154 1118 678 1019 800 1035
1058 1078 686 802 835 164 651
947 1056 449 1095 861 1036 41
143 654 235 217 954 734 1062
951 916 1142 843 968 92 1080
1151 1103 1067 1120 1144 1039 1192
747 1134 1051 220 745 1057 895
295 901 911 1185 738 1199 1068
993 321 610 464 1083 474 1104
772 1192 1062 268 1075 481 139
958 985 760 1083 19 421 1035
1190 945 1022 1173 465 1116 1036
591 1189 895 542 793 1189 434
1151 1161 1047 981 1072 95 1097
1003 453 33 1021 913 1081 934
1121 953 223 1173 153 939 1090
1146 1193 793 886 1061 1165 140
1136 1165 1194 485 954 1123 386
806 1021 1110 1074 1121 1138 1143
939 949 723 213 1033 952 694
857 213 1151 1088 290 974 53
980 1030 959 1111 800 597 616
209 1112 815 859 1162 707 481
1176 1151 1109 20 650 1049 219
157 969 991 232 313 1072 1124
1045 1023 1053 117 947 325 598
183 944 754 1074 1128 761 947
844 1032 697 15 418 1054 904
1000 1132 848 873 1164 1145 1016
1011 993 438 91 706 896 1182
755 1091 1095 1065 252 151 1152
1152 763 633 1038 980 670 867
765 537 171 129 1046 1112 1076
869 986 193 1180 752 872 854
1173 1028 1151 926 1046 1147 667
1042 978 720 1109 399 841 993
1160 1020 539 903 1134 425 1085
289 1044 932 306 1183 1055 1154
1161 1087 948 628 776 491 1092
667 636 134 586 1110 1186 1062
1009 1119 1151 957 1026 276 990
1080 1004 976 229 955 1110 1108
1167 335 673 1078 666 502 622
526 1102 1135 653 1162 932 474
1133 838 94 1027 710 278 1136
1093 1145 1067 827 1011 982 325
976 963 1197 1039 1155 795 812
996 1019 1053 1128 1028 739 316
1120 738 1196 336 163 98 1200
822 376 1135 914 881 1145 1054
870 694 530 1018 914 351 1126
698 695 849 1129 1163 949 556
976 167 408 339 940 690 1131
1054 888 61 1150 990 1095 956
1004 1172 1027 1027 939 662 267
1199 910 152 870 912 1040 358
1151 1053 863 1174 444 860 1030
344 1165 1129 775 971 1116 828
1011 774 758 1060 474 938 956
860 1041 936 861 1175 916 823
5 885 136 601 889 1105 1088
1128 1096 863 448 1064 720 215
1114 137 988 1050 272 454 987
82 987 1176 500 1018 1079 1144
1072 1135 70 931 945 1111 958
1037 1091 1113 1021 804 952 134
963 760 759 670 1142 825 709
961 1113 985 1143 987 689 776
1012 1161 1115 904 979 1189 979
600 1062 1151 1037 608 126 1047
820 1048 381 942 754 1032 837
452 1112 375 413 1017 971 736
995 1049 953 1199 985 1031 1047
977 1172 968 966 816 1137 1101
779 1196 1103 1124 1015 1141 901
927 1066 484 962 178 958 1049
975 950 1123 494 1174 303 1090
716 563 973 1196 1016 927 1130
471 1174 1062 666 1047 373 1131
275 1064 1035 181 683 1134 925
1107 774 71 565 1133 647 415
1150 849 1133 468 1140 924 1032
297 986 1151 849 446 1107 1165
1116 832 1049 1159 937 930 1098
1192 457 859 1008 811 1011 595
750 333 1045 1151 915 956 885
963 465 1112 553 1011 735 922
1118 915 1123 1017 1030 497 1061
108 1055 1125 1058 1050 591 1084
978 1101 737 819 1072 1059 992
617 588 916 1001 649 966 1198
1148 1020 1085 558 131 358 685
1115 158 1021 845 655 1148 744
1184 977 1049 575 1072 1170 1082
1022 1111 1119 1094 258 1011 957
1030 1118 479 864 1030 789 582
952 1060 957 431 1004 529 986
902 1200 1035 977 1198 506 76
915 916 81 801 1178 935 1122
1148 798 851 1098 1139 1195 323
996 1005 973 462 1172 571 1146
897 1080 615 718 978 1064 480
873 1189 740 878 944 593 973
922 588 1011 740 51 1153 470
202 1198 1031 1000 1081 1029 680
943 642 801 429 1018 1081 130
1114 1000 1081 1001 1154 379 739
336 733 1032 876 1046 439 1136
62 894 902 1106 973 989 1051
986 1139 1066 616 450 608 1127
939 1120 925 1133 1200 959 1161
1161 514 985 674 526 970 1074
10 686 348 1173 1045 978 45
763 488 1042 583 998 1036 1071
982 1000 1115 597 642 306 1112
1199 1030 1050 787 1168 943 360
1053 622 1175 1065 1047 741 595
982 1122 503 956 1178 1060 1074
632 937 673 912 1020 338 1144
25 1190 1166 393 713 1008 1013
1048 867 924 720 955 944 1160
1062 1185 1192 443 439 1025 803
893 821 999 1150 1068 1004 1191
994 141 499 663 1190 964 691
711 877 1104 364 1143 954 1147
1155 923 683 1127 964 929 926
1051 1036 1021 940 736 919 965
328 950 976 1190 764 537 658
1183 1132 1127 901 708 1161 1004
908 951 1124 934 1147 881 1141
927 969 653 772 742 893 701
175 735 871 1131 1166 1157 1107
1150 1139 640 1047 735 639 141
121 890 1179 1013 113 757 919
857 947 1154 1027 980 783 1070
1051 1110 1091 925 994 1137 878
969 429 1125 1178 1141 842 1176
862 1090 754 923 1044 1023 823
543 930 233 428 952 1037 1186
1195 833 110 810 900 1041 1120
76 1164 978 980 869 383 1093
1107 707 1184 574 1050 1193 964
1006 1041 1025 1099 768 630 303
580 575 326 1148 699 995 933
1038 1163 1019 1109 999 985 614
907 389 67 727 482 302 868
1012 1149 1079 822 939 1117 929
919 826 713 711 1069 740 1108
1191 842 627 962 530 640 106
932 1020 801 974 1158 714 1031
1005 293 283 1152 1176 450 1185
1117 1167 969 730 953 971 890
805 799 1102 1174 1145 710 1110
1014 766 1150 796 273 617 1153
1153 1173 949 1156 1176 935 880
922 771 967 445 1041 671 966
1059 1003 1107 962 1008 547 645
449 1061 429 692 719 926 972
949 1007 992 562 154 1106 971
1045 775 1123 814 762 1059 350
314 58 1146 1026 1114 302 1019
821 687 1180 1148 1032 877 34
618 961 900 957 1002 1088 731
850 881 1184 1160 932 1105 1077
1175 928 635 520 1137 957 1000
933 418 873 1043 1108 1055 1199
972 880 1026 591 487 967 1157
887 1027 1039 1136 566 551 663
1073 690 1034 191 639 26 959
942 147 918 1197 822 1048 1087
1164 796 1001 1007 936 1151 829
165 925 1144 704 990 1168 1182
1149 996 1003 716 1174 869 886
981 764 794 1184 961 165 933
895 224 1058 172 98 858 103
994 954 1166 1133 941 1043 930
363 155 1026 218 983 680 1024
2 1056 451 1153 60 1161 891
1012 636 878 837 1079 778 777
300 921 834 732 13 957 1101
676 978 969 714 118 1185 435
768 17 1138 832 1063 978 718
1118 1146 659 879 984 1059 1087
834 756 1030 1025 1115 744 457
1032 395 1057 1013 994 873 1130
940 240 1092 855 529 1003 926
1189 844 709 1135 747 950 948
928 96 997 458 208 814 948
902 927 1109 1149 210 965 839
1069 1111 432 355 1145 946 514
1119 1193 200 1090 101 984 988
1156 1142 1166 614 1041 995 1009
839 1034 1131 1152 984 1200 1019
1063 510 653 595 1078 643 888
959 257 1185 843 1095 1007 1092
863 749 1023 495 969 1066 581
1010 992 244 433 1073 846 1090
1079 1124 1061 1128 973 571 1193
672 1121 949 998 922 1068 872
669 573 453 1111 1121 714 938
1081 1076 1179 1002 930 756 970
927 659 918 956 730 1061 1058
1001 1102 1104 1162 643 572 664
1082 1064 1042 950 921 595 425
851 1152 1169 933 989 799 667
1069 985 1170 1073 862 550 958
602 626 1035 1025 1167 866 543
1085 646 1119 887 1098 591 818
106 547 398 1059 915 946 45
1121 970 1172 78 1193 1184 968
715 1141 763 800 1121 995 1085
1179 737 1163 423 951 964 1115
1146 1194 941 125 682 855 250
1080 950 815 555 1103 781 926
991 1009 861 123 967 1077 983
780 830 898 1196 1168 935 987
1060 1073 428 517 728 1064 902
968 901 498 924 1060 1176 1035
809 1166 378 987 197 1136 479
1153 1149 74 29 9 1098 50
1031 742 307 974 738 1010 1055
1170 941 918 1180 1179 893 484
727 1171 628 955 931 767 1167
994 788 893 1194 932 1038 957
1062 234 927 240 816 851 1163
1173 727 1143 265 417 1096 506
1041 850 343 1062 702 875 1100
617 997 927 1153 1013 1022 990
90 453 804 1002 1089 1041 1013
672 467 577 989 935 1016 1107
1077 384 710 1097 1200 795 1140
74 431 760 944 1193 901 926
1182 1099 782 990 558 1147 1190
317 934 1034 853 1022 1187 176
1065 459 114 868 1132 1139 862
1085 940 415 964 1074 889 654
1164 922 982 1002 780 1129 1155
1126 1080 580 473 971 692 926
451 879 1059 899 1079 845 613
939 1004 1175 593 208 733 1143
1199 834 776 983 784 1090 754
928 392 1199 811 972 981 64
641 86 1088 1086 223 707 1081
978 877 1053 1098 1029 1014 1184
663 1095 985 1072 550 602 620
28 1114 1096 417 1147 953 772
77 884 1108 797 769 1188 810
806 936 823 1127 547 791 1017
566 981 437 760 1141 646 1196
1173 357 1076 1126 487 166 992
494 867 1088 1073 237 1175 565
998 767 1066 1027 1014 1137 1003
1111 1167 528 1006 1127 1065 702
883 1113 1150 949 1073 987 1123
1152 1110 953 1069 493 986 194
979 934 1007 1046 441 1114 612
424 1115 906 698 957 1001 1045
1191 156 1161 1086 1169 741 980
995 680 638 192 170 287 664
649 1060 1013 966 784 1195 1033
729 762 963 331 1082 725 922
810 988 500 1096 652 674 1115
1148 888 930 1144 184 1030 943
1108 1135 1078 569 1059 1117 984
967 862 1103 1157 797 876 305
648 892 925 466 814 1145 990
1070 1164 931 1071 1197 1110 245
671 1012 1196 845 144 1024 1131
184 33 1096 925 753 946 1197
728 897 261 518 872 249 768
942 941 704 679 1077 1063 922
1176 1193 1100 1176 1031 930 1155
1179 1116 1183 949 1199 939 189
1161 789 1093 931 928 751 868
816 1162 1007 745 386 637 203
1093 924 837 954 757 1181 1191
1093 1185 1197 579 968 1053 1124
958 406 979 834 1198 1051 645
511 1071 1199 793 512 1079 584
520 1117 521 924 435 957 255
1016 320 1190 1003 771 682 1132
960 1140 986 1000 1132 955 685
752 1098 1175 748 794 827 1175
1138 1001 999 655 1180 49 798
1164 885 784 972 809 975 1023
1177 560 941 953 1005 991 919
1076 1024 726 1043 717 968 1113
581 1005 1154 1054 618 1005 1014
1085 1096 1162 620 1129 1054 1083
974 863 708 759 830 1100 1116
615 382 552 939 968 987 1082
1060 899 1099 1183 721 713 955
874 777 1198 1107 844 586 1111
949 987 787 1010 983 504 887
567 938 1180 1017 1068 1132 188
938 1130 1080 1076 990 702 1166
1111 934 499 980 774 818 701
1183 519 1101 924 801 524 1052
965 1150 1121 477 242 759 877
639 953 1143 939 412 186 828
1069 564 866 446 587 1054 1072
870 497 1067 822 724 1076 352
1124 681 889 1022 1076 1170 846
1013 992 951 890 1149 831 711
963 1156 1081 841 935 827 1068
991 999 192 557 937 940 1079
1191 678 760 1085 936 64 501
746 1143 771 972 1013 412 585
935 113 963 1015 1123 947 589
1043 634 427 1150 985 427 758
1085 1058 1041 1090 523 627 1170
971 882 824 502 1188 483 1058
812 953 955 1149 669 1118 1143
972 971 1073 1046 986 851 590
993 923 904 1150 1186 451 1054
1065 900 1026 928 1086 970 1044
1149 980 656 944 1157 1128 1109
488 415 749 796 1063 1077 880
480 200 1001 1200 96 949 109
1167 65 367 645 886 1187 1057
1040 549 899 767 1006 836 652
898 731 1028 1111 1097 1105 989
413 323 1064 2 1135 747 1130
750 1167 1135 991 1033 1052 1076
955 996 1067 1055 1101 1123 145
1058 854 478 758 537 1177 723
954 929 1096 423 839 1103 1164
1181 1074 1159 865 1069 1142 958
1163 733 436 1106 1081 1127 935
1059 1042 748 681 369 935 948
1094 959 856 1098 960 1114 1046
1171 1132 1180 993 786 790 1098
823 1061 1152 518 945 925 1140
596 365 1082 979 718 1165 920
650 266 1124 196 585 1021 1157
1159 789 1048 1126 1055 402 984
621 1003 320 709 943 945 980
973 809 1091 758 1120 936 1172
1109 926 1044 507 812 949 676
605 1180 881 675 1100 1058 985
552 1158 89 706 1091 270 752
599 641 994 337 1192 765 992
1078 1008 911 573 914 1004 899
1075 495 531 994 1176 911 908
950 1158 699 905 739 1149 1084
700 627 486 560 1118 285 809
1137 1000 1034 1120 1065 1156 1084
644 1037 1122 1067 477 1034 210
1184 24 745 894 1089 490 1195
728 733 927 723 705 988 356
788 204 810 125 1042 908 976
62 446 1114 691 1112 1126 238
935 1135 1091 1129 731 965 78
578 1147 1103 630 975 1078 511
