581 1138 990 995 947 1023 1038
969 1015 873 954 105 1185 912
1146 770 1022 938 1106 961 1133
415 929 84 726 818 976 903
1085 759 1126 845 599 303 982
952 262 535 847 556 1176 833
729 1134 91 973 1124 865 1096
168 291 725 680 717 1189 596
844 720 1019 579 1037 1002 1085
876 978 648 688 1111 1071 979
1087 602 447 987 1065 1007 1053
790 1162 1020 632 964 113 1137
330 714 1000 1105 1173 734 1144
889 1023 1066 1200 1003 818 956
1073 923 744 933 1110 772 712
1164 401 1105 1051 1187 679 247
1022 1113 786 925 1013 1121 819
1166 997 384 1199 1196 1171 1074
991 698 572 1052 1132 1116 184
1013 984 434 816 89 696 501
8 821 856 983 1196 407 1077
411 773 985 1062 446 961 1148
1067 1093 850 522 736 629 1181
425 1192 498 692 1105 1067 473
1092 1192 41 962 1135 1070 530
1035 124 1118 1098 606 785 831
339 324 169 589 713 550 692
987 921 89 1121 1020 1055 487
963 850 1151 748 1011 994 1133
493 1160 974 1118 1020 1138 968
955 827 890 940 220 450 1111
1010 627 906 36 671 831 1042
1124 806 1137 662 954 1102 325
955 20 1066 865 1193 1124 1038
531 283 1187 623 1086 925 505
1181 1151 418 1148 383 929 1184
962 302 1099 95 1083 1159 113
74 963 57 1152 946 937 75
944 1130 832 382 1173 658 83
1120 928 773 465 1118 1024 1069
1084 1116 458 499 1043 774 280
826 71 889 997 998 796 1007
1065 515 861 539 1152 555 1163
840 181 1185 1191 1147 118 1089
629 710 1153 790 677 23 944
561 1027 239 1038 943 711 1013
1131 1094 796 824 1006 958 670
1051 1001 1056 1055 974 728 1065
1084 1101 622 201 909 1051 959
641 590 1082 1101 986 373 1015
270 258 512 951 644 824 710
1088 354 547 1166 1086 992 1194
1030 963 1124 1076 814 792 866
417 1086 1148 984 758 1163 1181
1166 1139 1039 18 1024 1188 1130
1162 650 1045 676 745 231 869
1015 935 971 1029 1112 298 760
696 1056 1111 819 934 1112 689
147 1107 1186 1148 1008 516 548
348 292 1130 1168 1199 989 775
894 1175 938 278 1128 627 924
14 699 382 857 423 1021 982
1165 495 411 1034 984 1032 1168
749 952 993 424 953 1190 1080
939 1099 829 930 477 110 752
728 642 441 1137 414 1040 950
892 904 934 145 674 617 598
1037 1028 913 702 922 1007 978
595 1170 1092 1042 1022 1002 1067
721 295 1173 851 917 5 1013
1059 1154 976 1198 836 1000 1032
1020 1090 559 672 1063 1150 1019
714 1199 1128 117 979 995 953
860 1108 1092 929 944 942 973
386 612 694 757 226 13 1137
1026 1197 1169 578 963 1157 496
1159 753 1006 890 745 380 577
846 1067 120 975 12 126 966
1176 1064 931 1189 1095 654 960
716 1146 959 727 1179 63 870
956 1052 821 1196 1107 863 1131
942 86 286 1088 1023 1200 1026
960 962 797 934 1075 1132 565
173 1127 86 18 1059 963 603
462 1053 352 853 1136 589 1199
466 723 1104 953 1111 922 1011
246 605 966 1178 1195 642 927
1037 1197 584 819 586 909 473
355 854 572 714 489 964 1188
1074 855 1091 786 726 149 171
754 511 648 234 1036 1051 343
394 683 1059 1121 889 1192 998
1001 953 541 1097 692 1195 363
1004 1129 1015 938 1106 1179 545
956 280 1187 997 1008 588 1096
943 1078 937 1089 878 508 959
603 1043 956 967 1035 749 145
1090 897 1012 1003 52 1046 1057
44 1198 898 168 818 808 1004
1177 988 949 1111 383 680 932
1055 72 995 1071 940 1192 254
553 1011 485 560 470 969 1144
906 939 984 809 775 949 633
881 624 165 727 890 830 867
426 111 87 194 738 1194 1095
351 1168 993 737 1169 1141 782
1185 884 1105 658 1156 694 592
1072 942 218 1099 1002 790 1060
1184 978 990 952 976 994 744
1157 931 808 527 976 689 1015
836 1018 1068 444 119 1192 1012
444 634 884 1078 262 654 1087
17 1020 1134 1102 852 805 693
940 596 1016 279 1193 1160 1068
744 1090 1050 787 1060 490 946
1020 679 408 684 936 1154 841
1102 1002 1074 935 996 1092 697
1106 490 1134 1193 737 1069 1017
964 1126 539 1116 1062 1035 957
843 1001 1059 392 866 628 1036
912 917 1141 999 759 931 985
1141 1048 1068 1178 900 1022 864
882 1089 1131 847 947 1148 998
1099 731 1114 899 1058 690 612
1091 744 1110 741 953 789 948
1193 1080 1200 1023 912 1006 431
1040 866 880 1198 1092 1143 1194
185 1164 655 684 1165 243 985
631 899 741 806 1085 1196 1107
576 195 1032 682 1068 1134 1026
1121 1142 1034 1009 630 711 474
1146 965 1004 1140 991 1042 801
538 548 1133 1015 1163 1128 1029
871 1011 960 974 861 1170 985
1174 932 1123 1184 1176 972 1079
1107 735 768 924 842 867 989
605 767 981 559 930 1181 375
587 1033 1030 1104 967 861 134
1190 698 231 131 993 357 974
659 861 1080 277 1199 1089 1150
1077 1044 1161 758 958 410 871
393 1098 1170 1053 946 958 1032
1040 800 594 987 823 1195 944
1164 1067 806 1155 25 1177 886
795 1042 1098 26 1119 786 647
1176 965 324 1083 810 1028 1172
492 932 847 1179 735 295 977
950 990 904 739 824 476 1078
787 1169 972 980 435 285 670
698 1121 965 410 1021 982 1161
483 1104 403 1144 1174 337 1043
1168 1159 1109 854 1096 801 941
755 1096 229 1074 1183 1087 763
1103 1008 1086 1051 735 1028 983
652 174 1093 1034 1101 1138 938
1107 1034 1094 634 1125 486 1155
822 1027 874 891 1079 519 7
959 872 957 786 835 1066 973
1060 914 728 1194 57 266 1033
1145 1089 1168 915 1168 847 1069
1199 1054 190 101 773 1197 87
580 1155 1149 1189 1106 957 706
1159 695 929 211 958 727 365
892 956 949 948 983 811 1139
677 1197 953 1127 1117 406 1119
1077 704 1093 1183 762 975 911
1140 251 934 267 919 617 1066
78 937 1086 1168 718 1062 769
1028 836 989 1173 1161 862 965
1127 1014 399 797 581 593 1048
533 44 981 1128 176 1050 412
154 1118 1088 778 929 1024 622
1156 467 1009 1134 1011 1188 265
1106 1141 939 885 1179 415 850
1157 1165 1137 533 1072 829 1017
895 1095 619 1127 161 550 784
1068 779 421 994 377 868 995
1000 316 1110 1120 990 975 823
150 215 1194 1093 263 823 180
338 566 1054 899 1112 747 707
1191 1131 1169 583 982 1034 1111
468 561 558 641 257 1132 640
1188 665 1163 143 780 141 857
807 496 976 653 1191 125 94
265 925 802 760 700 484 982
1042 899 611 318 928 363 1071
228 1184 549 999 992 816 983
1200 1108 979 708 871 987 928
1036 587 991 1046 1095 805 1023
1099 764 195 649 1099 1014 1175
881 797 1113 1098 106 939 793
708 1176 721 476 1069 1068 640
1013 942 611 1013 1071 922 1049
948 752 1162 1060 1147 616 960
1159 1192 962 967 704 1027 936
1024 159 1105 980 495 387 1052
1161 1112 1081 1076 79 1095 314
373 1070 958 1031 870 1162 245
532 544 1045 1145 1052 1062 1030
12 1172 749 1007 552 88 111
733 1028 175 1011 863 443 982
743 1161 762 345 746 254 900
1189 635 307 839 549 1143 1095
512 1079 61 1195 1054 1054 937
825 1076 955 1035 6 424 1141
1075 469 1134 1189 872 1139 843
1022 131 1198 189 749 896 975
1037 1089 947 1083 1118 1128 689
1029 183 1199 840 944 838 241
1098 889 1123 985 927 930 281
946 457 1108 601 741 1110 781
1144 1181 1066 1175 1154 1066 971
1046 1025 981 577 938 1076 1195
1036 1119 358 923 1001 341 397
721 1183 1077 622 865 804 788
895 412 935 1129 704 863 898
552 1056 1183 1164 899 997 414
938 296 1051 960 909 513 1143
725 935 203 901 899 147 369
939 644 962 1132 807 1065 938
1090 635 143 348 980 1157 1092
1026 933 884 1073 791 1052 544
516 1192 1179 1040 116 941 941
804 1113 691 924 1045 703 1171
975 791 858 379 1172 255 1125
767 694 1178 632 589 560 1140
277 1114 887 971 919 943 1193
1082 872 620 1102 874 950 924
1180 1097 1172 1011 1143 988 838
263 951 950 1193 96 798 833
1114 1196 457 420 1184 876 928
1177 563 1137 499 1001 928 1097
637 547 1075 1090 650 465 1112
886 1039 1154 380 1170 1014 616
1136 895 561 664 927 821 984
1189 1090 1072 230 1185 956 433
1184 501 1149 651 1200 988 1048
962 1088 754 761 839 554 1090
1100 1163 1001 1073 784 545 753
229 940 1048 918 325 1021 1046
1021 694 1136 1077 518 568 1183
1025 753 1139 1044 1192 809 1007
1003 996 1194 604 1058 865 1044
1123 1155 244 319 155 892 1192
1063 347 1071 1129 1031 877 1147
970 926 958 1088 970 1123 22
884 1112 856 746 529 1190 1099
1064 744 1003 1188 1196 1155 1028
1139 1129 739 1076 617 1026 1116
993 666 861 1097 462 915 973
594 939 953 1054 1133 900 921
1121 284 1022 163 1098 118 771
302 1105 986 1030 975 1059 1049
121 989 955 1013 986 650 47
1064 572 761 985 1157 936 802
1182 1008 682 1157 902 1107 933
167 693 949 1105 1074 806 32
449 600 1042 739 405 125 917
1178 53 68 820 13 1108 1007
1115 1142 1129 750 1023 862 1059
1075 370 1171 9 1195 638 274
968 1158 1132 1087 940 873 1147
189 937 552 1124 1072 1119 705
666 997 1172 952 724 1109 1120
1171 756 1010 1014 108 1160 1089
445 766 959 767 284 320 987
1182 1001 419 1014 703 224 792
1044 905 1110 1150 976 970 417
524 503 361 1111 1145 924 1143
1104 947 875 930 947 1170 204
834 1070 939 293 1154 970 275
1166 836 514 1023 891 1109 116
6 1159 192 891 691 934 530
557 526 1018 1125 335 1036 999
1019 1110 1118 998 1000 951 1176
1029 1046 1138 1044 1123 1107 472
546 811 946 764 993 132 543
992 758 1106 1016 1071 1106 1086
1112 1167 845 691 997 77 871
995 845 1136 849 332 341 894
936 967 1117 1105 1111 979 81
796 1102 783 917 385 810 1073
1064 1010 580 971 639 877 767
64 1108 959 1091 668 1036 149
477 78 328 233 728 1191 862
579 1095 979 966 660 1100 1065
1035 1123 1013 1152 443 1024 622
140 819 618 423 592 597 774
928 937 942 1165 1110 763 950
1012 239 860 660 1171 452 1017
874 1155 982 288 956 1158 1043
1018 1145 699 1106 1014 1164 1160
411 1114 1132 930 755 1122 1190
94 1162 465 732 1146 216 334
984 771 919 1122 862 453 1077
431 914 1045 1091 857 1023 628
1117 1190 730 926 1195 923 1054
51 602 966 102 649 1196 892
953 570 682 1042 957 432 1094
708 1053 31 1123 787 1129 1111
955 1147 244 1194 467 1054 3
283 1164 238 1018 739 1019 924
880 763 1050 583 340 1028 1086
1079 712 876 832 242 682 1182
977 1154 750 971 46 1195 1024
706 925 1197 55 962 150 1123
881 1000 1143 531 597 941 1155
1008 1101 907 76 883 908 480
1160 1189 1126 897 1010 1174 695
1115 1174 1136 323 183 1139 949
330 798 160 1088 331 979 19
634 1108 162 1159 1085 803 312
1020 555 988 892 581 1132 212
924 54 965 957 914 1006 1077
724 873 923 1124 1036 975 968
605 963 945 1111 916 410 1144
502 486 1096 1103 1119 300 1200
651 497 709 754 925 790 1197
872 1006 170 937 716 1151 1178
1173 11 986 534 228 1128 1031
939 1152 970 963 1078 1080 1190
1012 152 1169 407 601 1071 191
1041 953 749 1134 1171 501 805
537 880 1157 734 807 968 1167
839 969 1017 1183 556 1135 971
718 1144 1101 992 837 1067 706
1012 1047 1105 310 1027 1194 852
1081 1190 1034 1066 931 1175 1025
965 1082 716 1021 202 975 1001
1180 1010 1146 1158 1088 1076 1008
984 1062 999 1017 1068 1039 950
757 999 644 1031 1169 1156 931
1035 954 509 60 798 1188 1050
1066 1194 1058 862 859 1052 955
178 1186 1125 740 743 654 1126
1142 661 964 1095 871 788 1015
876 1169 738 1082 1001 926 936
1012 837 628 1 946 884 1007
837 115 701 921 936 1064 1077
994 954 93 705 1130 1169 743
521 977 799 399 886 1136 675
1056 1180 702 1146 1148 804 1169
15 695 849 479 1087 702 554
1046 1170 1012 800 688 665 784
793 869 1176 282 1118 440 1180
1187 505 562 1041 1146 803 970
260 1135 1081 1177 1094 1053 646
1122 1069 515 626 1020 715 785
1073 923 1044 825 65 1084 497
1106 1109 640 960 863 910 194
795 65 68 803 970 1038 932
1004 1163 1169 494 492 881 1193
941 225 127 842 1139 1028 1154
1064 1011 1163 816 934 1103 973
1161 945 1022 942 1038 932 993
1137 1200 1150 236 1092 1040 1130
1167 1116 981 653 821 835 485
946 1022 475 768 483 1166 852
989 1082 1068 921 1023 958 1119
432 1098 1177 794 1051 951 847
954 733 548 699 1086 1085 70
878 973 1197 1004 978 723 1162
1158 1114 814 155 1198 1070 564
1170 1005 873 1131 609 620 962
925 935 433 1156 967 830 1039
270 988 485 1090 629 619 460
1133 847 893 930 981 498 969
1103 984 1100 230 1057 955 1004
639 1045 779 824 503 914 1040
1153 594 1022 742 681 783 1194
1141 964 829 966 249 983 1108
1175 884 777 828 965 483 1036
945 941 704 1054 1187 952 1061
1178 866 917 931 1016 1011 910
861 1186 925 913 198 885 1132
267 1164 1184 1050 943 447 478
1122 1019 986 931 1155 981 478
1065 218 1159 952 721 1054 752
1149 965 513 1150 1050 762 1038
1005 1025 1141 1043 787 851 206
1138 1117 857 982 1094 1135 98
987 730 319 1167 698 1196 1060
926 1001 1027 1088 1107 1194 709
1026 1135 371 182 421 1168 918
1153 1137 520 1191 1190 986 1198
607 643 1034 1156 929 718 1150
1041 864 885 1090 1160 935 407
799 1172 664 49 837 971 640
1164 956 991 1161 655 1126 900
1107 27 536 1118 945 954 48
1089 1163 1114 1199 1187 722 1146
750 770 809 779 773 39 948
1176 762 366 1018 930 1156 1033
1039 1030 1026 1089 717 933 875
710 541 949 996 1061 455 395
926 575 998 985 1134 1171 578
709 1092 1095 1013 766 271 712
1186 1191 460 1175 941 1031 925
932 880 1096 1100 903 963 1050
1082 971 785 716 989 273 1165
1185 102 1048 1154 1031 396 1003
653 951 948 1076 943 1060 1064
1142 878 105 775 940 898 846
1071 1032 46 942 1116 461 968
1066 970 923 673 1177 1031 1060
1104 1121 425 944 978 946 1016
669 1010 1059 128 562 1008 799
1137 701 897 1079 937 1155 1042
1102 1126 697 807 1109 764 621
1126 528 292 1059 468 454 1116
1110 1111 1030 826 998 971 469
1089 527 985 1035 1109 1160 985
1127 720 1145 221 1004 567 976
1125 933 841 980 1021 1025 1040
906 276 387 1160 1098 1158 892
922 1086 946 1042 787 491 962
1030 972 902 776 1053 52 1180
500 748 294 1124 133 1191 856
568 1005 961 97 636 955 1183
1091 915 707 1131 1011 1073 1094
613 1091 925 1094 1073 1065 1053
649 832 949 95 1046 1114 1138
1063 613 1079 1059 635 1099 732
979 724 759 755 708 981 843
758 701 947 624 968 1006 742
1149 1013 1124 944 853 946 705
1106 776 435 256 923 872 389
1191 729 1122 1193 823 233 1080
859 1022 1059 943 245 1145 1002
940 804 1120 945 1025 700 791
1107 764 1171 805 1184 524 570
1086 603 813 364 1122 372 14
858 980 1073 904 1065 1052 1046
372 1198 951 674 551 241 945
360 381 632 1119 867 1169 1139
823 970 901 479 838 421 623
1172 827 1186 315 162 1182 700
960 1128 362 1095 1071 107 1041
134 667 1030 972 846 600 1080
1121 952 1034 835 677 855 10
1033 350 938 947 1195 966 1097
1132 129 21 1100 281 569 1167
1153 1060 1055 1014 17 344 736
944 827 408 872 1188 926 1198
1055 930 1196 949 1131 680 693
562 924 1136 1195 875 1057 910
664 1118 888 354 333 1158 535
1138 47 1186 1059 1147 190 856
1144 203 979 331 994 907 933
935 838 794 1100 127 393 1045
791 222 756 339 1002 720 961
618 945 747 1009 1122 978 964
957 1005 1028 1004 1033 588 1126
945 1048 974 1164 621 637 1107
1014 1047 849 683 844 991 1087
771 1038 868 547 1127 903 261
1019 949 1099 829 663 257 129
947 927 663 973 1177 867 511
831 990 999 1176 970 98 480
1040 831 1184 1107 1178 555 1047
751 843 1092 170 1162 948 431
1090 1194 696 360 165 1046 463
359 526 986 1127 1014 945 659
1028 748 1092 809 222 938 1077
1122 307 1125 878 1063 882 1004
1053 870 308 1008 322 84 494
658 968 923 1130 1020 1079 534
2 1094 132 1104 675 53 1084
466 1115 287 82 608 879 1097
853 1108 981 1103 1152 1128 1128
700 968 993 1142 1190 1056 1141
943 136 727 687 982 1058 918
669 1196 1061 679 1115 1026 864
1017 1134 1057 924 859 126 1145
951 1052 939 826 834 945 880
996 1148 854 1009 537 1120 656
1018 413 1193 77 1153 802 1101
1175 225 1172 1021 1085 1151 973
699 1182 164 991 1081 958 67
809 1162 1138 63 1055 470 997
1170 1048 146 1021 815 1047 317
841 800 1181 1168 1005 981 984
1102 521 41 1152 724 809 220
836 1185 1104 1027 623 226 1118
1146 826 790 1043 1170 887 707
877 1038 1078 464 558 987 935
550 1175 980 1125 1176 700 1159
90 1113 1143 956 843 1112 1024
964 580 1145 1004 1087 1046 1072
826 992 1043 814 1130 945 384
1080 19 765 532 1063 1075 1112
1057 1103 1053 702 417 926 1191
79 808 1041 1113 909 1166 49
1051 681 789 1091 1160 938 1160
1200 976 1041 656 1068 633 974
709 337 1123 831 962 1085 30
960 813 1124 817 913 786 1108
1135 1026 992 690 1195 495 1139
1156 251 1088 1116 846 66 1048
1075 404 967 361 855 629 800
901 1028 1060 1015 1093 719 1117
902 438 846 434 969 1117 604
378 1112 460 464 1181 762 778
1050 1023 449 1027 15 1133 210
1109 1100 1181 1010 567 1069 913
795 914 522 935 1076 935 272
368 1078 661 1041 619 517 104
99 923 1014 847 1067 1105 479
997 958 1100 1014 1136 1195 745
975 35 191 1085 1122 1188 740
844 1083 1037 429 1013 930 833
204 1053 1149 698 1091 1063 1115
798 820 1193 931 1172 1105 1177
1126 810 209 1029 1129 1080 963
1081 667 973 1172 924 100 1129
725 1173 416 1117 970 988 675
926 731 1127 1173 1128 772 585
972 1047 1000 920 1126 413 849
997 927 1029 631 999 1115 1009
7 1080 540 725 971 578 979
1062 769 506 1200 172 916 782
1070 1149 657 1058 975 1049 1158
944 1076 1022 1120 974 1072 72
1128 1111 643 10 519 946 983
921 1010 1121 825 1089 128 1040
167 732 301 1179 1027 1133 907
1200 1138 1147 446 1138 1044 514
42 624 991 690 961 1115 753
235 856 747 1102 1054 1192 1116
860 524 959 1174 990 788 521
964 626 911 734 1165 1133 1044
934 974 1111 514 660 970 643
1005 815 961 915 890 397 1097
714 867 1195 1130 996 1035 117
609 450 1154 1108 672 789 772
972 1084 1011 1149 422 1104 1084
1072 747 944 841 205 896 992
1145 631 1141 62 1053 927 637
103 1156 977 750 342 866 1095
931 697 654 870 1186 1161 1011
993 748 712 1067 848 1057 1061
1071 761 569 478 448 420 765
895 1041 1019 326 1045 1180 1038
882 188 883 99 273 1001 1175
1103 1178 969 1103 1070 1041 1048
172 1156 722 1066 1018 1121 802
1190 801 686 1199 1112 959 776
418 1135 1120 1033 1048 1142 726
958 332 1069 1057 999 573 672
115 1084 33 828 1188 819 652
859 781 815 961 888 185 1115
597 1057 1114 892 965 196 1036
1132 1028 1153 1058 965 124 1026
282 992 1122 343 740 1085 1072
507 615 432 1130 737 964 600
439 404 1135 1032 1102 926 1053
55 630 1096 1044 1196 810 542
958 1165 704 1058 1058 802 1017
685 1153 312 895 664 957 1096
972 983 1005 994 56 741 1062
1150 1155 909 1098 568 947 989
512 1190 906 694 1022 972 982
1165 1082 678 1125 652 378 920
1024 1018 932 1110 1061 1104 905
1027 627 980 828 880 1187 1007
987 1123 757 1127 916 999 1034
933 214 990 971 966 1168 1198
926 1103 504 1187 633 560 711
546 1032 1177 1071 1021 722 886
1017 1191 1034 989 886 953 676
1029 259 1078 1170 993 1042 315
1134 1024 1181 923 770 1157 862
787 945 1041 1162 248 210 563
426 1035 527 442 735 238 851
986 1131 954 1132 1003 1045 1131
989 1170 1103 1013 952 1078 1016
887 870 1197 1000 1059 1153 1152
1127 876 899 1198 1025 1194 1033
1081 1054 807 551 867 674 461
905 1014 1079 1096 1190 928 205
1061 1065 759 906 1090 991 1001
1118 1035 1072 1177 1163 249 780
1073 651 430 1102 1042 1139 1024
1094 645 783 200 23 848 385
1014 114 1102 1040 1003 1016 615
858 759 803 1143 1093 375 450
744 950 1047 753 991 1176 954
459 1199 28 615 1062 31 481
1163 694 788 1149 997 1168 259
860 946 1117 1192 1079 970 426
1026 922 1183 753 1181 1073 911
169 1188 642 890 1097 1123 1073
860 897 1095 1199 1068 1020 854
687 638 347 713 1145 708 842
258 237 939 1080 639 1161 896
1133 1058 1154 1037 963 926 721
816 1072 1083 681 1154 969 1146
932 765 422 1021 1099 942 920
85 928 772 688 1177 983 608
