1132 1190 962 1076 719 1134 1047
1193 173 1111 568 1128 949 988
1041 1068 1190 9 557 1087 27
223 1010 926 551 738 909 582
1096 1008 1095 1010 826 1005 434
1107 1180 1067 918 332 949 934
508 1171 809 930 1181 1081 977
947 1188 59 1014 9 474 838
545 1118 1051 1136 1102 1188 437
678 768 137 134 1044 281 1018
1147 1196 1127 842 818 1177 952
1039 945 1085 382 1051 1044 1071
657 1017 899 1085 480 1198 937
1142 1172 145 668 850 468 717
196 894 1131 1002 995 610 946
863 1143 985 1135 874 782 938
1099 815 952 872 726 1048 1135
832 1036 1065 974 744 1126 956
73 804 1016 573 1002 987 710
1065 902 1036 543 218 1040 791
1014 1046 1149 933 1008 591 1069
1003 996 739 993 1061 972 419
300 1119 930 256 969 1045 1138
1130 52 846 954 959 1026 476
1026 735 184 751 713 991 765
658 514 563 587 992 1096 1109
705 1070 1038 873 1049 1004 1026
980 85 1097 1088 1038 932 229
714 1120 1120 744 1156 860 924
988 591 539 1145 974 373 942
231 902 1155 893 1020 783 643
1075 361 412 692 1155 1171 947
1115 727 964 1180 1055 1048 1013
956 317 314 904 983 914 1178
988 1074 378 812 1040 759 992
1093 940 840 1041 1077 1151 1021
798 932 820 910 1008 864 990
806 805 973 1000 1049 753 1059
1165 1094 692 654 518 1044 1122
1137 1075 973 931 940 546 1011
1061 765 70 1103 94 1013 277
1057 1034 395 588 771 170 806
1008 1047 979 1035 879 728 451
1009 1137 1170 897 1007 122 82
932 1010 945 473 939 1013 1106
667 1114 848 834 1063 924 445
1143 1166 689 684 885 774 1162
999 419 672 840 1177 665 518
925 537 1053 409 1194 1195 1024
1120 430 240 471 653 33 263
1092 1155 1009 405 20 379 18
1094 596 4 1118 971 1119 113
1068 480 630 586 234 1091 1053
362 1152 1073 1123 737 296 950
974 821 930 1189 1106 811 1091
878 992 1015 1164 1138 979 1150
1131 498 853 687 935 1125 656
785 970 1090 87 343 1184 720
666 1140 947 111 66 753 936
999 376 819 1193 1027 766 1130
1049 995 685 1182 933 1160 1074
792 1124 263 862 1091 1169 947
773 414 794 1009 370 182 782
1093 1023 1043 972 819 1121 1000
818 58 881 839 1011 759 972
942 1092 1121 971 789 1106 1043
882 452 976 862 1034 1116 951
1012 1068 1089 1037 1146 704 949
1028 818 1169 1020 793 667 1100
1028 1126 214 1182 929 1151 1186
721 838 435 1000 1100 775 938
1122 920 147 428 757 1047 953
1022 524 1027 922 1185 1174 996
1058 1179 188 946 731 1031 1057
674 1093 1179 852 1049 1123 1090
1187 1176 997 1154 981 1042 909
634 798 985 827 942 795 1076
725 1193 1197 1009 1054 330 1112
1097 1092 1125 967 602 1181 882
898 1091 1120 617 611 1162 439
1101 756 330 1064 950 504 1069
964 1163 1086 878 753 1074 707
1076 364 841 1168 375 1036 994
1040 1006 929 676 984 1098 1090
1160 1056 1198 1008 879 948 328
1049 1055 1160 539 905 1002 1107
904 1180 768 840 1045 1101 638
1059 450 994 871 345 978 1015
174 932 1065 590 941 73 785
975 1012 1190 964 1030 722 1132
1036 992 961 1130 1107 974 730
744 642 1031 1042 1041 1002 1168
838 858 1019 1027 1123 1152 1047
1058 992 1199 731 941 993 62
95 830 1186 1155 788 973 253
803 500 918 721 1032 784 466
909 1127 935 1035 756 1129 1193
950 679 1192 1044 1186 1071 695
788 251 1080 938 825 1014 1031
978 1006 1138 1082 1007 992 912
1052 697 1013 1024 919 1116 146
1140 983 1146 875 1154 417 16
1188 622 703 826 917 1046 1123
1107 926 1165 1018 1102 431 278
837 910 811 608 844 945 1054
194 1108 1187 1040 1189 1029 524
1010 847 778 994 1011 41 992
1199 874 715 806 1194 1098 1177
1153 1192 1082 796 1116 1148 23
973 838 1113 1102 922 989 991
1014 981 607 640 705 943 439
830 994 566 1139 1012 1102 149
519 935 215 781 1145 253 914
996 396 921 1109 1040 925 871
1051 952 1141 193 883 938 956
1066 718 1193 1022 895 871 1125
1152 1106 584 32 1097 1024 1007
874 1005 1069 1047 1136 1170 1091
986 1179 986 877 1013 1025 540
639 1072 1064 925 1083 418 599
147 956 1038 791 676 702 961
913 1198 829 929 1193 854 1076
745 818 945 1035 490 844 514
1100 712 1169 997 969 1049 731
40 664 1050 867 927 1029 1111
771 1009 723 973 1011 591 1022
1133 585 877 29 808 1150 1156
812 36 737 1085 592 654 1067
857 803 980 621 444 655 985
929 986 427 1053 1031 578 861
966 1083 767 878 614 1078 869
210 526 1008 1068 926 1115 1191
982 293 1056 428 1174 192 187
936 953 550 11 855 1183 1192
814 349 1066 451 823 1067 830
1128 828 1057 1057 123 1056 704
979 1022 1054 3 575 986 946
88 1159 813 950 1065 1060 1034
1115 45 980 114 1039 1143 1082
1039 985 887 911 494 964 971
246 1059 142 932 1039 153 1000
1200 677 932 616 1087 572 714
740 122 969 1048 347 266 1159
1037 990 1032 1062 888 56 1129
1140 1036 140 954 1179 933 188
1131 167 1194 881 1052 787 1034
1151 988 726 811 1067 1056 1094
738 742 260 52 875 967 1046
1036 604 970 1138 129 499 425
870 1123 1098 1083 923 1139 1092
1100 857 708 1029 995 696 1014
1089 1000 941 1196 168 1001 687
1178 919 972 892 159 1003 496
981 943 40 607 1124 792 1057
808 1109 727 1084 1064 1092 1051
1165 1004 1128 1181 992 653 1161
1086 449 1029 873 376 1010 1149
939 437 1092 641 909 735 993
986 978 223 1125 1082 827 999
1135 970 1109 694 954 949 972
716 448 963 987 709 1034 1059
1172 1104 198 1085 1062 1001 1001
731 802 1086 788 1160 1020 964
1074 1044 1187 795 100 1062 970
1158 1154 1109 946 1150 955 208
443 589 829 449 445 1013 1060
610 508 851 450 784 901 1199
911 1150 807 1113 1055 1151 1121
924 90 974 506 1125 435 767
1116 973 710 966 1032 652 418
1094 684 1147 1053 1029 109 845
358 1078 799 845 1001 1185 805
1064 762 1066 942 22 665 556
1175 1077 976 790 1124 287 1040
945 904 1034 1004 961 851 951
987 1158 338 1104 967 790 755
704 297 1105 581 965 1139 1016
1155 875 971 934 950 632 1090
354 1009 823 926 996 1032 951
1134 741 587 1111 1162 962 783
196 594 645 1039 1195 1176 1139
1192 354 1112 427 307 812 887
528 1079 1078 311 1158 1019 1032
478 77 1105 1134 905 1030 754
272 1044 996 978 1017 381 750
276 457 1162 975 1026 927 1115
1150 847 464 839 224 957 594
1036 1126 1030 685 709 824 542
1170 827 972 1162 893 1155 991
763 895 1066 619 1082 1049 1013
687 1187 553 973 1173 923 1163
152 643 410 757 230 723 1065
1107 177 1092 44 1107 259 542
962 923 989 81 503 902 387
1186 654 284 939 1189 1020 672
1090 929 927 957 1010 1081 1188
1187 955 1045 960 488 476 629
199 1141 734 471 1164 685 856
951 1046 697 833 686 636 1196
1076 1024 753 961 929 1113 938
1154 280 1115 645 462 1184 986
971 1017 1052 935 615 978 583
1082 969 1146 450 1111 681 267
738 987 228 1004 952 441 695
1108 1037 1099 89 575 1146 195
1015 310 808 959 1163 976 964
846 967 413 985 622 1121 928
278 1085 994 1074 579 781 1141
913 509 664 844 269 1143 422
298 940 1138 772 1050 1043 1135
120 960 649 1112 226 69 1094
1181 1134 848 695 980 1081 316
1144 947 653 1133 965 855 482
977 642 786 730 1145 738 962
868 955 939 657 1063 1147 995
680 6 1173 1184 862 1110 1038
895 1023 989 891 348 733 1073
986 1090 800 1049 1157 417 577
985 1198 1193 633 1025 907 1065
1103 836 901 1169 693 640 975
604 810 706 1105 1154 1084 983
992 911 964 769 629 456 1083
968 598 727 206 1047 968 903
1133 1133 941 1040 1029 683 149
972 75 1151 948 126 809 1035
866 974 928 241 1118 967 1160
8 1032 1188 581 984 1151 203
463 852 248 4 650 1172 963
1096 1060 741 1002 900 1053 960
1052 237 905 1053 712 1048 197
884 994 740 1150 246 1118 530
1147 968 899 1058 896 597 889
1040 944 921 219 834 449 1091
1131 636 1174 1041 867 934 1027
1165 1070 959 447 504 804 888
1010 1048 990 694 1185 454 1082
1033 974 975 1043 1031 895 1056
1121 1141 1193 436 820 1000 815
981 1050 1193 1050 552 271 979
1135 669 39 191 62 89 532
855 1037 881 815 267 1184 969
1200 237 1063 1062 383 922 1027
892 963 590 934 1190 941 973
1124 674 404 1035 991 1015 938
660 1070 884 1022 915 773 1015
1026 527 1019 1167 651 1179 1161
601 1058 985 981 615 1048 879
983 711 1174 1175 627 656 1055
1142 143 158 998 998 1030 1146
1146 386 712 1093 16 916 545
970 74 982 821 563 981 839
367 780 1137 686 458 516 1159
1131 639 1161 1160 1177 1032 707
1173 870 432 1048 1072 126 1104
954 1088 1031 894 723 1119 230
1039 735 1024 749 1161 1021 852
912 1040 379 1095 960 975 77
936 1156 301 1165 1014 675 1150
1005 824 527 804 1155 1160 140
1152 605 531 1163 1143 741 1130
924 869 1094 847 1142 768 975
917 1165 1174 1084 653 654 1121
1052 1032 1194 1019 534 125 1057
1023 844 1059 457 1067 114 270
1063 933 1097 1118 242 864 1041
837 1056 1154 826 825 1051 1017
255 1195 585 1021 1118 641 1011
805 220 1107 861 749 1100 1076
673 1155 719 1127 1045 1056 292
1068 1185 615 1021 544 758 1015
1113 1191 5 1166 1113 887 1197
962 618 989 896 687 947 1112
1055 940 502 1042 984 914 1194
843 409 264 1060 1188 1183 757
1145 1199 994 951 934 980 1002
1183 945 461 1153 940 1005 1013
31 999 1085 906 357 78 1139
940 625 846 927 1113 1168 595
957 1179 1043 972 1072 548 999
964 804 1012 1073 1139 633 562
525 1002 1043 817 1070 955 704
264 475 483 1197 1162 1114 1173
49 1076 1047 51 621 816 460
1034 608 611 1182 644 871 990
963 867 1003 1140 205 828 32
785 1178 975 407 866 690 976
999 747 1180 1017 1181 1088 1025
737 207 733 758 924 1025 1010
1044 941 964 1176 1065 629 272
1021 1120 810 736 920 883 928
754 669 933 783 1033 1033 1124
334 714 375 1018 1020 1145 1118
983 993 342 78 679 1077 971
762 441 860 433 1091 611 600
726 1012 229 929 890 646 1005
1195 909 1183 928 585 717 42
401 1000 257 1054 589 873 1090
796 932 1048 1086 1149 1134 780
1113 1090 1063 1135 1160 628 90
1089 24 748 1106 1112 621 1016
303 1006 786 791 937 957 694
885 1027 1174 757 997 794 1064
849 822 445 982 716 970 944
1098 698 747 740 961 978 1168
1145 1180 920 501 453 1000 1152
1129 1157 954 1099 1144 1135 374
969 589 1109 1179 1123 889 1132
913 1108 1172 243 880 543 1101
557 382 1117 1158 1152 943 939
1001 1053 1187 886 840 858 1058
1018 13 98 755 1127 675 923
1057 546 1063 930 949 951 440
105 1041 1134 477 616 1105 18
1067 776 612 733 703 620 1055
541 1028 357 648 1023 904 1021
769 688 932 211 879 628 1051
728 603 1119 1064 910 1095 1016
1178 1032 1157 706 1188 1066 1039
549 644 1157 665 459 1179 1138
227 1074 1189 1066 1129 983 1085
1019 1096 930 966 1077 762 119
971 866 331 1003 828 860 1068
475 175 955 807 1132 877 859
1126 965 889 220 1098 640 1129
1183 1123 850 822 986 1147 312
632 966 758 487 1033 770 1012
749 509 440 886 186 1111 1139
1195 1030 1178 933 832 709 1025
1182 1168 867 1170 1167 1061 809
1081 1140 745 894 1176 1022 923
855 930 1199 988 954 204 135
928 1025 1147 1117 1038 1143 934
1136 571 928 874 504 926 160
1125 1096 908 554 1108 1185 728
1110 1146 657 314 693 922 844
1052 1178 1197 705 1061 481 942
1148 1002 555 968 911 172 786
1163 1020 1083 1079 1126 1138 1014
463 1143 941 697 1098 1074 1087
180 998 936 1131 1174 1162 989
1042 163 797 974 38 248 227
1066 743 458 1039 1105 502 235
1130 916 1137 942 1071 768 1019
969 1101 1159 508 1077 760 1114
1048 1161 566 1007 903 1060 1199
817 422 1149 694 704 1070 1168
522 1029 926 312 34 388 1188
513 953 1097 995 696 284 810
250 1101 1047 1175 886 1070 1047
765 975 1114 515 943 1117 368
1141 1197 289 143 962 286 1015
944 959 1012 887 684 934 299
1120 374 37 17 922 521 481
141 700 892 623 1004 1191 177
152 205 1117 370 273 1058 1062
1013 1104 914 1046 1108 1116 1075
408 762 614 536 226 680 1058
1108 1197 326 890 938 491 1073
495 976 1046 1051 1111 1063 994
940 935 918 857 935 946 936
788 950 901 516 406 708 640
981 1127 1113 1100 1109 931 307
934 212 613 1059 1116 943 988
691 517 1025 1200 1076 903 1194
668 753 807 928 725 1113 605
1056 1034 499 695 790 1079 842
604 770 406 972 697 1075 1161
607 937 1036 1180 900 1062 1166
848 799 1102 1193 912 586 313
1148 1098 1035 974 302 365 432
957 950 824 132 1051 1173 942
1143 1113 965 1022 512 1029 1132
1109 543 1000 1172 310 633 983
1147 931 351 347 479 813 864
302 706 989 1125 1016 935 148
1067 1099 890 239 952 845 1072
1136 554 1074 1059 1183 978 963
1177 987 829 1189 667 931 1144
195 1168 961 1103 993 750 1112
974 1189 1190 474 1146 969 526
1116 638 1072 1093 1199 482 937
1073 983 349 478 67 8 817
416 121 1108 1089 1157 1087 1169
1164 1139 722 1165 1142 1117 806
1195 901 1055 953 1005 1103 1081
969 1200 1141 921 935 360 832
1043 925 1099 944 1033 1182 1105
1097 1035 1038 724 781 1126 1164
712 1009 1129 580 984 1165 794
1092 716 106 959 935 346 943
1150 434 506 987 427 1012 346
808 945 881 758 980 1080 951
993 1085 1171 965 853 12 746
1171 290 1089 421 926 1110 1098
438 949 1078 721 1017 864 801
987 939 714 681 935 407 702
1096 920 917 740 98 954 1000
1062 969 996 860 951 1111 1147
1115 444 972 14 1041 1022 1119
1134 144 1077 1179 989 1187 484
319 680 1134 1103 876 63 871
1099 1072 1120 942 1097 1122 991
1176 965 396 520 1140 1057 44
709 1184 959 1115 491 469 1167
261 1118 771 1162 1053 988 701
816 1037 424 496 469 970 1193
996 1096 899 1107 1040 702 1200
499 1083 219 924 981 952 473
250 802 925 1166 1081 1172 844
907 1065 1114 922 1028 599 1199
764 1001 1089 915 1014 1070 938
835 108 1146 390 1159 689 606
945 444 1038 570 627 820 922
1164 101 93 609 561 997 1083
1091 251 1110 705 901 1050 670
1100 1108 1151 1038 261 1163 1039
968 999 1144 1006 802 1172 46
1126 717 1165 716 1052 859 699
595 1199 623 735 673 916 1177
511 401 862 1187 976 801 1107
486 1097 891 947 1181 684 843
1168 1096 1129 751 1152 1112 1058
1068 835 995 959 777 763 774
1132 1051 1139 1010 1111 1044 887
292 1020 875 1094 482 967 1167
831 141 1003 1165 295 1099 872
631 1016 1166 1109 752 1129 1041
670 1028 1156 661 1180 571 281
217 579 1106 917 943 725 1162
1106 51 399 1043 341 1157 1122
1110 1004 858 965 505 982 931
1069 1122 740 574 1045 1096 877
1134 99 210 796 1194 1027 105
1181 1193 1196 383 1008 1021 1171
1166 705 1122 811 772 606 703
660 834 745 861 1102 1151 800
1072 1126 991 949 882 1133 911
1128 1052 993 1158 1020 109 456
1061 851 26 1016 990 1122 1059
738 1082 1103 942 970 60 1071
1009 1140 1051 541 771 7 749
1088 1156 856 799 384 876 1151
664 776 1094 1182 760 805 151
765 978 595 1154 204 748 359
777 1110 888 1194 925 987 1035
1072 725 1030 622 454 341 761
959 875 1093 1043 538 1177 807
326 478 977 986 1117 822 245
1066 333 758 977 899 671 886
927 1042 132 583 510 871 1124
1114 1024 472 1171 957 1060 422
732 1093 605 1049 1091 1148 948
1157 1008 1149 924 1036 965 124
695 805 913 1024 1011 1175 1172
1046 1138 720 897 944 139 1179
238 1113 1124 1132 1087 1069 1196
762 1053 1054 620 1017 398 584
987 850 1080 892 1138 739 820
171 1057 1166 1120 1186 707 1096
792 1120 1190 134 737 1189 1015
1137 968 763 865 1129 1184 549
1077 1140 630 538 486 834 608
849 1080 858 1022 1075 884 968
848 1073 338 1195 940 1005 837
393 988 860 894 953 1015 988
941 1103 935 873 817 1106 1011
961 1033 1059 1115 535 136 961
240 1181 980 1090 847 1035 726
466 1016 716 1107 856 1018 1082
170 727 1123 1182 617 35 394
970 1183 927 597 1153 1081 1194
1139 202 882 1174 1006 1055 216
745 636 876 410 1126 1152 1170
1087 342 849 1078 1153 1115 1188
103 942 1166 820 992 201 411
1036 184 996 1104 1103 455 1054
366 1136 943 1093 1111 1140 820
464 1041 1191 244 984 695 1043
318 877 616 1032 81 1196 969
1141 622 904 953 438 1042 977
689 1102 906 1075 1138 1018 1092
1105 1194 690 759 819 979 487
1191 1140 894 1040 593 1052 256
1087 580 1016 1104 1023 1200 1066
592 945 764 952 989 986 991
1155 1170 686 801 963 496 580
1124 719 416 1120 1157 901 742
784 895 711 1189 982 190 702
922 1059 612 1196 1042 880 1133
202 746 1197 587 995 645 492
954 949 1087 378 914 1003 861
869 977 928 1129 613 517 779
1134 868 283 1019 1167 836 889
937 1120 1088 803 1196 876 828
885 1074 1147 1002 588 558 1181
425 235 842 821 863 962 515
553 874 1134 1167 1200 1115 686
596 1180 1037 1081 1150 842 442
319 1033 495 748 967 1116 990
818 361 891 694 447 1075 1187
923 1032 1125 939 1173 1170 816
1072 1106 1190 285 79 962 769
176 407 1133 568 922 1075 1012
189 1047 1146 711 1084 608 1045
1180 540 1153 1141 982 834 1091
1050 628 708 1047 1078 1100 1085
1037 1083 692 764 719 944 1029
1010 1160 926 982 998 922 1069
771 1041 754 773 923 1034 841
761 765 869 1061 1101 534 345
1176 836 573 717 769 637 1112
1110 1164 749 447 711 1070 636
724 996 1102 819 713 436 683
459 1034 167 555 957 1025 964
1119 990 1177 739 1072 796 846
214 1198 1183 327 1172 1131 206
1168 996 95 1037 713 905 959
83 1057 1190 1119 956 780 556
931 1183 958 1192 365 746 836
989 729 968 809 873 991 1184
1084 309 1157 1130 1124 130 1175
963 1153 1030 1052 954 627 1126
878 1103 1052 402 1167 964 459
1151 1076 957 1175 1078 966 1141
1029 617 1080 189 179 603 423
810 1019 61 782 946 1093 956
944 623 488 950 921 977 864
203 1079 1128 658 1145 1002 1102
1101 1169 624 1036 1185 1046 982
1149 931 1199 1119 367 673 884
1063 752 1156 1093 872 630 965
908 929 1065 677 668 813 1184
999 822 1011 1071 958 391 1026
772 952 562 997 1017 1096 855
1001 1031 1030 988 1192 1020 1005
1104 200 1125 597 700 907 1079
876 799 1060 693 1013 920 1195
921 1172 1162 1125 1185 968 1196
1082 1006 1003 1072 1187 739 800
1137 1042 746 999 1093 1154 1073
776 1103 812 942 1180 320 906
1081 1058 1145 1185 1090 1178 845
1042 415 1160 870 983 625 1149
1097 1002 1022 397 777 1152 971
975 597 1135 1003 697 1019 998
949 1048 1082 626 344 198 1110
937 634 1083 1185 1197 1122 961
863 165 651 552 928 520 324
980 826 207 980 1018 1068 53
681 1177 960 524 949 1116 1080
1158 1111 434 997 1161 289 744
863 1018 547 927 1178 1058 693
1147 1057 1032 1131 1122 1136 936
1095 1148 1142 1024 838 1003 275
415 1055 899 782 31 322 731
1073 708 363 866 1175 1017 926
924 1118 1139 1074 1014 1052 1149
852 1021 958 930 801 841 994
917 332 882 860 960 859 1121
659 1023 952 457 964 1128 1035
955 772 992 493 461 1003 1163
1059 155 577 594 1148 932 1149
1139 484 914 1138 304 523 961
947 1080 784 1161 582 997 912
1100 541 1038 1042 926 1113 970
1160 1194 1153 1104 1120 719 936
635 1165 646 1173 766 1117 856
180 1028 531 666 601 1028 1077
1068 957 560 840 1070 1198 452
996 1088 1023 998 1173 854 1050
962 1046 465 975 492 1041 661
810 937 1173 991 868 662 1051
355 169 1120 1007 1058 85 804
1120 1186 1145 519 1092 924 696
637 408 935 64 490 458 879
1069 1169 1122 678 938 945 291
1038 837 1060 64 760 43 829
1125 258 1104 691 1071 955 951
802 1081 853 472 440 1189 1195
853 1043 947 1186 787 1082 907
1033 1136 789 850 1177 465 1182
879 1060 663 471 531 178 1079
1095 1200 950 598 941 145 861
994 537 1043 1044 961 729 778
828 213 998 961 997 593 747
1045 934 1144 1004 1000 891 735
902 907 1002 958 1159 1100 905
611 303 1052 1085 1010 1146 1108
932 426 693 635 118 866 1169
1102 22 925 944 815 872 648
293 1141 635 1122 1183 1154 966
935 1017 819 1178 1073 1018 1020
1086 1192 944 1010 1104 732 1128
133 1008 1127 952 1200 814 398
649 839 1085 1180 1190 1054 1191
1013 802 637 616 1084 1112 1016
852 994 1136 750 921 239 789
468 49 926 976 1170 1030 973
6 1122 1164 467 710 228 981
