164 568 1107 851 779 1200 1092
1034 1039 949 828 24 1090 1010
629 1040 1036 294 903 983 1200
722 716 1097 796 1099 836 437
820 1193 942 1175 1083 1013 398
1030 1150 1158 1091 1196 1012 949
280 964 960 923 1110 1077 1089
803 1055 1167 506 655 603 779
416 1011 1081 869 1065 1196 1114
914 962 1091 1141 912 991 1140
1140 1141 962 1069 1159 1159 1050
895 546 894 614 1123 1066 1115
869 1071 1075 1006 1177 798 547
1043 443 1145 946 842 1137 769
1089 721 703 1009 1007 1076 852
1174 1188 1029 1148 308 952 951
1154 855 659 309 211 696 955
565 513 924 1103 1083 502 1165
162 727 571 1102 955 1010 1141
976 1020 285 1122 286 400 1139
1015 1130 1136 880 1191 1022 734
743 918 935 1080 874 886 150
945 1151 542 975 849 981 1069
627 983 999 1106 1054 990 216
906 1174 1136 873 757 1011 1072
762 1017 1117 1010 133 499 1084
1165 1065 1019 746 991 986 1092
1000 848 1131 622 413 1136 987
827 93 1096 1050 934 919 1055
117 1108 1035 420 730 616 1134
927 923 957 934 937 706 959
845 503 731 926 329 972 479
1068 1027 1092 1157 858 1163 1057
1200 1056 1006 1025 814 1112 1169
1069 1152 963 1133 1192 1074 1039
70 878 16 761 1014 797 547
641 878 975 1166 739 1074 1017
822 834 874 979 1019 1124 1021
88 713 941 889 1120 1015 1169
185 1179 843 691 363 1059 1102
1122 162 20 937 1060 1049 1105
84 1000 877 1168 1184 1075 1043
951 1018 1117 595 572 1098 220
1067 1069 956 1138 1070 777 1087
742 788 346 892 1052 750 822
443 1099 561 1198 1113 929 976
1180 813 1059 1152 337 954 1097
1155 1104 1033 386 910 756 1152
858 984 1093 1013 1117 1066 1117
100 1052 801 714 1197 1038 1089
653 1045 985 811 632 975 812
1085 669 885 42 949 880 781
1085 151 989 1067 840 419 1076
1108 979 839 1085 1139 135 1191
938 1066 1187 661 1055 1119 466
1181 390 1109 56 1024 536 929
993 755 889 927 921 468 146
1036 494 954 1140 941 1090 905
623 1122 1170 325 185 1087 957
694 909 750 771 1167 1105 295
1109 1187 1127 943 1017 956 769
984 1034 1131 1134 902 1134 351
709 568 81 1173 128 490 1043
834 1017 909 924 28 1196 167
940 916 904 1106 986 1149 964
697 1181 717 857 598 607 1136
877 474 1190 716 869 1015 633
1095 1180 774 799 1065 1072 72
1088 1032 1141 898 424 529 1025
1196 912 2 1194 726 1021 1188
1127 906 959 958 996 862 778
295 963 943 847 1112 773 572
937 753 597 423 1055 480 876
904 887 1157 1198 831 956 593
594 795 1020 1194 839 364 804
765 1131 1186 894 975 821 484
137 866 1071 962 958 585 887
1091 1077 754 1056 1156 604 571
229 1152 868 1094 748 1170 206
951 925 276 1107 1141 1040 821
452 702 1139 705 740 972 516
472 1135 1076 1102 1022 974 799
954 226 450 293 568 964 897
521 316 1046 982 471 904 961
115 95 180 13 930 1034 1137
633 928 731 1146 778 1026 165
1096 1105 1121 585 1004 148 692
218 1006 1116 946 947 1132 653
142 1028 1090 1126 957 169 1022
943 1133 1080 915 1018 237 1024
807 954 281 1130 527 1029 1012
1185 1073 1136 606 1116 1179 519
694 457 1089 938 116 386 984
940 1030 1185 39 878 803 207
1078 687 1152 1124 978 993 959
983 1174 1104 1104 1062 832 870
832 856 843 756 608 1095 1134
160 1153 1152 521 1120 775 1079
1053 917 792 928 666 1054 968
945 1155 1044 1082 557 449 1020
774 705 1114 1141 1150 1144 249
1089 1174 971 1146 969 1063 396
1030 859 531 640 515 996 1187
1003 1068 809 777 572 942 869
996 981 1186 1178 1013 1047 943
1016 1113 886 1016 1167 903 1103
996 1086 1189 979 708 947 1160
1067 1013 1118 765 1165 985 1134
1139 1016 792 848 17 558 408
1114 1132 772 1018 517 1047 1066
1179 1146 305 825 714 1156 951
1200 629 872 636 442 560 946
894 148 1140 1088 618 979 10
648 1052 1099 1104 999 1071 1024
264 247 1095 935 933 1138 1108
857 1097 1171 355 953 914 1095
1056 1026 747 1193 986 1165 23
699 970 1177 988 975 1200 817
334 980 1177 948 979 636 562
588 1192 1129 1158 800 936 1121
1131 885 472 970 437 1144 1011
1161 229 727 437 357 80 306
1007 560 1049 973 484 1182 907
1123 864 1000 968 1133 1189 1184
1001 317 1156 771 622 1018 564
987 1089 342 247 1191 236 1093
662 8 243 1160 1028 1052 537
1118 939 1148 971 853 1162 1041
35 882 613 1144 1016 1151 978
589 1200 858 974 364 1155 590
649 741 1192 1045 1025 990 640
998 874 488 120 841 1151 500
851 809 1162 1150 916 66 903
759 4 1145 837 857 1186 413
991 1053 995 1071 1168 718 767
1037 1042 1184 991 272 768 1006
719 195 717 1073 1146 1046 491
976 933 1054 1126 132 1017 1189
507 939 979 1136 835 985 261
715 1102 1140 1187 1183 624 1009
1143 673 807 1026 757 1056 1004
231 1026 593 1030 1070 846 658
1142 1052 1067 1039 1030 402 20
1139 1124 1036 1100 467 1064 1138
1169 1002 573 1033 1122 967 1154
787 135 1040 398 1136 883 962
1134 959 278 1055 1049 28 1032
1059 490 567 1035 949 733 1032
1098 993 1173 781 1032 922 1130
1031 647 1161 289 1185 866 789
870 1102 1118 1049 343 995 1048
634 502 1122 1024 819 836 757
1025 922 108 1191 742 538 1049
795 717 694 121 933 719 810
1134 1085 1161 941 1107 724 1084
980 879 1166 843 411 1079 705
253 1068 193 498 604 1065 1090
887 948 1055 900 362 458 1166
1171 1057 1080 462 1037 642 966
374 94 935 314 485 1053 977
274 989 972 1054 1020 937 1058
1066 257 1004 541 411 979 788
1065 1155 21 1007 458 558 701
974 986 1143 1179 1188 1194 1097
980 944 483 975 1123 841 1107
1130 819 728 689 1113 968 1115
104 351 1120 468 1023 283 1076
448 663 1039 1159 1154 1067 1194
1010 1199 1038 1003 1058 752 1117
745 884 695 692 1071 147 1045
861 1016 727 1121 937 15 531
1166 1192 1102 881 1007 954 1061
823 606 1086 669 783 1031 901
931 1012 617 814 378 816 645
1150 728 908 992 935 633 1120
847 1027 775 595 488 804 1008
965 800 93 928 1142 131 1035
192 627 1026 1181 835 934 1069
826 1001 95 1113 813 854 943
322 1114 886 797 1095 1098 780
982 983 717 1184 1101 1075 1152
1003 634 961 934 938 1169 1106
621 842 940 1063 684 1091 1118
979 163 647 1009 288 1053 1007
10 997 1149 898 1067 1198 639
999 1063 753 1161 1095 375 542
1135 995 729 517 752 778 1091
361 249 774 234 585 1196 571
1163 76 898 1022 1192 957 808
1087 168 1139 1030 997 926 1140
652 942 299 712 1154 784 63
680 710 822 354 126 1106 1156
1199 624 1017 1186 596 1035 787
504 372 618 273 1022 871 701
602 940 1037 987 633 1182 1130
976 1097 1125 598 747 1113 924
1002 794 511 1003 755 835 1076
426 422 79 1082 829 863 1135
1176 1126 893 991 1124 1041 607
1042 1197 887 955 945 883 969
308 1192 1074 384 1053 1042 1020
1085 1164 938 945 868 951 611
601 677 591 1037 1164 863 356
1181 732 1086 1117 786 993 924
976 226 1072 929 1158 955 938
82 875 487 359 503 969 980
311 1177 1085 610 662 78 932
976 1044 432 1074 723 179 1177
421 441 1184 1083 710 805 1111
936 881 1160 926 1118 545 1068
523 933 995 1154 953 1108 8
875 774 1171 504 1116 58 968
208 1060 1138 817 909 492 355
454 1036 1047 12 1113 657 1121
1154 1117 1153 1065 487 1053 110
650 1109 722 605 1185 794 737
891 971 1020 776 687 932 745
965 1170 1148 1044 750 499 1182
324 740 1129 862 255 1031 961
428 1102 394 113 851 426 807
718 1149 908 429 838 988 1084
1059 985 1112 982 663 954 1173
30 917 1059 448 842 845 1098
998 1166 812 1163 982 1155 847
1064 473 776 576 926 769 957
674 922 475 1160 891 1093 921
815 1076 958 992 722 1036 173
804 293 996 1056 1111 892 806
144 73 784 1060 976 1175 956
1056 257 759 1039 929 1010 1156
1028 170 874 761 808 985 1049
1133 850 575 626 1046 960 936
563 72 977 631 1145 1035 1175
1052 966 130 341 1009 900 94
960 1022 949 330 269 1119 958
1162 724 1050 905 774 643 898
1009 29 961 217 428 735 1170
932 1019 1171 970 1077 1163 1185
858 1182 925 1015 992 879 1129
482 987 474 9 722 1192 668
823 575 58 1117 661 1121 920
902 1033 960 1181 652 51 1052
602 1010 1090 1164 1061 1137 1074
1051 1086 972 1174 620 805 875
608 244 928 1036 643 1081 1160
551 1051 358 941 241 537 752
821 336 759 1077 819 453 1182
188 751 1174 435 575 601 1176
711 1072 61 997 1173 123 491
890 859 83 537 115 1080 1064
1175 829 1068 1112 850 928 405
770 1092 739 1036 971 716 1163
523 172 978 922 109 1081 910
1180 924 1092 1169 1169 1012 270
833 1134 904 985 691 984 67
1045 303 40 1026 1049 758 545
729 1185 970 1168 1013 366 892
1053 730 1135 624 1104 656 973
1183 1063 1179 1107 989 673 857
368 965 1196 864 793 1000 716
1067 977 975 1062 941 810 1168
1105 997 1036 1058 67 416 1030
876 597 899 928 958 980 1178
1061 621 1074 768 1109 1001 1025
1046 1011 427 481 831 1111 773
862 948 1091 33 1006 500 1171
1002 567 1037 1187 180 754 898
978 1006 131 801 1021 574 1061
291 864 910 1020 1100 104 942
966 1182 919 1155 506 1111 75
882 552 856 1172 15 1180 203
1033 1127 1146 1199 812 410 809
953 1172 347 586 763 504 1180
1049 994 1021 971 955 460 1193
478 976 697 920 994 663 978
985 1158 1119 941 1131 976 864
1055 855 1158 1090 1088 1101 213
816 707 945 1021 1012 1185 1153
867 289 958 956 1148 669 952
733 814 1023 1064 1039 1184 965
1167 879 988 618 914 977 1187
1160 642 1175 977 970 1133 1095
951 985 1106 698 1004 6 227
894 1154 891 918 1013 427 1174
994 1048 888 477 978 1069 925
1129 18 894 1134 693 873 982
953 1041 699 1172 1025 954 1165
1128 1174 896 427 1085 967 569
1008 946 966 318 1001 260 438
773 587 744 706 1136 988 732
1185 1086 735 700 1172 65 981
1040 1076 990 1122 1180 786 1050
1032 769 282 1103 184 1150 1085
78 988 1076 1080 914 1108 1122
822 1044 1077 187 1081 941 795
1199 651 906 1080 1057 1072 966
1183 1153 1077 32 907 1117 425
757 803 1059 929 444 1011 1036
143 178 1033 987 1080 55 853
1100 650 920 1170 676 1120 553
1003 1141 1099 1072 730 1176 624
719 985 893 1137 713 1180 1054
644 1131 1004 1163 793 497 1132
1023 1149 248 481 1100 704 1130
775 924 1178 998 207 982 602
946 513 808 1158 1170 837 955
1075 1096 1096 947 643 828 727
783 431 766 690 704 451 1128
1063 972 509 936 1100 1159 1123
706 149 1064 1132 685 1197 797
1010 41 1148 1149 1016 1078 950
545 1023 86 344 1110 1074 542
239 1167 1177 993 1042 972 1011
1089 1127 661 857 964 1031 1197
993 901 815 1189 973 964 1187
1192 605 931 852 965 1094 818
1048 988 1135 749 980 1147 1071
935 961 963 1124 1158 1113 1065
609 304 1176 747 1002 1111 936
1199 923 1174 743 998 1161 991
835 1064 1194 721 591 1042 262
1087 1009 961 1078 492 877 932
927 711 781 949 957 1099 1187
1062 296 1140 1141 667 784 1081
677 27 1177 718 1080 111 1136
957 1127 141 1045 80 1062 1037
118 994 431 159 669 930 1041
353 119 843 342 858 1156 315
870 992 1123 1065 301 1098 999
1194 993 1015 1069 1077 747 886
981 944 225 740 872 745 7
1060 631 1195 980 1110 1009 1070
1159 656 1060 1173 566 1150 990
1109 1013 1157 1137 736 1097 979
690 383 1167 1061 1024 948 830
1193 1092 1125 632 570 813 1170
771 16 136 1190 987 1116 1125
1120 1113 857 337 157 1139 766
1080 1017 867 901 1170 809 440
924 1016 989 278 1187 709 1047
1075 1188 532 824 445 270 466
1134 446 1058 1133 795 263 900
900 1118 447 1038 959 1175 1110
1057 1099 455 1106 906 980 656
1108 6 375 735 531 1166 544
486 770 707 1075 1104 743 1160
923 931 1014 1113 1149 707 991
780 1102 1054 522 911 89 986
1152 597 1192 712 899 388 941
471 1027 1029 935 1159 709 942
1062 1024 1062 888 1143 467 1010
1064 950 820 1084 590 1075 806
1061 213 1190 157 760 1152 1121
1103 1064 872 1100 1017 960 959
1031 936 129 1019 1140 1145 996
576 990 1148 107 516 999 913
314 1121 861 1055 475 850 1109
619 1043 670 1132 1137 928 1094
1064 1007 1009 1060 1046 1100 1163
699 176 1104 1001 1155 710 1006
893 1122 392 1043 946 616 953
1198 945 177 907 1128 934 988
1090 953 528 1035 206 1157 1115
1133 1192 1071 995 1023 1084 1014
997 1101 1085 823 777 935 982
916 1180 473 619 1025 1021 1150
153 1132 609 1001 1190 948 1000
1164 1038 993 1024 413 1008 242
1181 1126 999 971 1118 864 691
1151 1192 1022 954 1073 315 1132
631 967 929 489 613 664 662
117 228 744 1096 1135 950 711
57 760 1162 1069 1048 684 530
676 1057 765 533 1158 841 948
1120 888 1167 401 1148 888 501
367 985 1180 1019 1031 1095 890
811 1084 436 395 494 143 214
1172 328 993 805 1172 1103 21
1046 1045 953 1114 1031 921 389
1037 1054 1159 940 487 995 1118
1134 937 1083 784 658 1140 1067
698 966 739 1115 1088 732 1032
1106 1077 1036 1048 1172 704 493
639 1125 1178 1197 527 988 1182
1020 1189 450 641 926 1100 1033
1199 1088 463 101 799 711 199
1003 366 1031 1083 912 710 1044
1049 948 720 1013 122 1060 559
1029 1096 945 1068 923 632 935
936 927 1165 1123 917 768 747
673 1048 848 417 499 803 1131
1126 88 988 682 1115 1103 1035
667 940 312 1136 1041 623 919
1116 1038 1062 1117 923 376 1054
1078 108 791 1184 1038 943 684
692 688 281 1128 592 677 731
29 977 1112 333 1151 991 574
952 869 1191 1149 1040 1042 822
591 138 11 992 1184 116 1147
1159 809 979 736 1192 718 1179
731 1191 1133 210 668 626 200
1175 860 877 913 1112 620 1097
702 164 1145 864 1011 1195 693
1099 1072 45 728 1056 1156 370
519 284 1058 456 964 707 1044
1191 290 630 332 1027 490 1083
780 947 87 675 1058 1101 630
976 1010 659 616 412 1043 202
1012 1032 824 1058 1090 586 1034
1063 924 1048 1105 807 551 972
1018 903 1126 756 1037 1197 1151
767 974 147 1073 1172 981 457
1110 1079 1190 926 1054 855 710
738 1132 679 701 797 1162 937
927 726 1123 804 761 514 182
1146 865 1025 141 1058 1159 943
814 975 790 1028 602 785 968
1159 681 1077 854 43 753 276
1144 1040 928 929 845 1167 1002
834 989 47 1136 792 1198 250
841 1106 801 990 1051 288 1130
853 999 1036 156 844 682 404
353 1136 1086 999 566 944 619
50 114 587 1096 1157 52 861
406 1177 1055 1122 741 613 1083
555 968 1059 706 822 1195 1135
407 387 889 690 954 1171 1164
829 227 1095 1104 524 1176 994
1000 1196 895 800 596 766 990
865 612 1002 1052 190 302 1054
544 1090 1088 1166 1059 933 1147
258 974 1140 1176 514 577 881
1078 971 1197 1057 1015 1070 830
1053 90 839 826 756 818 235
882 331 1115 1149 144 1144 399
955 582 1187 1046 416 991 1074
598 798 925 1189 43 818 1
620 1048 950 1038 900 599 1180
590 940 1028 1180 912 234 1055
171 1060 1165 1163 1189 1164 1008
948 1035 1111 995 926 930 1034
212 548 103 805 896 508 466
764 845 1096 1032 693 949 816
5 1176 1193 1077 603 970 956
1109 1016 261 1075 1181 1050 1149
852 577 847 360 843 417 1028
555 540 728 759 773 1166 969
679 1059 863 995 113 1138 996
1052 1015 1065 595 1144 975 947
1180 957 962 569 1131 267 1023
967 1091 1137 925 956 945 1021
844 1032 1192 973 1179 205 450
1063 1135 1137 908 1116 300 1096
732 770 968 430 1122 1180 939
683 1079 1068 1193 1166 1081 947
242 1119 1049 1069 25 1005 1106
770 25 1105 1173 930 701 1018
1090 942 1024 1087 946 1121 1053
997 1005 943 939 1066 1179 380
1046 489 1022 1073 1109 1127 1125
999 1156 1150 670 1123 1001 1047
1011 918 1069 578 1084 417 230
938 881 846 1164 238 961 291
263 503 930 841 1080 518 989
812 1049 924 971 993 1045 1195
1001 972 896 820 1160 1009 99
668 510 999 863 655 1186 1062
1054 1014 1147 949 1044 530 997
392 593 1098 1082 1112 1019 77
380 1043 751 966 1087 1107 963
1179 958 959 1032 1098 480 540
1109 1029 408 1147 341 1105 1189
1107 891 1120 753 611 1064 871
1061 976 461 1080 1169 46 629
640 1104 1066 973 1022 546 763
885 866 984 1057 642 969 539
1114 1027 707 1008 782 161 979
266 962 1197 1167 820 155 463
839 953 639 272 1133 1112 676
1162 1013 851 49 960 1189 1082
1116 1068 518 1090 709 1193 934
1109 1089 685 552 152 796 878
821 1045 955 1154 1093 846 1077
501 978 274 1066 1094 1047 1059
1051 1107 1031 926 1044 1005 752
1071 138 1077 166 926 969 947
887 1193 1191 473 1041 994 811
1072 665 1017 714 972 1147 1002
1104 913 1007 1160 1014 1186 461
1126 1072 1013 725 1056 1053 127
786 1100 1073 488 1083 323 1020
1011 1129 935 1081 1142 1152 1103
831 1145 1053 1097 693 49 1074
610 732 799 1187 1085 1168 651
339 68 1044 478 606 1115 851
265 1030 1193 854 1177 1084 1099
780 553 859 956 1131 1166 1079
854 944 514 964 858 846 543
1118 1065 110 1003 87 749 980
625 890 1048 981 1071 371 604
1057 1195 1029 778 787 1041 1124
779 1099 1065 1094 1024 1122 813
1092 1159 1096 1111 544 772 1122
244 1157 671 672 996 1150 977
878 1007 462 1011 1007 1118 891
931 929 615 1050 520 705 719
1152 611 1190 886 440 1030 485
548 1002 1055 763 1151 877 525
1113 1060 953 931 947 792 739
782 931 874 925 1091 777 578
910 1012 1037 986 966 920 97
842 1139 1018 1160 1013 985 787
679 1154 657 824 612 867 723
926 393 1195 1068 987 1171 1026
1032 1176 1159 951 1142 321 1119
1073 1073 791 1157 1111 1071 1016
1153 855 825 1111 971 890 994
927 344 984 1140 740 1090 90
967 306 1178 608 1054 934 911
457 215 1027 1132 1166 1130 356
1194 1137 1073 1146 1007 1119 1056
526 635 335 1001 31 1125 1178
906 616 931 1047 1025 988 1131
414 970 748 1079 1004 627 183
152 933 1163 69 1175 495 1033
1034 1138 1132 964 1098 781 1117
1012 981 708 902 1147 508 1039
1119 643 557 792 700 804 376
1019 801 1155 942 1019 1162 725
617 911 1034 1039 933 658 1000
1193 975 1177 834 465 674 520
449 1004 950 1044 1051 671 923
1138 1108 724 931 551 1147 1086
1024 188 969 957 1040 632 916
1016 915 1060 773 1182 471 790
1186 1143 1001 827 1176 546 1017
1170 1196 556 615 1037 1099 1156
1195 1005 275 554 583 265 1066
767 635 875 340 967 752 1020
1052 361 86 522 412 856 1172
89 737 1081 1028 1017 521 264
1175 1023 777 1109 973 418 1081
863 1100 1170 925 947 1133 996
469 1096 762 1061 1095 1050 925
819 440 939 1182 715 954 784
1164 564 230 963 1039 220 1029
1044 533 418 1126 957 101 959
1143 1025 789 38 1066 861 1152
79 950 815 1032 779 443 884
980 23 999 1125 555 965 884
1040 1160 1070 758 160 843 1117
791 937 900 1089 712 524 1078
963 857 1027 865 1062 1150 776
740 1078 1125 1040 1191 1141 1096
1142 1029 1131 953 1112 266 823
968 1078 1196 1021 240 944 1076
1190 1089 928 983 1168 1196 1130
1002 820 326 1111 867 1142 24
946 1038 336 1003 40 1085 1084
786 1128 748 1024 140 1002 970
472 947 1092 991 929 1177 1194
1132 862 603 1167 298 1073 637
430 879 949 1158 964 1161 1046
540 930 838 952 304 852 728
1131 1016 720 317 1151 1006 894
896 1198 1062 1093 873 307 562
871 738 1115 1084 1173 1021 881
972 1037 998 1044 501 1002 984
978 1041 1073 1072 907 1159 899
831 153 429 1012 498 248 1102
1030 1123 61 928 1174 712 977
529 695 1031 497 228 1158 914
1005 470 965 1080 212 1076 1110
956 860 150 1022 1011 885 1170
1037 798 44 1157 1200 1125 996
1062 681 404 736 250 510 923
940 794 1105 1119 984 639 764
615 175 840 453 711 1057 1155
1116 755 852 693 550 958 964
1190 623 876 1045 1029 768 922
902 826 1094 890 507 377 54
1144 1165 965 1102 1102 836 982
916 458 1124 83 781 1060 1103
1100 973 974 1100 1121 861 745
779 48 628 215 1040 1101 1067
550 1002 727 978 1112 823 298
273 880 1141 714 1126 940 292
1031 32 1116 997 930 927 1038
1099 929 828 322 837 825 966
1049 222 1073 837 915 1083 584
1145 866 1114 1186 1004 1160 1088
1133 1082 1063 1129 688 940 47
391 990 459 782 626 512 648
909 901 943 103 1007 1039 1178
897 815 1124 922 1093 326 974
953 802 834 855 1008 583 1181
286 812 1015 863 354 1126 837
543 279 1042 1089 1110 705 1127
1100 37 1128 1137 1183 1132 982
