1162 848 1073 775 519 690 941
1001 864 1130 1096 944 1040 1189
1195 957 1003 152 1053 1105 1009
1198 1156 933 976 74 1021 745
1132 988 801 1038 1086 821 1106
490 13 976 1154 1158 1080 1137
4 41 1076 938 316 1036 719
314 999 612 604 1025 1105 734
815 945 738 1071 1116 1074 1010
1109 1046 961 1027 988 1075 952
1029 786 1155 1069 457 772 1123
934 904 1193 1135 805 900 252
781 735 1171 946 731 1054 673
509 491 1044 797 575 853 940
1046 1188 548 844 1166 1152 1021
786 974 677 1030 745 1188 919
87 992 777 1155 1158 334 942
681 978 1175 1171 92 598 1079
180 750 944 1134 1038 1008 919
1038 1152 1026 1096 437 936 957
837 1048 562 213 938 651 868
865 851 1030 1026 1087 960 995
530 1104 486 1076 955 451 855
814 954 1085 559 1164 607 476
908 943 928 304 907 1012 131
1105 619 1101 1039 1136 935 1142
1060 966 1123 986 810 857 973
319 588 37 363 628 1091 669
916 1164 1065 951 1094 1013 1126
1172 723 996 1034 943 1043 1186
521 952 1048 1062 426 1020 446
1070 706 18 941 1064 1132 1
1029 1128 896 1030 1096 200 445
956 584 954 1138 889 1023 308
1196 823 1157 268 1098 749 230
687 528 1131 1042 1121 481 625
1039 1147 923 1183 216 1112 815
498 1020 1132 1158 495 357 617
1135 1002 863 658 701 631 933
1118 535 929 1039 831 1060 1047
944 545 228 800 770 492 852
1031 1154 1135 962 1015 704 1163
1073 1177 953 943 898 630 976
930 97 776 84 1158 569 1000
1185 835 1117 80 1119 917 834
341 1136 1143 613 649 1183 1017
1087 201 1015 1184 723 1063 968
1193 1078 104 1142 1061 814 613
937 940 998 1178 994 697 143
997 1096 1068 858 1074 1028 453
1052 1058 912 779 781 940 676
938 822 417 579 1101 930 1108
1185 1160 1014 907 623 455 1133
820 715 1083 616 1069 100 975
697 1160 777 981 868 856 1193
600 635 1052 426 555 995 1062
457 615 1088 1155 1119 1039 669
1071 583 972 156 1114 1003 743
1174 1005 1175 1170 1108 953 807
1025 274 694 1044 325 1151 948
109 868 455 442 1120 1076 1029
938 780 1117 946 2 621 662
882 414 1106 777 1172 619 1086
1115 85 951 813 1091 10 528
1057 1190 898 730 720 943 363
1180 1150 11 689 292 1141 1055
1143 1173 1143 725 803 857 1183
314 1170 657 904 1116 1038 758
614 86 879 912 1154 665 1173
956 141 1033 719 762 1085 595
968 1031 1115 1169 238 1101 599
905 1024 1199 945 473 599 1185
1020 1082 238 1041 734 884 1178
1146 722 845 1150 719 458 323
452 23 828 987 893 870 935
924 973 842 1168 1086 1004 36
1136 1170 553 1093 922 148 523
1185 1088 1042 175 926 1091 1108
1051 515 962 1106 930 1099 1100
1034 1179 1097 1062 806 1117 1111
1089 751 1148 1038 1108 978 898
834 1098 1189 1019 1154 373 980
796 806 743 408 1197 893 273
1153 58 923 842 1168 1116 578
1174 960 384 878 955 988 177
597 980 949 451 483 755 666
1009 928 1112 1196 897 1028 1174
1072 1187 989 892 1087 1181 435
1159 702 573 1020 1040 1110 585
944 1001 1189 967 1041 1159 1155
839 61 1003 1093 1104 1110 128
1107 1142 507 1099 1088 1138 1132
1116 1015 817 1034 512 1054 388
1141 1015 744 986 1025 134 748
594 993 846 1000 714 1168 1030
489 791 902 707 914 1196 854
970 1117 1007 1113 659 775 728
1153 902 819 912 610 774 1163
930 1109 724 1191 947 1142 1186
1153 979 964 1052 907 1157 1050
1043 1093 1149 1100 724 752 441
605 524 921 419 1064 348 940
513 1016 990 21 932 177 958
774 983 1147 1130 1033 1196 984
1041 400 450 769 1033 1029 531
1134 1189 927 813 1129 1095 1166
771 42 378 1036 1121 1093 1172
711 403 1028 538 779 1186 863
1031 638 1176 763 1071 1120 797
961 1187 945 480 1195 1162 1113
149 945 1188 279 627 640 1140
1007 1200 1185 808 780 598 953
954 1139 1075 1050 456 1009 970
955 927 705 475 1160 703 1174
1004 1128 946 414 1068 1093 911
616 437 851 1000 955 1017 1110
559 1075 765 1031 692 1011 949
1103 1122 891 759 1153 1112 255
851 974 312 997 863 928 1057
965 679 1004 1129 901 507 951
380 288 650 192 1022 999 655
1163 891 929 538 1173 1036 283
1028 1120 1148 541 663 13 1177
1003 631 1180 1200 686 212 829
249 918 1133 988 1133 797 1110
478 1058 995 982 1165 924 1027
602 834 807 946 771 924 249
833 914 1114 537 975 1056 1060
921 1117 1107 1128 1189 1001 193
124 830 1045 848 838 960 1189
957 1111 1041 865 791 775 759
960 881 1196 1085 999 1068 1106
951 1145 140 365 782 832 1060
1101 1192 999 760 859 645 340
1041 1149 111 1059 421 1112 211
611 77 231 397 1041 1077 979
864 1075 962 888 694 1181 1014
1026 1045 428 587 678 840 1077
670 988 1148 775 824 722 1020
979 261 1162 173 1140 1177 911
1040 889 850 833 263 732 1118
1172 1163 1092 1099 101 1157 1065
1034 1136 924 1106 874 991 491
1020 887 1104 1111 1139 1028 349
1006 1159 1190 917 983 865 793
929 1006 1182 999 923 893 1010
1149 1016 1159 938 772 1055 148
1087 1174 997 1030 914 971 1007
699 1122 964 411 1042 435 518
622 890 1192 925 1011 1046 1061
1051 63 1156 851 1133 714 1069
796 315 1100 801 1047 1198 809
199 967 1149 989 795 1122 242
320 731 997 849 542 690 1057
1031 1166 53 1162 776 970 945
787 1093 980 1192 1017 331 969
947 939 1084 879 761 764 770
936 787 427 1057 1077 1112 1040
1023 923 1145 845 478 950 1064
117 593 1178 1115 957 517 188
1060 1154 1016 1057 498 1154 1173
481 696 962 50 250 1148 1199
984 861 1089 1113 814 941 482
8 919 280 1155 869 597 1191
972 656 1180 1173 126 91 1065
792 794 902 1142 1030 901 1015
1085 1094 1156 978 1199 1163 1030
1159 1195 1181 171 339 718 1082
1174 1106 1170 1070 643 988 841
1179 1129 1136 688 1018 1161 1066
1032 425 1126 684 722 819 1086
1108 1182 1141 1183 938 1054 619
1049 213 977 953 1189 700 1000
1112 1134 546 953 959 1104 1131
938 789 1120 101 1063 899 802
942 416 1184 660 1148 608 701
593 354 698 926 271 991 973
959 647 950 709 1005 1180 1187
136 1047 1027 1174 1019 1088 1166
1177 739 916 1057 1100 863 96
1047 945 803 1058 790 1141 986
1155 57 407 949 1014 985 884
1094 461 1062 278 1034 1052 1164
954 1094 385 1037 500 507 835
1085 214 875 905 563 978 377
413 212 1113 1052 1080 1026 374
1007 691 1049 1080 990 1109 710
1136 910 936 392 1053 989 968
886 1161 1000 1098 1175 1023 1139
1021 479 981 173 1056 473 941
1011 958 332 909 845 1056 1032
1118 1102 1077 1095 341 1096 1120
886 953 1035 167 1090 420 435
963 1106 58 1179 920 939 1111
843 678 1070 1122 856 914 998
1178 407 70 874 1093 1152 1052
887 994 808 535 1117 319 1127
1102 1004 843 878 996 617 514
1152 850 857 708 1095 968 724
870 441 442 663 561 158 1119
1077 1097 1142 1047 1018 83 988
1058 836 968 885 839 1165 1170
1192 518 781 736 932 1064 1072
1073 871 864 1051 980 651 978
1181 1048 703 1125 971 1014 1167
1094 1017 963 158 1138 728 947
1118 879 172 1015 409 1176 873
929 1155 639 650 1164 1072 1018
848 1057 1101 1012 739 1180 1017
1024 1134 1084 1167 599 1067 1072
905 426 402 882 1187 241 216
1066 963 656 809 354 937 1088
1144 412 1133 729 711 1194 1017
472 119 934 1107 291 798 360
618 1042 43 218 1015 285 1087
961 969 1097 1034 750 987 1147
820 809 707 1055 469 204 1099
950 938 1021 427 368 1102 1126
980 953 959 925 1014 1162 1060
967 3 937 739 1175 1141 499
613 475 1078 971 1128 1117 982
272 972 1137 1175 986 963 832
1024 1123 875 961 11 788 1119
1001 564 1043 928 662 760 933
895 916 313 837 113 940 1070
1064 970 941 931 1138 467 706
1104 1049 365 1095 626 1122 1033
1062 778 924 898 961 822 1019
996 1144 1000 1164 816 1138 406
1072 681 894 497 943 1019 1107
1063 802 1071 1044 1035 525 961
74 1124 1124 667 558 696 1009
1193 959 1026 674 852 764 606
980 534 897 658 1067 1041 1085
556 205 1008 1068 852 573 438
1123 532 759 698 985 905 1003
522 642 808 656 886 892 1073
746 1184 493 1160 784 1174 1130
1157 446 514 1181 628 1019 1058
586 859 1103 1197 1086 1030 1131
1160 1188 1125 436 1089 635 1165
727 1020 934 95 1088 928 1086
1143 198 1039 1007 1160 1154 691
1035 979 1109 919 1010 959 1083
805 1187 962 114 1018 934 1110
557 900 998 1036 328 1146 1040
501 1131 727 1151 1009 20 1022
1185 834 1036 1180 185 1100 953
704 199 1182 1108 505 1153 1017
1123 604 991 125 1129 343 1002
700 28 960 1047 1082 208 16
903 386 696 1106 47 1006 1063
304 1094 1039 926 671 877 1173
940 495 1200 1002 991 740 256
848 183 980 1083 860 484 1070
549 62 1019 979 89 1183 992
961 984 1142 1050 821 931 1158
1118 999 934 741 325 147 1160
1161 129 596 1048 1040 1147 1102
1156 264 61 1016 1136 1034 1158
1068 1133 1151 1008 987 429 191
1170 941 1186 697 236 1114 929
995 824 464 804 627 767 884
923 1105 1117 1034 929 1077 1123
790 824 974 1129 888 1182 1159
738 1167 885 938 1102 1098 923
957 1194 1137 384 1090 944 1116
153 417 1033 868 467 1018 993
562 1133 1130 977 481 1066 232
985 1053 860 356 541 1146 1093
505 1047 1002 393 732 898 1128
693 816 477 931 436 1112 931
963 1169 1104 1095 857 729 1045
1196 975 596 544 806 1007 842
1200 802 1134 779 1163 1004 1062
785 974 1127 128 962 1084 1056
1127 1092 783 998 1006 1051 1017
1186 1102 29 551 1046 976 1018
338 1043 1008 1105 1109 1121 996
959 1130 1067 642 993 515 1112
1198 1121 59 309 878 854 1130
956 1071 961 904 1154 933 1180
1108 1018 1026 875 620 929 1055
1042 508 1040 882 1141 1006 745
1144 1027 1107 907 905 735 949
1146 948 746 1031 879 1198 737
582 987 14 962 741 487 780
1191 910 931 1015 1151 1159 946
1076 1003 1097 978 983 969 110
726 452 837 1197 978 1054 695
1089 934 835 1170 647 865 420
1064 1108 1184 1030 1126 967 1007
1137 482 690 637 983 624 1022
324 411 1078 1028 1050 512 570
19 607 921 429 1132 1084 1008
776 1074 958 330 1014 892 1184
180 1044 374 1000 1171 1101 1109
1021 1175 142 779 583 1013 1184
623 958 366 918 902 939 139
798 901 1121 809 581 1038 1056
882 1061 736 836 576 914 899
1054 364 1094 710 1141 965 826
44 387 231 1031 564 847 472
885 1051 583 1154 1157 1071 1099
747 1165 1082 1183 847 982 32
846 431 656 815 1022 973 122
1092 132 251 1006 689 1075 927
969 1009 1081 1144 709 852 1172
1175 702 630 1054 783 1089 1054
1117 1126 890 1010 1130 522 665
1048 980 948 1004 1194 1122 1079
1129 1109 1010 993 1027 684 52
1114 1186 967 1001 742 534 757
1023 1174 1135 290 989 1189 1070
925 344 987 942 1192 1070 832
901 643 1194 1019 1153 580 773
1106 1078 1121 1130 1126 1179 936
257 1067 821 917 1178 836 622
1133 698 1077 884 1131 920 458
841 926 948 968 624 1045 1067
1010 107 906 739 953 792 342
222 1100 1015 1031 410 37 962
983 1157 938 1176 799 1177 1175
773 1178 1105 1018 1021 1026 711
972 723 704 377 53 1140 1084
799 672 993 82 1003 1076 690
1149 106 825 640 1173 599 1181
1015 589 1132 922 1035 1024 1013
339 926 1023 1076 1105 160 692
964 1067 1002 840 695 489 899
1041 1169 757 1003 989 824 24
1068 1171 1069 1180 960 1052 1049
500 1113 1010 933 738 884 1012
98 1089 1188 926 825 1089 1035
1005 1114 975 778 1151 1171 912
394 638 1086 1171 1157 1187 668
1116 1143 894 1065 1187 444 1058
766 1024 782 873 883 31 116
940 969 251 716 294 1037 1004
1029 1118 867 866 1037 827 1141
734 979 851 974 708 561 1090
1079 1181 1198 932 1011 926 449
191 1005 759 1000 1128 1158 858
949 890 1000 19 1014 611 1028
1051 955 1176 1118 909 570 1090
1006 1106 816 1005 785 968 943
953 1155 1191 161 284 975 1120
1071 888 1011 621 1092 1103 165
1109 969 959 1053 1179 930 871
907 449 1063 1037 1011 947 922
955 965 1096 224 944 1114 651
1000 1033 414 241 621 587 1026
392 1190 740 1152 731 1122 138
636 488 1146 1149 151 1185 971
1141 408 770 931 468 678 85
1142 842 1118 485 996 999 957
163 211 1185 60 950 1054 909
1056 908 494 321 843 1148 758
780 810 1187 1143 1148 517 1016
525 1128 719 941 1155 1117 702
1197 1076 1029 6 1111 1122 1053
1166 848 617 196 870 691 329
980 135 1055 1062 604 713 1135
1186 168 269 755 975 1177 920
636 668 1077 761 1185 694 1139
646 547 946 857 918 1063 785
1182 1062 648 1053 937 987 1146
1190 1070 1012 1189 811 1178 923
1154 456 697 796 981 86 135
902 931 913 936 825 1191 587
939 880 1029 935 353 1085 449
962 1007 1062 552 959 693 814
746 1065 1012 1172 1076 890 1020
1035 26 1181 1056 1134 1172 1091
965 809 1092 1112 840 1080 1020
1142 488 912 422 1004 1195 1014
75 1005 159 1112 1153 1159 737
828 945 591 1023 1121 988 833
1062 956 112 855 1035 70 720
1130 240 351 991 1023 1032 23
1145 956 872 1189 1081 1002 859
287 861 466 892 1019 306 673
1082 142 1082 1196 1021 1195 844
683 782 767 849 626 755 808
1064 906 1029 943 958 997 808
1150 1034 1044 1132 1089 928 922
702 871 1146 968 1133 1044 804
633 653 1142 1017 1080 980 57
838 1063 801 1088 1175 433 1075
1019 1143 802 1086 694 986 1041
1046 649 619 972 1135 777 1003
1157 1008 1115 928 784 602 1065
922 871 992 49 1060 1157 868
1092 1112 1137 1046 1194 1197 1011
1073 176 985 1038 876 862 1121
979 975 1087 1038 830 910 1096
1051 976 1083 947 1038 1084 1170
994 873 700 854 1039 1158 1057
952 1159 1038 950 1197 106 1189
982 1116 768 242 1065 1112 1094
1100 1107 981 1087 902 176 922
410 927 1024 968 654 937 1032
413 787 1108 381 1042 235 1177
1183 943 1081 1038 1131 551 1144
468 867 1134 923 993 783 885
793 1118 1064 130 1008 812 1185
1028 918 590 1019 852 811 991
1022 925 1034 941 1093 998 454
700 919 976 1069 1191 933 975
755 986 424 849 813 977 971
535 707 1150 1056 1125 463 1065
935 773 1035 687 944 697 592
275 637 1176 493 1089 830 1170
1011 860 811 69 1136 447 994
1160 807 818 951 966 1041 969
778 1060 1103 1200 1017 41 558
922 1009 893 1199 1035 726 1140
1059 1048 981 268 234 1150 982
815 1164 1071 710 1073 404 984
772 311 662 1025 798 916 1198
892 606 1030 840 1017 1154 766
1011 328 736 958 911 596 1032
839 1180 733 1194 881 967 956
613 1119 336 927 983 1040 799
981 1022 1067 969 1168 1026 622
998 1163 1006 856 1149 730 331
1125 664 459 1050 1194 937 1166
909 91 187 764 679 647 102
634 987 362 948 608 1125 1161
482 1197 725 749 825 930 1190
887 35 1121 583 1085 1183 1146
247 1089 1016 1119 969 973 1088
14 988 806 301 1091 713 923
840 226 1166 688 592 551 843
1070 221 1095 450 1139 229 1162
629 683 1083 1072 1115 1084 316
1075 1111 1140 891 941 1142 1108
838 1096 766 254 1008 1027 989
1076 1022 860 1139 927 408 38
894 985 752 926 1012 948 1076
1074 485 1122 1156 164 1092 405
924 965 1084 758 380 1147 1107
889 1200 992 688 1062 712 1094
1182 998 646 1082 888 592 1094
966 750 954 791 1014 1179 1147
1001 217 1200 958 1008 976 729
1144 1044 985 859 1126 791 784
1036 784 1108 972 407 1193 621
1192 1187 1173 673 969 721 560
174 760 1105 608 1061 1107 540
911 975 769 90 1056 1158 1011
937 308 1033 1048 905 1139 977
1115 1007 1186 1167 1104 582 1187
1124 955 704 552 170 625 266
1067 1120 945 1199 956 1190 1165
994 1027 1066 1194 809 727 1142
891 1071 896 985 1179 754 483
504 926 1086 1066 1126 375 736
976 1077 1102 1129 769 868 1052
727 526 1176 996 971 1025 855
359 448 988 740 1101 352 875
959 464 1145 502 845 1128 428
906 984 742 1049 1001 263 930
1152 931 336 883 117 1018 1087
990 112 1052 1077 953 998 236
869 715 609 685 1031 693 1100
722 1075 1017 708 879 816 998
46 252 804 1039 307 989 1054
745 980 1194 942 1049 1044 644
1154 1188 923 936 124 1121 1109
1181 667 245 1166 543 1063 1173
933 935 1122 1070 733 474 207
614 609 1143 840 444 856 858
1072 1073 939 1060 929 1035 970
1050 842 282 1058 1130 1198 800
881 140 1156 1165 684 614 1187
79 1010 1196 406 1007 726 1161
1041 1048 1086 146 313 1070 958
15 1151 126 973 264 733 760
945 401 1012 1019 872 1177 1022
1140 1180 641 770 941 499 1068
944 1009 1189 171 1030 715 1103
870 918 916 839 927 513 1180
1193 1171 741 1132 627 549 822
862 1167 861 843 1024 1012 949
1192 952 1024 382 682 1098 116
1080 924 574 1068 607 1102 1198
1164 878 1010 984 737 179 1020
1082 965 800 1101 1033 1116 665
561 716 885 145 950 560 580
1100 1048 1075 438 1193 1022 360
942 310 788 1032 1197 951 320
951 1186 494 1066 1011 1132 219
981 1079 912 273 235 790 1137
965 762 1072 1151 680 1146 576
991 466 869 968 972 1184 1053
728 708 1108 848 276 1078 832
1094 409 1148 981 724 1118 1095
1049 768 1153 807 938 51 800
971 674 1024 318 997 1103 1169
1044 1169 503 1000 1155 1167 903
830 1039 976 779 985 997 746
822 997 1149 1034 940 768 870
1193 955 1053 1139 591 962 1177
1130 52 605 1138 1054 1109 1019
1015 404 976 1003 935 54 1188
1084 960 569 1101 1073 1115 1011
811 1137 768 954 1069 973 982
749 1155 549 1193 1113 931 803
1073 1155 1154 866 538 1028 1179
1151 728 1135 389 222 645 1072
1179 763 1124 333 1042 1089 1123
17 1060 1072 880 939 1072 1153
1016 1166 795 1039 968 982 1108
1034 1120 1170 1000 1049 5 776
1131 955 1095 1057 1012 772 1150
1051 995 520 641 969 992 510
830 963 850 1013 839 1178 670
589 823 1184 1136 1025 626 994
588 528 1152 1096 536 1136 954
717 347 639 998 756 963 991
1182 965 783 1109 1130 1052 1006
872 1104 957 911 1129 1051 542
685 1131 1033 894 484 985 1142
739 731 854 455 164 727 699
1000 940 1168 886 973 1163 1067
1194 862 1065 1061 1085 295 416
1050 709 572 800 1074 821 1152
737 810 1030 944 644 83 1127
159 1050 935 963 866 424 1111
1191 906 701 1135 1114 1145 714
1131 778 859 1063 832 161 876
467 1132 600 1059 1010 904 655
412 1022 594 1086 1175 423 372
1156 1182 738 576 1114 1079 1151
1169 93 720 817 1190 840 1093
1134 998 546 991 1063 1081 1002
1170 536 950 1102 932 1042 850
1172 1167 1075 1147 904 207 276
1081 1054 174 974 999 846 295
1097 1125 1135 1025 280 589 989
719 1053 312 1008 1070 924 1086
470 951 857 964 926 957 972
947 178 1113 1027 1165 487 1135
934 1145 722 841 863 708 971
1174 896 855 1046 288 1022 648
867 1040 475 256 1182 1007 822
351 262 931 994 1200 225 1147
978 1065 76 966 1081 1142 322
737 303 1037 987 827 992 1059
451 221 345 977 346 941 287
965 717 418 1084 788 1184 665
715 186 925 559 604 835 1189
1162 937 460 614 1077 968 933
844 1023 954 1199 1021 1143 795
994 1128 208 853 869 1031 318
856 966 434 344 292 1036 1125
1024 321 277 1065 952 2 1016
949 1109 755 1169 1166 1090 975
245 1198 860 1059 1192 227 929
646 1104 979 938 987 383 565
942 799 440 1104 1048 430 253
1145 1138 929 798 1184 1088 1188
624 102 1149 361 582 433 1002
871 663 740 835 63 830 979
1017 1151 65 1178 995 758 300
1175 411 1100 1058 954 479 986
1036 718 1016 1037 677 788 819
763 1145 714 1043 1066 942 1029
1116 984 378 1161 1199 1037 323
696 949 1036 922 738 1067 930
882 1012 965 1152 947 603 239
1156 1152 491 431 925 1188 998
544 497 903 1088 1130 393 717
585 995 1198 1102 1161 1084 243
1056 924 1001 1010 1157 929 915
927 1132 1022 220 1018 1174 957
1110 948 993 753 1061 820 454
925 966 926 1042 1103 1037 947
64 1186 1179 1067 1087 1080 680
122 533 878 1140 567 695 1005
818 922 1093 1170 163 743 672
464 985 423 971 897 56 996
750 927 936 817 1186 209 429
1091 789 1115 934 837 1025 1092
1023 1135 40 1200 734 1099 1117
936 1019 1066 677 494 911 448
935 1163 971 188 1067 186 369
436 979 1158 84 1082 65 1156
1075 1095 182 1172 565 747 1035
555 602 612 1124 1045 1171 1091
506 1113 1071 1055 1092 1078 774
1155 938 993 843 745 771 506
726 1123 391 977 179 310 1055
1042 1024 509 887 1084 1045 1112
946 1074 1165 1001 577 1152 1123
1099 1068 502 874 995 871 1007
993 1125 99 618 598 661 701
860 1026 530 1037 1182 585 1140
