276 1148 1079 1175 415 657 1104
998 937 751 1178 1102 960 1163
768 704 1074 1163 924 1150 757
825 808 1019 1172 765 886 1105
1127 1155 957 451 1110 888 161
946 247 1039 981 924 1093 1105
91 589 1159 1175 1152 1032 1035
824 1128 1139 1057 999 1117 955
921 1066 955 725 1175 1074 736
1015 884 1095 88 991 1097 670
790 822 1129 809 784 1070 1193
589 1115 863 740 250 929 552
1111 1141 1031 1090 1069 1114 1122
1036 1168 950 445 955 1016 415
1152 819 1035 443 1052 114 968
841 1181 433 893 1078 1021 962
336 790 1144 930 1166 773 929
465 308 380 395 1022 1043 337
911 1131 287 1132 985 851 759
1060 1126 1162 1127 51 1176 674
801 1088 246 1091 1128 1021 972
964 609 1066 240 1021 182 264
1046 190 1069 1086 978 60 219
736 1003 999 829 1077 1180 753
1200 871 1050 260 879 820 419
460 1032 1107 827 938 1054 971
1111 995 637 938 1152 1102 578
362 1178 698 981 942 1066 966
667 1053 964 973 928 651 950
995 878 902 1037 1009 981 803
809 1038 1050 1158 1156 1083 664
1039 968 1021 1052 1126 992 1153
518 936 1053 1050 930 353 916
1106 66 69 823 429 857 1056
1104 1191 610 258 830 965 717
760 1021 729 1044 1176 427 311
1113 913 1162 1155 930 676 802
963 1009 917 1154 1130 788 185
738 1117 1019 954 44 1108 977
983 931 1054 998 1029 963 1035
835 947 1145 885 1015 873 1007
986 84 966 700 1110 1194 988
35 1093 1170 956 1152 1198 341
221 767 731 1024 1027 962 925
934 1063 1026 1018 943 1040 1030
944 1078 13 160 778 1065 800
1181 323 1004 835 127 1026 233
1133 1043 983 937 595 476 1089
1086 1087 1159 361 750 957 999
1007 973 1071 1165 1059 533 674
99 864 1147 1113 1154 174 963
1130 154 775 1136 1099 1115 979
1119 613 1101 592 1075 1151 724
715 970 773 1033 923 1189 1179
995 861 1081 973 374 1123 815
792 79 1015 871 1041 640 1005
1192 587 1077 1081 1144 947 600
1013 1139 868 929 999 1115 1069
946 814 696 1146 93 1143 1174
408 725 1013 19 182 487 1119
1054 143 743 1077 963 352 939
605 1104 1151 1103 222 549 752
841 1112 813 1142 988 299 1127
44 1196 917 1110 1098 468 1197
1023 202 459 1110 1166 948 1097
468 840 905 1174 787 1169 969
1152 583 943 409 642 888 1034
1190 792 887 644 178 173 262
1066 1116 937 989 1169 969 1004
833 1017 1000 947 1075 1071 129
997 812 967 727 1058 1067 1154
824 36 456 1071 435 900 697
964 956 925 956 1077 1133 1090
1089 1124 903 591 1034 1184 919
1052 912 1067 155 925 927 107
941 858 1189 908 1114 760 1102
924 1035 443 1046 985 1100 784
147 1076 993 631 416 945 965
855 806 1092 1116 1065 993 993
1035 529 761 291 997 27 1041
922 513 698 1050 1152 990 136
1049 1049 1082 1121 1174 512 1002
391 1074 21 78 1136 1097 329
61 1038 940 1187 975 1006 1158
1081 837 1129 931 1087 1101 1137
924 775 1024 832 1036 916 1183
1174 1104 1101 45 1156 763 1013
973 1088 1058 799 640 650 208
1163 1191 989 915 965 674 1163
1160 1156 431 119 998 473 1126
1014 993 448 994 1084 1125 629
1091 1124 472 1194 952 1197 1104
697 1023 893 928 1005 1113 1178
987 1084 860 227 1191 1049 936
215 658 258 1023 966 825 1092
640 1179 808 585 1037 985 817
1092 557 1020 997 901 1112 1119
1025 974 958 872 107 1106 1051
1038 1016 968 919 1167 984 444
945 87 283 1075 612 949 952
793 895 1158 1097 934 422 509
37 1126 533 1147 1051 287 681
797 1184 643 1167 892 833 656
345 1147 291 56 759 1103 49
363 130 99 996 1063 628 528
146 1056 1177 932 1169 1082 826
926 149 939 412 672 417 1114
82 1070 531 1080 1079 1179 1042
1025 954 963 832 1075 1104 717
1136 296 980 663 1102 949 1017
1132 855 396 886 516 1156 671
449 995 1106 696 751 1122 1175
1173 1016 1016 205 1067 411 657
207 1071 1104 466 665 890 1164
895 1027 979 1192 1167 755 735
1195 46 251 926 793 48 685
509 832 999 628 1171 937 204
923 435 1036 810 1018 1183 987
791 657 1013 934 1164 1074 949
815 645 838 447 397 965 1167
1118 252 791 912 1032 508 1007
6 680 27 933 1028 925 800
792 1039 992 987 580 1182 955
755 1100 1025 921 788 159 636
828 359 1124 373 861 452 1093
1145 728 1050 1168 1067 1023 1010
300 1183 1118 860 985 896 938
1100 705 1076 417 975 145 307
1198 645 112 627 455 1146 642
313 815 1105 728 1143 323 153
1127 823 932 956 852 953 964
64 278 181 715 1144 728 1045
791 926 1014 663 1170 1151 1006
403 1028 627 633 1137 829 1109
1072 541 1082 970 1174 971 1153
706 1183 1081 442 901 872 1166
754 1110 1123 873 1147 1068 172
960 180 155 731 864 1119 990
1150 928 906 1025 1089 1040 954
975 909 982 564 1081 443 686
542 954 521 1185 941 713 946
1188 965 836 984 1021 1076 840
780 733 895 1057 1055 863 1200
684 1190 1189 862 776 951 587
1134 836 1047 507 320 78 622
1014 994 977 652 929 1075 68
444 920 991 997 1147 357 931
631 1086 462 734 637 980 1048
1142 1165 732 906 705 1043 841
1179 802 721 1005 1013 1051 576
1043 1199 577 636 1061 265 393
1069 1102 1103 408 1043 982 690
902 749 939 420 42 972 1198
1078 97 951 976 1179 1055 181
1065 1170 1165 1072 1175 1181 20
630 897 1055 1019 939 214 931
711 942 879 1082 923 671 953
1157 647 1198 829 1174 1028 206
1055 1054 826 860 1150 1103 367
1102 959 1144 1093 1038 1166 480
1151 842 133 934 1181 1091 833
1043 701 761 309 1004 694 770
1026 1121 1091 801 1094 1029 955
1139 1050 593 925 881 765 1015
775 1060 1073 1013 430 1123 976
1061 124 1125 996 1044 643 939
1091 1013 165 1196 852 974 1176
851 820 665 877 740 321 1028
553 177 4 1194 792 540 1176
797 1061 927 446 1034 1032 1028
1147 985 1114 1085 543 1141 497
484 970 1088 846 1134 1125 1100
67 995 794 1043 1149 271 1199
948 507 779 870 353 61 1075
1004 1184 1049 673 1119 267 539
956 770 118 934 993 1100 312
450 425 904 889 1154 1102 637
1062 559 1162 809 1116 1164 65
1037 834 793 1142 726 1125 1127
923 1123 1006 1025 1169 928 609
837 384 1115 1188 1171 482 1029
1101 469 1072 118 780 1110 877
1074 699 1064 1123 864 668 956
905 503 146 1132 1018 521 940
998 976 1090 1157 1198 589 925
986 1113 1036 1037 1187 1049 809
1101 1171 1078 3 88 1029 1093
1137 1080 819 1053 906 730 779
1017 557 765 329 757 1114 1065
1182 1053 200 623 693 1159 938
807 80 1170 74 884 1055 1048
1165 737 125 813 1053 859 792
709 980 1091 918 932 1134 1073
828 855 935 1154 440 891 1055
390 411 1124 960 923 1138 973
1102 1034 850 934 281 162 923
1008 1117 1154 932 583 629 1003
1068 477 1111 1024 929 1154 758
1003 1118 1129 990 1050 414 1112
523 508 984 1156 1074 748 65
422 1002 879 878 1186 428 1136
328 1135 1125 558 1018 1167 1026
1056 612 1109 1017 1050 941 818
991 81 540 96 871 1123 785
864 1106 1200 993 697 648 961
830 949 1121 1200 928 92 946
543 1060 1063 1165 1185 431 695
956 820 900 1056 1019 1016 905
1099 719 1063 816 550 926 1118
1132 1036 477 450 461 1173 607
650 725 1083 1125 673 1081 1081
723 1096 1086 233 766 1070 654
904 1020 1022 954 606 150 501
791 1149 996 931 195 1124 1073
933 1022 461 1061 980 1078 808
958 1012 1129 1084 1091 698 948
1171 1184 596 1001 1154 1095 249
994 779 850 1080 969 1195 348
1138 967 59 1050 1131 1076 426
1058 994 402 1160 111 1057 966
1128 520 1061 70 619 748 488
70 996 34 1197 856 1077 778
1176 905 365 874 954 1008 1193
539 362 171 215 915 4 1097
252 651 794 1096 712 500 1089
152 785 1159 1041 992 1006 1019
59 1192 739 1174 1016 1091 1192
978 1177 752 1096 463 579 1007
866 858 563 1107 578 965 728
1192 814 710 538 919 1005 1179
1050 988 472 1074 947 1060 729
1193 437 1194 972 601 976 758
866 1118 736 1124 1190 742 1111
913 1130 990 1120 1141 682 676
845 842 966 1058 304 553 780
1185 1150 1135 1064 582 788 1085
1072 1157 1104 1099 820 220 414
992 597 1148 806 818 1008 1176
970 989 514 534 1133 859 1067
1120 935 1126 1033 1109 1053 911
1079 900 90 837 856 855 110
1008 967 1093 973 740 969 1173
141 923 1065 535 1068 40 827
540 567 693 1153 142 474 89
722 816 1156 1177 986 554 1143
1018 18 599 1018 1116 332 1091
1062 977 835 1112 1070 11 1160
1021 718 1139 1132 1008 163 977
1062 904 966 512 784 1073 1145
940 1059 810 1001 1146 1061 1142
259 1070 912 168 896 1070 1158
708 747 1061 907 124 737 1125
661 352 85 801 568 1181 1040
691 1032 865 1171 615 1103 1043
1015 1142 566 1170 633 1036 1115
752 1097 727 1004 956 1018 953
347 998 1087 378 1000 982 694
699 1176 996 1188 503 840 1110
855 970 1077 1058 1009 1031 973
945 1063 1110 1145 878 1024 1112
756 1196 698 760 1195 628 1021
1074 973 1176 156 1071 1105 896
727 347 967 936 884 739 332
1057 948 369 69 886 1148 1163
139 1035 831 129 990 1175 954
1059 760 464 1089 894 741 453
280 1024 1195 950 1070 956 1080
1142 1155 942 1142 929 1020 744
339 630 584 17 327 535 931
1186 1064 1045 543 1010 818 1183
675 1108 1121 569 939 1071 986
941 1014 841 1121 1177 955 310
667 1193 497 1095 1123 1183 984
659 943 925 421 32 518 1070
730 1032 604 1199 951 920 781
251 701 739 875 1080 969 681
1136 1146 974 371 1172 379 1034
257 1086 398 938 1120 997 1014
1054 1105 1066 466 963 22 47
1000 764 741 953 869 795 1042
959 1185 421 679 1156 515 1044
962 782 856 1120 427 724 527
1007 1072 1097 1014 944 988 1011
1059 894 1150 189 1097 1135 410
1187 39 1134 1065 545 1038 782
1014 1076 838 854 954 442 422
732 925 980 995 1022 917 481
487 548 330 76 768 656 848
1072 193 897 1033 123 230 321
516 753 1098 613 784 970 1103
1087 923 1035 1062 981 980 77
1090 1008 434 707 1191 1185 797
932 967 1008 1176 1172 804 842
449 135 1027 1134 927 974 790
887 1116 575 987 711 975 746
1010 685 836 1156 667 60 880
526 1189 518 1071 1113 1123 905
541 1053 1174 605 1082 665 470
1023 700 1190 862 974 922 747
949 588 1009 971 1137 1197 721
256 1018 837 1098 1106 1022 966
1016 1134 652 1077 1164 1164 1062
965 722 304 1087 889 1107 1025
935 910 718 55 1146 776 989
623 234 874 1141 1191 1108 959
1113 514 1063 1025 876 780 728
850 1106 932 988 962 658 1011
29 1103 1145 672 1105 952 720
1169 1074 1095 520 786 724 610
93 695 721 746 952 944 1180
1034 15 986 1167 1161 824 998
1012 963 857 331 1027 975 1030
973 1028 429 852 1033 669 1046
772 1019 1036 1051 220 1111 979
883 495 1050 1061 1044 1162 460
1044 137 1169 1180 984 1192 814
616 969 1123 1169 946 1057 335
1115 839 962 729 1061 941 716
639 1162 1168 816 975 506 755
1149 997 771 237 1024 1032 1115
719 1110 1161 1071 1016 334 991
1144 1198 1181 1070 878 710 882
1095 947 976 1108 305 1060 1122
105 525 1072 1199 1076 49 734
1188 1139 1082 471 1185 486 235
1160 764 715 284 903 746 492
996 858 1102 382 952 1100 875
804 355 52 1045 928 771 1108
876 1009 912 1187 1192 1122 790
659 812 949 971 1199 715 1025
745 1199 189 81 1064 546 743
962 108 1139 678 979 958 1007
1173 1150 426 629 46 597 688
552 909 498 950 1017 495 986
1165 286 1084 1088 350 1158 1020
1015 738 1148 798 1154 600 1110
996 1027 465 793 911 805 961
1055 388 702 1161 1148 1090 948
101 848 1171 866 1173 1153 473
743 1071 847 694 830 530 1131
818 1145 1015 880 198 971 173
1114 53 1036 1002 1126 150 142
467 1090 1068 1130 766 636 1030
741 970 627 265 240 972 1188
999 484 999 1122 926 889 846
907 1046 562 579 953 1136 953
1105 1022 1095 1138 677 1044 1188
1039 1141 1149 1120 988 647 677
1087 1012 489 1191 1171 1157 740
1164 1097 1165 861 944 918 974
1120 1087 998 1087 1107 342 809
910 1178 926 1197 1080 1195 1062
172 807 1048 868 1120 1091 375
992 616 816 872 935 1088 1077
1119 947 930 931 920 895 1159
1186 972 1156 1058 1127 216 735
282 795 844 1099 982 937 1118
827 1036 761 822 502 1128 1199
1030 1160 1096 317 949 1182 1023
936 1135 1012 370 918 1172 231
968 1005 1045 1186 985 1072 908
620 979 995 1135 1015 290 943
1048 1198 917 1190 1126 1180 492
934 797 1179 800 978 1069 1073
713 959 897 1102 36 647 936
1164 753 585 1187 488 927 18
26 947 1045 1101 693 592 380
966 987 945 1047 984 850 523
211 1032 1079 993 983 1112 1007
1096 877 736 580 1058 738 1008
1145 1162 968 813 1067 286 603
1187 1061 1143 1021 1059 992 1186
942 822 1185 914 1037 888 1007
1122 826 985 621 931 979 71
137 929 1045 1138 1142 164 570
978 1062 1033 1017 705 697 446
1143 979 811 1099 617 1088 505
719 1144 1120 992 541 980 199
1098 699 1145 837 939 1037 229
1168 1141 331 157 975 1138 986
1160 976 1054 768 923 947 1107
761 1181 1151 1068 624 588 409
963 1054 985 1012 802 1161 1162
1188 1090 1051 942 1010 1019 999
1159 30 526 952 1025 747 1080
126 1189 799 1093 507 1064 228
1022 1106 1102 604 1125 729 90
737 802 1112 942 145 958 725
997 1134 832 1053 1002 741 731
935 1091 1032 932 906 955 950
777 1098 1034 1048 977 320 967
1018 844 767 801 430 1047 427
602 413 1069 1004 932 314 1113
871 1007 1199 752 988 1137 957
1137 752 324 1087 1200 1105 296
491 1171 1141 1132 939 784 453
721 453 305 1129 148 919 1002
1009 934 774 933 990 1046 1191
485 819 1065 1192 239 1159 714
873 383 1145 411 1101 878 33
986 1007 960 973 1020 1084 1121
1175 632 843 1118 595 1166 1089
1072 301 1049 853 949 968 149
1060 937 1131 1106 1146 958 489
1157 1049 386 54 588 441 1100
927 1024 1185 1122 600 526 151
950 983 175 16 878 39 869
957 836 947 932 1009 1099 1091
1135 1094 682 960 989 926 410
1093 1111 913 633 388 733 1054
773 1148 578 1115 407 903 1118
1146 12 656 1021 432 821 677
730 938 729 1103 806 948 55
1067 994 926 1110 116 1051 361
457 1109 15 1187 1080 340 783
1109 1052 390 1128 1044 952 1170
1180 1041 357 853 478 654 1052
389 786 1173 1153 37 1070 1021
591 765 408 1057 897 1103 1015
474 1006 1156 761 1187 1027 969
916 695 1030 1151 524 749 874
1079 986 641 608 836 448 68
1090 852 549 328 1050 985 641
985 883 708 1130 608 74 1187
701 754 603 875 377 969 1104
606 873 895 997 1131 498 757
976 773 1129 1062 1026 1155 1073
973 1153 1098 368 561 980 962
354 523 1097 1121 691 619 515
932 73 295 349 799 76 418
340 522 1169 1175 655 1018 877
1096 713 645 435 117 1140 853
410 769 691 769 660 1105 1160
607 366 713 821 1011 480 1046
106 1137 475 942 626 1072 1103
1083 307 542 732 561 734 781
1200 759 767 513 949 336 1176
1121 640 1107 415 1071 1194 159
654 1147 434 1030 978 1051 1044
903 995 1088 1054 436 274 1033
1178 1114 957 5 992 83 1111
1125 1048 184 702 952 1188 951
123 1101 774 1002 473 1161 1198
666 494 452 255 599 960 1144
1040 589 806 100 1194 168 829
879 990 1062 436 1155 1153 1085
496 1081 943 530 1047 1058 661
914 878 1200 950 1120 987 799
1131 1168 756 1060 1062 941 946
448 757 921 1099 1107 968 1033
839 964 1078 1150 1001 1118 1010
1048 17 594 1143 703 1086 1196
128 960 109 1141 1029 786 1098
313 1063 478 848 1120 584 1003
82 880 1141 283 597 1111 969
1128 937 962 299 868 1073 987
590 607 1008 1127 635 539 603
767 954 958 485 451 1120 1058
710 635 1111 465 926 978 1088
1004 750 1136 579 942 567 894
1165 735 1056 1029 945 975 368
263 601 778 1087 988 922 1189
1183 823 843 289 624 812 1075
918 941 758 571 1043 1037 1044
1046 942 72 1076 58 838 1173
689 602 378 950 622 1103 1065
1189 964 943 1183 1004 1136 1033
829 1091 653 1001 1189 1192 1052
1078 707 1036 1143 364 337 738
1137 891 1082 1130 225 1174 952
1073 598 309 1052 987 572 1140
1086 1143 1128 1131 1182 785 946
730 903 1088 1166 756 1022 1118
796 898 1114 924 624 1154 959
834 1084 1150 882 763 976 915
1045 1029 169 1184 988 1002 841
832 1020 1022 131 1028 73 951
605 1018 1160 1042 950 42 962
854 555 1017 795 931 885 1014
1138 990 924 1178 1108 970 1172
1120 470 568 1036 2 1131 1093
413 655 900 880 678 1073 212
1096 1125 991 925 153 1024 690
1112 1022 712 859 325 944 517
973 724 846 1032 1173 835 983
705 825 647 1047 41 868 1156
810 851 1004 786 191 1070 726
815 1060 902 325 1169 772 1109
581 906 1039 1057 1017 317 646
1148 1106 200 1048 989 734 188
1138 1107 618 683 1172 1063 720
1163 837 1199 1174 382 927 1026
804 958 1001 1121 828 1010 750
940 1071 1079 596 803 1057 817
848 364 776 1181 1020 594 1178
912 642 1002 671 1076 1054 420
978 920 1003 598 531 1178 441
1130 663 755 242 883 1080 719
830 696 1051 1069 1060 638 1181
653 407 637 1075 1052 763 487
1066 743 958 1190 865 1001 1138
1092 961 1188 893 373 1190 1162
979 670 1053 861 706 1110 1051
1181 950 708 1000 1155 693 662
870 1074 1185 584 1073 1157 1066
883 867 431 971 132 1095 1163
863 1151 1134 795 959 1171 935
950 1117 64 699 1109 263 1056
1079 822 686 911 1075 620 936
932 1109 985 857 1112 1032 1040
1118 1052 817 1047 778 977 1117
1043 1196 1006 1101 1167 662 1063
6 1112 1042 1191 470 1015 1017
762 1097 293 748 999 1007 454
866 914 1097 1137 1068 559 1176
504 1084 1182 1082 951 1149 577
872 683 1044 902 191 964 874
945 1038 1151 1142 917 550 831
407 1152 348 928 184 943 782
461 536 928 524 601 1161 483
1179 854 1162 1098 1087 1191 684
1027 775 106 909 517 1131 942
1130 1085 817 1017 259 1092 984
876 1010 929 1063 1064 981 583
433 1031 16 974 781 54 764
591 1024 493 739 803 1130 611
1121 769 170 980 751 83 91
625 559 551 197 1078 1148 744
839 1101 1199 902 938 881 843
94 383 1031 302 754 702 1081
985 324 801 876 783 1160 1159
358 700 130 1150 957 615 895
464 13 1158 686 990 1029 916
136 1034 996 928 1189 981 996
825 1170 1190 1194 1094 1049 970
1145 730 40 854 842 688 966
982 135 969 1131 1185 620 1007
939 990 993 716 771 886 217
867 1069 1012 424 1094 1200 1071
710 714 984 375 1041 548 1008
870 1140 1177 610 720 481 1135
1078 1149 1123 400 957 940 132
894 1082 1131 491 1053 1066 723
901 1172 1140 1186 1012 113 1133
1067 236 1126 881 953 1032 1036
1069 605 996 278 900 1123 1197
866 882 1105 1164 980 293 1101
103 1135 682 1169 1117 580 316
343 732 24 1137 566 1077 1083
1180 891 1188 444 598 268 1068
1188 23 706 412 845 1028 961
1181 855 319 1107 1169 1024 992
554 984 565 819 1155 1023 863
789 963 991 1016 1030 160 868
952 968 801 1128 1113 1092 1184
975 360 936 908 573 858 1152
856 892 1086 856 1017 1117 1133
770 557 971 726 1098 994 943
1074 924 689 844 1186 934 1081
932 936 943 1138 978 1134 35
1043 432 718 962 545 723 780
1117 762 666 940 999 981 886
845 1 1198 1110 1137 1117 1184
794 821 269 490 1026 978 1079
1193 1104 989 957 1025 1030 1149
1149 990 1143 66 995 1163 980
534 452 1111 935 1126 1159 1141
1178 1112 986 989 1039 449 599
743 930 1007 1081 827 355 234
1094 923 387 1160 869 57 1138
1196 1167 1145 916 828 1172 675
981 1173 499 502 1159 1193 1021
253 1026 897 1141 631 890 567
861 1100 139 776 930 630 820
1180 298 783 728 864 1173 394
1046 799 1095 1048 653 961 338
1134 895 268 1086 1093 544 722
7 904 922 1194 8 482 1139
1175 1046 802 1169 1073 1060 787
788 934 588 608 1125 1156 962
704 228 1045 865 384 1189 371
967 1015 971 941 793 839 1041
993 231 1153 676 1195 844 981
1047 1023 987 906 1004 1016 406
1041 1058 1037 1066 798 1026 1087
1072 997 391 1187 1059 733 458
943 1129 1052 990 506 1101 926
639 1020 1114 817 403 1113 688
1172 1190 1127 954 238 1152 1006
1041 1112 334 984 1079 416 648
1035 183 79 1163 591 694 1164
1042 1011 1025 887 536 456 921
757 869 1184 642 925 965 913
814 1030 701 244 798 266 714
939 1181 752 1196 807 1091 434
908 193 938 960 851 672 623
1067 548 109 751 1132 978 991
960 1058 1114 370 330 947 194
1185 1166 614 1154 1008 650 923
