1110 994 324 971 942 700 1022
1162 226 1121 64 830 67 1046
796 954 845 1133 1138 841 66
1109 1083 1151 272 969 1015 1103
1067 787 1063 756 690 1174 1108
1124 586 1170 1093 1179 910 1028
787 1137 966 1095 957 312 921
937 1144 1040 735 1076 157 537
938 687 669 495 1020 873 188
637 941 992 922 437 701 873
1047 751 989 860 1015 1014 951
839 348 793 1090 1042 1036 542
560 905 804 1159 1142 1140 1123
513 90 1055 1054 577 1103 1022
613 998 1144 941 739 932 833
674 780 1182 1032 1193 940 394
932 991 724 997 1077 426 789
141 462 1042 1011 1009 242 461
143 1077 1059 1023 735 896 1081
812 1111 956 517 936 144 856
1023 1036 1094 1011 803 1084 824
889 1070 1073 1114 947 304 1071
838 885 1074 476 788 690 1142
1060 1118 1102 1164 1162 1165 835
981 842 915 1005 651 972 781
947 417 820 1078 1101 1193 1148
1049 866 886 1018 806 245 1078
983 1146 769 804 989 897 1002
344 1066 861 1019 819 1132 1000
881 1152 747 445 342 1115 266
1010 1141 747 1122 733 1112 604
1062 1036 984 57 671 996 1045
981 546 865 909 1177 1147 927
809 622 1118 720 644 1181 400
737 854 951 199 1109 1169 982
906 825 991 1118 1136 1174 813
496 936 360 1108 1121 562 903
1075 374 729 1002 1085 291 580
1110 1002 972 829 378 768 702
118 1075 1059 1197 963 1153 697
969 1028 802 797 791 46 1139
1115 992 1065 919 1041 851 346
1114 719 1004 698 891 1147 1186
1192 657 173 13 847 413 1081
890 920 752 386 1022 69 1160
955 834 1124 903 1154 769 1172
5 728 364 976 1186 273 721
642 969 1147 584 348 242 100
624 8 1112 936 798 560 336
747 1184 817 615 1036 690 870
976 1164 923 489 693 744 909
1186 960 851 1089 1046 1148 1026
1036 205 1160 671 991 1024 935
246 955 377 1005 27 1141 843
432 587 1064 745 485 70 1129
828 981 1084 901 1150 933 764
397 927 798 1120 819 765 951
1054 1039 586 955 700 101 810
1087 1085 1025 1020 1034 1022 962
899 616 952 1163 911 1187 935
1000 1186 738 957 674 928 1055
882 788 729 456 1146 925 941
1047 228 846 987 1139 984 1100
886 50 499 1133 265 1113 1158
997 1184 1147 901 954 971 1163
1143 1200 759 943 886 944 353
821 850 890 9 208 1156 1181
1106 220 534 739 864 1097 463
1098 1073 501 781 912 968 1078
404 952 336 1140 1086 1089 1181
955 322 322 1065 639 1169 1027
1073 1038 872 880 1103 1165 826
918 453 1119 1162 1163 1062 1102
961 721 1192 1047 1165 737 974
974 417 842 922 1161 1128 1090
1001 1096 1055 938 996 418 307
825 847 23 957 14 655 1163
409 1042 1187 1188 6 716 621
1005 925 45 1014 912 1017 822
708 1113 1099 823 629 1138 816
985 723 874 1107 1188 888 1181
1129 316 950 783 1083 1148 917
1136 470 1134 16 1051 1038 1057
1105 969 806 1083 744 701 833
929 918 1121 553 1198 747 759
529 1059 949 652 479 1123 1057
1068 805 925 860 451 1094 1119
720 1002 1194 727 948 1035 1072
1023 766 1178 714 997 178 1088
975 159 802 961 746 713 779
1043 1164 1194 696 1020 495 1118
805 965 879 745 1148 376 1092
600 973 465 340 986 377 46
1071 649 852 1160 487 518 579
1047 816 321 42 1111 899 1139
1142 71 850 959 877 1066 1115
763 109 966 975 979 985 1171
904 1048 1085 935 698 764 131
526 1099 693 998 661 630 1094
908 59 728 790 1049 939 860
921 1153 295 102 81 749 1049
1158 1037 965 943 1061 661 618
1019 1179 1140 781 553 632 1003
720 1052 1056 975 120 80 1058
1099 911 503 801 1025 952 752
853 544 477 1052 536 959 1132
1030 1129 1095 970 757 935 1079
11 1012 136 992 662 583 1036
577 1023 923 375 1022 1067 998
557 1146 693 358 1048 466 1141
1147 1108 1124 755 174 758 1163
1180 1032 1071 765 664 920 167
746 840 716 1135 924 1098 1171
1168 838 666 712 1153 924 558
966 998 934 76 767 580 411
260 835 939 1016 1017 581 1059
732 1051 795 759 123 1038 523
979 519 1036 1039 1030 1184 1012
1000 606 960 184 773 1000 902
1185 103 1193 1040 874 1020 1128
934 574 1195 1125 858 1154 1136
1150 931 972 1137 857 910 197
393 1040 1020 600 1123 412 858
755 927 940 997 1098 769 1178
926 706 885 506 1121 506 1027
1038 1197 373 967 773 758 492
1079 878 674 986 1045 591 772
1173 986 1072 1006 725 1124 638
581 472 1152 844 743 1196 1156
1068 1103 986 660 764 1189 317
979 869 751 1035 1146 41 1089
1119 922 1060 871 434 869 525
990 1135 1026 205 442 471 564
1115 1080 720 1115 1146 104 992
1031 1084 893 915 1022 981 1094
679 998 926 135 689 1100 1066
1063 908 1131 1117 608 178 310
905 1173 953 807 1080 994 996
1002 1080 36 427 963 1038 801
325 1008 824 834 956 1131 715
952 1076 431 1110 1107 1070 1113
1098 1046 303 784 1019 1092 695
999 1088 962 78 948 1014 1199
1119 505 782 1076 1068 238 1182
1187 671 469 147 1097 1029 56
993 1065 729 1027 971 53 856
1163 1042 1185 1150 679 1145 128
763 1171 579 1169 1104 1136 133
698 719 683 885 922 985 133
1092 667 567 1033 889 760 979
1140 924 404 1064 963 855 79
739 608 676 924 30 1067 1186
459 410 176 1167 744 1100 1075
555 1040 416 1153 845 80 594
962 1026 998 877 62 1019 822
795 313 1065 896 789 1193 843
337 1188 658 1016 1053 877 240
902 795 1056 764 462 1149 923
925 1125 1116 936 748 1127 1157
1038 1092 514 784 486 944 137
1014 1083 1127 895 1079 571 666
314 1129 1091 1069 933 968 656
707 619 1137 1004 1084 1117 1184
486 878 155 1001 1138 1067 764
874 923 71 392 90 900 428
673 647 1134 1156 887 207 1012
1137 510 1159 1175 1192 1090 790
1033 804 1076 1033 416 1013 711
1056 563 1047 926 632 1117 1032
566 1070 614 831 698 1104 1200
1132 948 1090 935 247 1017 989
793 1192 1027 1110 1124 380 109
1157 419 1194 1033 1087 707 992
1039 950 490 974 918 1068 991
444 1162 959 1020 994 1173 723
1014 994 1107 1131 1107 1122 554
726 731 50 1121 680 1023 1085
283 724 960 1143 37 1018 695
1150 1014 1136 703 852 958 846
881 933 814 1005 1159 1013 1155
998 402 155 1054 1006 1071 911
988 493 981 727 900 1156 328
1200 1092 501 1043 861 754 1082
207 1101 825 873 964 244 148
410 810 979 1079 1082 416 415
708 1083 1188 964 1136 691 1110
172 1053 1022 689 622 693 1072
1015 1106 1017 760 931 1079 1034
406 522 395 1073 1066 1170 1106
1164 1165 1114 1170 425 180 868
986 932 582 880 1096 939 1047
592 1032 1063 481 543 1169 134
967 934 1161 456 1001 959 1196
1127 827 144 1044 1179 578 516
1179 1154 1186 1152 682 1171 245
367 1165 435 1142 319 745 1111
1151 508 770 739 1085 464 875
996 1171 1003 350 986 1143 1168
996 997 1141 1024 961 1188 168
1029 1012 1014 1061 639 1156 1119
28 883 862 49 1109 685 1139
1018 1152 7 951 702 866 988
661 964 1139 259 1145 778 1005
786 219 1056 536 1116 837 787
956 88 1044 938 1054 1091 917
744 1050 767 889 1035 1005 710
827 1113 989 1043 337 786 1010
1101 929 807 794 825 281 734
1160 1168 618 1157 1073 335 1197
323 880 1034 936 536 31 1006
727 1188 1077 787 816 615 1168
1025 702 923 423 1050 1128 1039
1085 1172 1153 984 1000 1079 693
1151 897 1198 1009 914 783 421
408 957 1115 923 1010 1113 1026
590 887 840 470 1125 1067 1168
1070 626 953 513 556 312 1013
375 716 1088 1061 1160 1003 1106
973 885 1029 678 564 945 1019
943 968 636 181 887 267 287
1149 47 1158 1107 893 1123 796
967 1076 1169 1065 1039 1021 1198
613 771 1143 414 710 935 1154
267 247 1157 1101 968 947 429
555 139 525 882 800 1004 529
1057 977 414 862 857 923 783
958 917 1045 947 119 981 850
1073 1118 1102 885 761 832 1094
647 775 1159 985 1096 1069 1065
414 962 1195 1016 1118 757 125
309 1127 1108 705 1029 231 1155
946 1022 748 1143 941 951 667
641 705 950 958 991 1066 1010
1009 1016 985 986 902 521 576
1102 653 1165 1079 1037 601 493
741 1157 854 954 1190 1198 961
1115 1074 1105 1116 1070 842 1040
1028 1090 913 1139 1189 1122 1122
1130 807 1094 832 502 1193 1127
1195 1058 401 785 1170 382 781
953 1113 383 913 598 186 1008
840 1010 943 1188 1127 1175 497
977 47 1141 1145 922 967 1134
1124 969 658 814 1113 540 645
1112 999 1088 1039 256 1184 961
730 949 589 1171 1189 485 942
1027 1158 957 708 856 1032 971
782 755 1093 1033 537 849 1109
1042 1097 959 430 1106 1193 1026
1077 1042 1064 545 968 1057 1140
1099 479 283 722 929 1017 899
1179 1050 883 989 1169 1195 951
1125 436 1177 1170 969 748 533
714 955 1100 1105 318 989 797
315 683 984 1188 823 745 742
969 278 452 1115 1170 1200 922
939 1144 76 982 688 1168 751
653 1168 660 1064 1102 1185 1016
553 679 1069 302 918 478 842
924 933 579 826 836 1010 339
641 145 570 35 752 1094 965
1018 398 1163 24 863 146 832
549 1115 975 927 1010 363 1133
1096 921 619 869 1125 438 986
110 160 1149 1006 326 590 936
941 701 494 977 533 892 1014
1024 1000 877 713 1065 177 85
1185 924 1086 853 747 967 1078
994 687 1199 990 960 1086 876
1133 597 1055 1024 1031 1029 1020
1134 1169 665 931 1085 3 1183
719 475 914 934 1028 1001 1132
224 640 586 1178 904 852 614
1175 1057 308 898 185 710 1122
932 431 1181 1108 1055 346 1149
933 196 1189 1014 1043 934 443
867 975 864 1133 897 1065 1185
1172 1089 504 1114 1165 928 685
388 1026 746 295 1112 819 689
951 1064 1008 1198 1079 963 987
774 618 1034 983 1077 1028 1103
49 1095 1141 986 1035 993 930
78 470 1094 964 781 761 1129
1074 681 269 788 938 388 730
1 52 1081 927 286 921 1183
933 1035 510 559 836 762 923
1065 571 192 1103 859 941 1177
257 276 740 2 1131 784 1082
944 978 43 976 1181 1148 830
468 880 1033 1104 1108 906 218
1065 497 1083 393 1153 1071 626
1153 995 1192 1147 883 986 331
215 1190 1111 623 1048 347 1159
1080 1139 458 954 264 1033 942
847 313 884 1133 1086 1117 954
984 1181 838 601 670 1120 1146
739 994 1200 588 520 982 1084
951 993 585 1003 935 737 496
975 1059 663 1133 495 1160 670
871 529 474 1196 1115 634 488
571 1009 73 1168 1145 1004 992
875 913 1042 1003 943 1188 825
1029 983 102 1081 1015 1192 982
1006 1078 290 20 244 748 122
1131 1097 1140 1187 1124 1088 751
966 1164 1071 966 1190 1136 373
1087 254 703 1051 1096 933 1055
1126 1159 498 1010 973 931 673
1033 1135 1103 914 614 616 955
762 940 922 880 858 876 922
690 1134 1099 946 947 658 987
1022 947 544 1029 765 947 115
596 302 621 72 1163 1042 837
198 1092 1113 861 1060 211 968
873 86 1141 857 18 252 977
1190 1155 1008 362 1135 548 794
1195 407 978 812 1025 1049 154
635 141 524 713 1068 1129 846
1146 308 1061 937 201 810 983
1052 842 1006 758 1037 757 915
602 754 767 641 363 1155 714
1150 1075 1080 1033 1049 990 768
193 524 1005 975 623 1022 535
429 1078 1068 403 191 774 711
837 37 194 1091 506 457 1090
1162 709 550 985 840 1011 820
952 1107 471 1000 1112 946 602
1118 1126 691 92 139 1173 848
917 1041 1054 51 268 1196 829
611 1117 1115 1172 179 734 901
990 213 1112 705 1082 435 762
645 934 1161 60 853 741 946
1027 1116 1110 1007 547 1040 1008
1094 944 868 977 957 989 1082
1082 759 445 1016 753 848 733
909 793 994 769 1046 834 910
874 1089 1145 699 876 1178 613
372 935 1137 954 763 1170 964
1153 969 996 1158 1167 938 1151
926 1029 1176 923 603 944 613
1182 1038 794 709 1194 931 1052
253 1092 894 1190 489 545 1109
1043 1093 772 550 1069 898 1108
983 581 1118 1024 643 1108 1102
430 701 1072 729 990 680 1174
354 1174 1076 1157 960 279 620
1090 713 1112 365 1155 1028 770
1033 1180 1196 22 1157 402 1166
894 1039 1176 532 1088 1040 523
1109 1122 952 1175 1124 1076 1146
44 714 1048 748 999 689 1029
960 964 412 453 1065 224 783
1130 449 409 167 942 1056 463
465 944 643 708 1046 724 809
630 989 1015 1173 966 635 1054
741 843 753 1192 1039 1031 1198
655 871 1028 1133 704 444 1011
673 796 412 18 1176 815 1182
466 987 974 467 1053 997 818
976 1182 654 723 1123 1123 443
905 1194 526 1107 1126 458 1104
1105 1196 532 1170 945 1057 1027
1018 993 1048 945 1144 420 1006
1049 1183 884 740 1144 836 1004
999 945 1124 1128 153 1010 809
1093 406 446 986 996 1184 1004
875 791 1062 1151 382 541 996
89 1107 1086 455 69 605 111
1189 931 1081 70 980 686 978
575 1148 859 778 1191 990 899
713 1158 1106 1058 1141 212 1142
454 556 934 1001 1078 1164 1098
1012 1177 809 602 962 1076 945
878 1048 1086 855 1068 1101 1023
1092 489 948 895 300 952 1159
1072 1090 1165 1074 930 959 761
838 958 1134 475 1063 1108 65
1131 315 1140 776 399 595 599
949 1134 107 1156 1055 379 821
1171 1097 1015 1087 620 1087 1076
1194 43 841 274 1027 1078 563
1037 1075 700 504 946 900 1047
1080 807 886 1018 384 714 438
1170 520 1102 1182 955 699 990
706 1006 1056 420 1032 983 998
802 157 146 428 624 649 1093
917 12 947 164 994 1020 1129
265 3 1188 272 821 879 250
1030 1082 980 1079 447 996 1077
1017 1100 1106 1073 1004 1110 25
611 847 940 911 1126 317 1034
1119 1135 376 1024 1016 1061 1025
1175 940 1003 1073 1140 1135 934
1194 1081 962 656 1183 1093 1035
1021 1016 1183 1132 1154 891 1195
945 959 961 1051 922 922 1116
1174 925 1062 817 1006 754 1157
1045 549 975 582 958 646 200
1027 931 259 1193 442 782 850
792 1172 1101 1155 1060 975 803
1169 594 1148 1015 967 861 1068
1038 561 713 335 612 1158 87
1055 1024 927 568 1121 1144 227
985 937 1151 1194 1152 1190 915
1030 1146 599 945 1192 629 1033
1095 767 1073 961 701 488 870
206 987 1086 1174 868 189 1144
760 594 1179 1024 1000 907 568
814 554 273 482 999 638 1114
797 936 1018 1051 1044 672 1122
863 1185 828 1161 1103 964 195
837 1043 1018 939 1111 592 999
1002 611 439 1154 826 675 1026
29 959 516 1193 930 1178 1187
189 881 91 808 1013 855 641
932 735 801 190 1179 715 285
682 55 1172 858 1077 1042 777
1010 1161 1173 567 1195 413 1023
951 786 535 1131 450 688 875
947 935 991 1128 1037 190 472
1128 1097 1086 563 1148 374 678
1168 1160 684 1168 12 1189 1103
597 781 642 1197 1063 1138 1036
1060 19 889 669 989 989 708
329 1074 1101 835 1028 824 1048
942 1093 800 1067 1100 1021 1148
1012 949 52 1051 515 854 954
1184 1082 1005 1154 648 391 1027
1002 785 1047 143 1200 791 892
1125 280 857 1135 970 1088 946
936 1078 827 908 1109 537 277
957 1167 354 173 1067 946 138
1046 369 923 1025 1197 1112 1038
1018 39 1108 982 1120 1015 1015
990 1096 473 1053 1169 1151 1017
665 1191 427 1196 163 648 1023
780 1174 993 1172 297 1125 751
1108 772 970 1009 1099 1125 1035
320 381 732 717 1016 858 799
973 930 789 1194 730 1010 978
543 704 1125 1098 601 909 746
518 973 923 1170 692 1105 1183
1144 967 949 1160 217 943 1130
893 1167 1152 680 1011 369 786
1017 1187 736 1105 1025 1191 699
443 960 912 938 424 1064 1186
857 1000 164 981 939 1199 951
1089 318 1023 593 1049 969 893
1094 955 813 914 1110 1031 872
1030 1173 1117 899 948 296 1103
1050 233 1191 1063 1021 1038 1070
1144 423 1045 1098 904 806 737
897 836 236 799 1159 1182 621
685 105 1074 972 660 974 1003
1062 981 1164 1037 1007 1044 1123
511 1019 282 1023 956 906 595
958 530 969 261 1170 1038 1032
748 1112 73 1150 576 1177 980
1147 1092 1198 1008 765 1113 1004
777 478 1134 692 212 941 1026
1165 997 548 1175 1102 949 802
604 834 977 1125 1025 1121 1008
1001 276 887 1190 986 575 973
1114 804 978 737 270 1066 910
1117 965 1037 860 855 1042 1037
1099 948 900 1073 1196 920 1041
361 733 932 1050 1163 950 709
263 1191 838 1111 233 594 629
1154 1078 864 113 700 556 1152
1131 202 126 859 114 1004 1004
876 974 923 844 209 1130 527
1091 938 798 1159 527 1037 1100
821 1125 116 987 649 888 528
106 924 1142 1074 987 828 1153
967 1148 747 663 995 220 712
1085 1030 1029 124 239 931 1046
750 868 1013 1132 1070 1162 1138
1067 766 1155 782 1031 1157 1070
984 1006 431 1040 868 808 994
775 1149 907 1076 924 948 1028
1191 1129 395 831 1008 956 1138
794 1124 815 649 1181 1130 951
1007 929 710 1178 1082 1055 888
999 1009 258 1024 879 1166 184
899 954 142 61 603 733 441
1018 961 672 1043 182 1118 324
1182 977 838 1178 872 1049 591
1156 559 1185 1056 365 1142 865
1024 1000 1049 1096 464 993 1176
1014 28 1120 150 794 387 1121
817 963 1175 1186 967 738 1021
1083 419 1199 797 961 21 814
936 454 691 843 1113 958 1161
606 1187 1018 736 776 718 958
697 1189 572 600 636 1183 246
913 943 626 1126 944 140 1050
1087 742 24 522 886 735 1074
1162 1119 1054 1035 845 804 1190
169 995 722 1045 128 963 944
1070 1118 488 574 1131 1168 932
327 1015 782 1088 1002 1020 1119
334 966 841 1053 1187 1116 1123
1025 643 1035 766 942 194 784
591 1009 540 1037 832 468 1148
840 1136 686 1006 9 811 1163
1054 1038 871 1176 1100 1118 991
1080 151 1180 1028 260 1122 1006
1193 1127 968 171 1082 969 929
392 1200 1068 1129 441 48 310
683 1159 952 977 775 991 978
1180 163 952 977 884 1171 589
895 877 1025 905 932 38 1198
1080 1067 965 1052 1159 697 927
942 1008 1128 1005 941 1200 1105
911 1123 646 1079 1130 811 715
976 1147 1104 1045 961 1077 339
831 1066 955 992 1063 1137 678
1041 83 848 1043 958 1035 980
1171 1076 1021 778 974 1172 1198
612 929 959 1182 1166 934 1159
1118 1075 651 1080 860 1175 1083
932 1063 929 972 1185 837 1199
121 696 1057 796 993 768 1116
1094 1024 320 1044 1105 603 971
1141 54 1014 950 1055 502 583
994 902 1200 1104 998 965 352
1174 668 154 984 1155 726 929
1115 675 1040 840 919 696 1180
854 54 820 343 1164 610 965
620 811 1097 1142 1038 627 990
939 1058 476 1057 39 1045 1198
939 949 663 957 715 1129 522
677 1021 819 677 1031 1072 441
1046 1077 893 827 1173 668 903
793 922 261 584 717 60 1081
197 839 277 1166 1197 573 962
598 1169 307 1137 1012 988 1116
1174 1171 966 582 960 1120 992
1069 939 867 823 176 953 1101
554 1101 541 1173 162 948 1174
901 1184 1154 1127 971 361 1044
1037 341 948 1117 863 1012 1138
918 1154 993 1041 1006 855 890
938 1100 870 1041 828 449 1040
262 799 1125 1150 945 1028 1023
631 930 371 1116 289 708 254
1011 1020 1017 711 253 993 928
995 491 1111 997 722 1130 1188
379 734 330 1155 1072 631 687
907 1007 732 1111 1179 968 935
695 98 921 1094 1113 1067 622
1196 1142 999 943 1047 107 1077
1193 1019 799 1026 719 131 623
617 1021 625 972 954 1128 925
1013 750 704 117 738 390 1120
726 988 1104 694 1167 504 1079
1172 301 147 1193 1052 1018 1011
685 1053 215 1116 91 738 1163
996 1158 1037 1052 149 284 946
866 1006 1148 760 248 604 1053
234 1096 1009 1046 1095 960 762
540 927 1104 95 934 1015 981
1003 1032 965 1044 734 96 461
930 850 1024 937 1154 1003 1083
839 565 355 17 667 1200 1163
1016 1184 814 239 1184 769 857
954 678 771 729 927 520 1084
1064 1040 731 450 1160 1101 502
818 934 1188 1186 1083 1015 118
1140 1133 743 878 1123 1191 1010
1132 867 1077 1128 1007 58 1162
560 940 646 1035 779 413 1042
152 1124 932 1164 509 1008 1112
944 1109 1000 935 201 852 843
609 227 1195 1196 820 1188 1139
962 1183 802 1172 1043 33 973
848 1019 1087 1051 908 1089 68
1077 1121 795 932 945 926 630
1029 1103 1064 925 1005 1016 1151
801 1026 622 610 93 1063 966
1167 822 1176 1143 538 498 992
586 973 961 531 1179 1149 945
676 688 1099 853 1132 510 1178
607 1049 467 935 1014 161 63
1186 1045 739 1057 940 852 1129
1120 1089 1111 610 1172 772 1098
1196 785 1052 968 1106 1193 896
1085 828 1130 1067 946 1055 589
7 1167 362 557 776 888 789
1063 833 1008 1011 240 1182 221
780 835 1069 1147 812 599 1165
917 218 1122 1137 1155 862 1033
1096 415 1170 792 1055 1032 1133
1179 1044 931 225 1091 1176 989
1098 1125 514 866 1174 746 1197
941 972 951 1069 1085 983 304
982 1049 938 564 482 494 1081
604 933 899 1072 939 844 619
644 459 185 439 1052 726 624
