945 1023 1046 1037 1048 931 593
923 941 651 1189 1154 947 1175
534 1119 980 659 822 1046 1111
918 1129 735 26 1024 1048 1125
1022 1011 739 983 275 615 742
809 1116 1128 865 1018 1001 1161
732 829 771 1071 939 938 1058
357 996 1129 978 951 1181 860
1146 1108 1009 72 919 1032 682
946 1132 425 1029 396 713 1142
416 71 723 691 706 1174 1053
1161 1164 800 795 743 610 995
1197 1192 677 946 1040 440 935
915 960 928 1055 962 1154 955
108 620 924 1037 1047 483 777
1028 954 1094 1092 942 915 890
1034 1081 1018 696 1068 1102 1112
1183 1096 978 1010 238 875 779
646 634 1122 1094 994 890 874
922 1063 1049 1062 754 750 988
25 984 671 435 860 1027 753
1168 969 1031 979 982 250 1073
872 1010 1008 363 1013 477 1026
1180 1099 455 720 752 647 1000
1102 982 628 1070 612 889 1171
1001 620 802 1168 845 1198 7
1059 1156 949 1013 707 1160 30
938 1182 437 963 214 946 998
408 181 393 685 1079 924 819
1077 648 1072 1125 986 832 1145
1012 1183 72 1117 1075 1128 1068
1187 431 557 1002 1011 811 1099
1173 931 282 979 971 1050 319
928 1088 824 965 778 347 1049
1166 17 466 726 729 32 1189
1169 1194 735 1021 1158 337 836
1096 870 1149 876 1066 1075 585
1127 1075 794 956 1134 789 1088
723 559 1002 1076 939 645 1031
124 1014 937 855 1059 1198 644
582 811 753 880 49 989 84
1101 1185 1059 912 1059 751 712
925 1061 1024 1007 961 994 421
601 520 1149 508 997 963 1053
714 1176 391 781 503 833 263
1103 673 910 1106 624 711 1036
1197 810 982 1200 973 584 1109
256 843 1014 216 1185 752 927
900 884 1169 1112 821 273 1028
1068 1030 118 1017 158 1165 1004
317 1046 845 945 1147 785 966
91 560 877 584 959 1158 1056
697 749 1096 1094 1080 600 729
916 83 1146 1111 1029 1008 697
1158 85 1080 1088 939 954 1076
605 1020 139 942 756 1141 442
992 943 230 819 1168 623 482
1089 1 1148 975 1174 1070 1181
546 1129 1020 1035 940 412 472
1098 919 938 1199 1064 988 676
944 846 936 592 943 1025 340
1183 934 1008 972 930 1150 981
1009 837 692 373 993 988 609
940 1080 1004 1025 1154 671 415
1163 1059 754 1095 778 1190 1190
1185 107 652 1185 547 1074 849
598 618 884 597 914 1012 993
1029 1060 139 409 522 1126 1014
246 1084 779 1063 1109 1143 934
868 935 301 730 117 840 1058
1182 1165 479 984 1121 950 980
594 1109 1009 913 476 961 1050
1128 520 1171 1077 1109 924 941
1109 320 675 999 697 929 1139
1102 548 1031 986 1018 720 966
958 979 987 170 627 517 1003
345 916 190 948 1178 1002 983
1141 1187 865 1200 1103 617 1133
953 1064 615 766 73 881 1091
1148 79 611 1173 681 944 1011
857 964 1000 558 1010 1187 1153
314 251 1022 1001 918 812 856
909 633 950 962 596 850 1093
1137 1122 930 1142 831 1020 1114
662 1132 1192 1030 1030 1086 647
1086 101 1188 504 186 989 961
1175 1148 281 242 1012 1037 1030
974 291 699 1135 872 1178 999
605 962 1050 951 1035 1034 570
740 1066 984 954 737 1055 1001
1193 1070 1057 794 852 1102 710
731 836 300 1045 1062 724 952
1066 1113 1125 1112 980 1186 707
717 1056 1097 763 1180 938 1079
1157 587 403 994 1165 996 1197
330 1003 1044 1063 983 682 1117
134 800 996 899 1027 848 704
1052 974 537 1103 1027 594 1050
903 1173 1144 1139 1104 1069 601
1025 1118 1035 1199 533 205 769
440 628 1062 383 388 1048 1023
484 443 1121 905 182 1042 1163
1044 1061 1020 1029 890 1186 1107
923 542 1167 950 1198 771 851
1118 990 1041 1168 1014 985 906
983 993 843 1173 320 1200 1034
897 1080 937 951 1178 873 979
952 965 1082 952 666 692 1083
74 929 393 1192 1096 676 1192
1016 69 1063 496 1145 1133 1147
997 1081 355 1162 1175 832 974
939 507 470 1125 1058 774 929
897 1035 505 1155 442 782 795
1001 959 1098 1024 580 955 1158
669 1078 1113 1080 1070 1014 963
160 1074 1047 623 829 410 16
304 1117 940 1112 141 1138 1131
1077 1048 1128 1162 1117 1066 29
860 700 758 698 1036 127 804
948 1133 1016 963 1085 114 891
1052 477 1043 937 959 1128 155
1105 1199 925 1144 1167 970 21
926 788 729 373 414 923 991
1022 982 1100 1138 1076 772 1145
1145 1121 723 963 1140 279 581
1156 885 1108 1074 777 937 951
450 967 1033 1030 332 111 851
405 420 1132 535 158 1054 756
549 419 859 1012 1160 749 1121
1165 1032 1045 701 1094 1096 448
1176 1000 233 1095 827 1078 1074
450 1170 897 1045 1193 1003 942
1067 892 1015 793 485 925 1054
792 945 880 1009 432 974 942
1036 221 834 882 941 774 947
670 688 1015 1005 1129 264 1062
938 1148 1195 708 1028 1086 780
1102 593 1019 1153 1168 1092 962
942 1165 1035 1164 708 1063 998
958 1055 144 739 768 1118 984
200 1051 1072 1056 1022 1134 909
938 759 793 967 1059 224 761
361 81 521 1091 1189 968 505
1184 910 1012 839 808 536 703
296 1170 1157 1131 922 996 806
1041 1148 113 574 805 219 935
926 850 1089 1095 1122 1139 297
1042 661 567 479 413 130 931
1151 1049 780 951 959 986 1123
1007 1092 1116 470 1200 238 981
402 149 271 751 1172 929 746
689 644 884 1191 743 1169 537
963 13 988 914 1087 1126 638
902 1007 636 147 400 1051 931
565 1120 592 719 1184 1124 1147
1075 1069 63 338 1141 1095 120
995 1119 786 390 908 968 313
770 400 1133 861 918 773 172
775 1055 1058 999 1047 748 1036
1182 877 1022 1066 960 1172 1194
786 1026 838 984 913 171 1043
1153 980 843 1139 1001 1148 178
522 1073 1073 846 860 634 827
1161 417 237 1064 1192 829 300
896 246 933 1192 1179 946 1120
477 164 1069 1093 103 1058 1100
686 1146 1127 961 819 272 504
1002 90 1144 678 1160 1181 1114
1129 515 909 1031 924 1000 886
1050 47 946 1063 925 902 377
661 1189 1166 1128 999 687 772
1170 171 1111 1172 673 1089 342
492 1024 508 926 1119 983 438
1025 96 1110 1038 269 1141 1092
737 1004 1136 192 1166 674 785
1023 880 973 329 1103 1016 1127
767 1174 674 856 976 1027 1009
660 1143 625 266 971 1095 966
1045 781 747 441 1098 1070 1028
1144 776 775 839 1183 1133 491
140 953 798 1032 715 1067 733
693 1186 1177 1181 1117 970 145
113 969 1064 461 1141 718 545
1099 815 847 1101 971 1138 926
960 1128 777 1157 434 1178 1107
384 632 826 905 1051 198 1062
791 789 1175 1057 1077 1074 1008
846 516 110 186 448 1162 1112
1057 703 708 31 1088 1148 1087
103 931 377 603 1118 332 757
606 1104 986 756 1075 939 1079
885 787 933 1048 538 526 828
1156 952 348 1040 322 971 247
1152 1097 958 1121 922 1131 1188
713 1098 1154 745 1129 576 1038
854 995 1195 630 1067 1056 1032
935 1069 224 1176 894 1143 1152
912 1190 953 397 584 853 910
1011 307 1056 971 1138 548 1142
1094 996 358 851 1072 55 776
1158 1190 1026 73 1014 1165 615
767 1121 1198 581 1155 936 1119
1042 875 244 597 1140 977 820
869 726 1092 145 487 1026 765
1038 986 783 368 725 1103 248
961 1029 650 235 308 1076 1144
33 1124 571 981 790 1080 795
531 781 1141 1192 1076 980 1017
553 1039 1061 991 982 1007 509
1050 772 1079 1077 631 1088 1017
834 763 831 1184 883 156 1191
392 1055 532 1001 1120 1185 108
1003 897 736 848 422 1182 852
590 947 306 1008 1167 524 1132
531 1027 700 1060 1111 996 733
999 531 1188 951 721 1116 1189
760 1009 1148 1078 356 1057 862
971 779 1131 559 510 1130 982
606 189 634 704 1087 1111 1072
1031 895 656 1087 1109 945 825
693 1065 753 1161 833 1177 1172
941 430 952 1006 298 1065 828
972 30 1162 1154 1198 736 479
978 966 1029 933 1066 1175 1149
413 376 786 64 293 1115 27
1089 1085 1138 1084 1184 791 40
503 975 1076 1033 844 642 1016
971 1010 713 1097 956 935 984
835 890 1078 1114 446 1021 123
653 663 949 1178 817 1176 151
842 919 883 1114 494 231 945
637 395 1070 598 975 420 1132
1097 1169 1079 867 97 701 146
536 1073 1044 1035 1093 1113 1195
993 465 472 1163 816 211 618
730 1131 1030 1004 930 348 1162
1096 778 102 359 873 1058 608
1096 334 966 1067 952 794 985
956 1060 1146 669 902 797 511
41 544 937 976 168 1139 1130
1020 984 1141 1143 991 935 1105
987 425 842 1138 889 948 1019
1105 1108 1190 1124 1131 1101 705
988 1054 485 1168 707 1013 1188
583 1163 1134 952 305 974 997
1164 902 563 1065 806 1107 1132
1085 1123 938 641 857 1144 1154
1082 190 918 977 723 888 1188
208 1055 832 669 714 1006 561
1132 3 161 1140 1145 784 956
75 1038 427 1162 866 1132 968
864 519 570 233 778 1090 100
930 647 1065 722 1182 924 269
1068 738 701 923 683 1089 1190
1080 816 1190 1192 1150 936 551
1065 987 194 993 1179 889 731
1146 1051 699 462 667 920 875
1049 1046 1181 893 689 1173 1021
772 861 972 1116 758 1153 1053
858 1164 1097 424 458 1129 909
783 455 347 1135 927 517 1098
777 427 34 996 1049 194 1142
1054 431 869 976 873 463 1121
556 876 10 1022 1041 438 995
1104 1184 788 1051 429 456 963
960 1057 6 265 1169 1096 928
57 1142 665 642 1110 1200 912
804 863 693 1064 1090 1144 986
953 922 952 1108 1082 964 549
333 1093 1025 1081 1191 1024 1100
1077 132 925 880 840 1179 1026
939 987 672 1160 62 951 685
1089 790 934 622 767 351 765
989 42 1095 1011 1092 429 926
1051 1008 726 980 849 940 1022
977 1183 1138 1095 478 995 776
1033 961 1003 1123 1111 935 1008
751 1037 1140 1151 1026 1193 436
1005 217 747 982 985 423 1093
668 1020 1064 671 814 1006 718
956 972 1090 1118 967 610 1101
250 749 1015 879 1109 1195 995
535 1090 901 643 1017 1027 899
934 861 986 563 1091 781 1200
1051 1124 726 803 1156 1141 1188
1023 1004 183 889 1119 973 1146
977 960 1040 1027 1050 929 998
958 506 840 1112 862 1049 525
1054 1013 944 955 1032 1074 1062
948 1138 1168 826 1033 985 1169
990 486 1059 1171 86 855 1196
892 350 1012 980 865 751 842
1181 969 1136 668 1124 433 150
1099 371 923 165 1199 1007 954
626 622 1027 1017 1152 1072 1106
659 1140 476 1024 426 1014 445
1046 1180 1093 1057 679 421 1051
807 922 891 602 426 621 1095
914 1027 1119 956 918 560 1115
975 582 602 496 153 510 815
988 951 1097 941 834 498 1142
1110 1157 226 881 1124 1144 474
630 419 735 928 1180 606 191
488 1144 1163 973 1039 857 657
286 1194 1039 945 1083 1179 1166
57 993 1135 418 964 771 979
1077 744 906 541 80 978 908
977 975 676 770 391 997 817
789 1150 720 236 737 949 92
483 911 34 1016 962 54 1160
1125 1185 404 1127 815 31 930
941 1056 954 1006 1152 1039 1026
1089 841 842 878 515 976 1160
745 260 1023 1069 536 1183 1189
833 967 631 1003 1173 1087 884
595 1189 608 1117 730 1103 1120
1161 836 427 485 1177 981 562
521 1196 916 981 1008 871 801
459 1170 492 1065 867 939 1176
446 516 762 983 102 1165 1025
1024 1146 1069 146 1016 306 948
1096 776 790 1045 807 1135 428
710 1150 243 986 852 1026 513
1189 1172 1140 783 828 926 1155
539 1159 491 198 1115 318 1093
1135 436 611 790 609 1152 127
418 996 1112 1158 1194 1063 1154
911 961 1061 1156 375 302 1180
1046 1051 888 1042 944 1159 1171
762 1170 1115 744 972 968 542
578 816 967 1154 1044 1159 1089
1149 371 29 744 1174 984 895
1178 352 1193 1016 755 868 967
933 891 706 818 1034 1143 1107
1009 941 970 654 994 15 982
964 1035 998 917 1143 803 152
1066 900 844 1157 753 1108 957
642 1172 1136 932 1172 592 874
1011 1122 1050 1057 898 945 176
1053 936 947 1019 1002 432 734
431 629 14 725 963 979 1037
1004 1191 961 425 926 1148 737
130 885 854 959 931 1083 471
1019 829 640 1024 898 963 892
1172 1180 58 1028 702 1082 1002
1125 1081 1151 264 695 179 765
1193 967 784 1041 1067 1015 1180
727 904 833 1141 778 736 624
938 509 1124 638 1131 719 1047
1060 882 931 98 93 1163 1134
1197 808 1081 771 965 1069 986
426 1081 741 882 1065 380 443
39 853 1079 1110 995 1059 1153
988 989 1139 1123 177 841 944
1011 994 1089 848 950 434 940
971 1161 395 572 1193 924 895
1169 830 494 1162 825 1122 989
599 1156 797 643 890 953 1113
1160 396 892 1030 1043 1088 1114
718 900 1082 276 437 1008 1005
964 819 1152 935 251 732 1148
1021 1072 860 1168 1021 1161 729
1101 984 1179 28 530 1071 960
620 154 820 458 991 1005 13
725 136 769 1018 992 366 1112
1147 1147 1048 927 1021 1151 682
1152 434 1187 845 1170 964 497
862 933 859 385 985 1183 541
1081 489 765 784 973 1025 1149
1118 1019 873 1011 299 973 37
1195 1186 1045 1175 599 1031 748
687 924 1154 950 919 616 904
1027 1200 475 1198 1024 695 992
1104 892 1120 467 185 666 928
316 929 1104 1163 1171 826 917
1178 992 422 1094 766 1037 1153
1066 966 1067 249 760 1087 193
1109 1043 38 856 965 975 780
948 1087 249 1080 295 983 1073
646 77 1123 1048 284 768 806
632 1174 933 1128 1055 1158 996
162 945 1022 964 1161 1051 749
990 1049 1112 936 1156 915 1153
919 891 1033 801 1017 722 1054
1161 443 814 1177 1122 203 1098
924 1053 67 1107 1019 1187 822
976 1058 946 1045 1105 1000 847
694 1022 1055 888 414 1108 500
719 1031 281 849 773 882 1194
1154 1091 759 1010 5 665 1011
709 1061 94 1178 966 953 1093
1018 1016 856 855 732 1133 214
1110 1172 381 999 65 1018 1154
877 1099 87 702 937 1118 1161
1172 1198 656 1130 644 698 962
856 1093 1123 82 1073 1004 874
1049 440 1100 1069 1104 985 791
572 1114 1002 1090 1128 987 761
1007 1176 226 1003 1056 1036 1078
770 1084 1187 1011 1069 1129 822
1052 937 152 304 771 945 110
852 942 1168 114 1149 1097 955
423 1009 970 566 705 980 745
1115 1081 1059 747 981 1002 1045
1142 880 16 1041 1125 1025 1198
600 1156 554 764 1086 817 1125
1097 626 1085 957 1018 1136 1087
594 901 739 959 933 938 1089
951 790 1004 1155 1194 1025 1069
241 1097 827 1037 1000 1122 804
839 573 528 1188 821 474 1121
1116 138 497 1198 1185 856 687
1116 461 731 770 360 1176 876
1179 22 1185 976 849 1119 329
961 1138 947 717 1112 713 824
1083 538 797 1124 999 758 1193
1117 747 67 855 1198 1094 1126
908 1123 798 941 952 278 641
1102 93 881 1115 905 1094 1075
912 946 1011 956 1043 1010 934
969 1077 965 792 362 587 1149
1011 795 1027 215 232 351 1081
1082 602 1076 579 699 256 46
560 1101 308 1053 664 210 1080
1092 1039 1166 568 775 1136 670
1004 931 1013 947 906 439 1019
135 157 972 1121 850 749 1053
887 863 646 791 788 834 1044
1080 1092 763 902 928 734 452
867 182 610 670 1137 922 968
796 1109 1134 1030 1041 1032 1186
885 1130 292 1147 1159 704 805
611 951 1149 1001 1065 939 1117
1039 1122 952 466 90 1130 976
1083 402 932 696 837 1144 614
1167 836 1058 1092 1002 1107 1168
658 639 954 1146 1057 1197 1067
493 1064 1075 1019 1077 419 871
1157 1145 1139 58 826 703 1084
1059 1123 688 1099 1048 610 587
955 925 1153 1134 1186 802 1167
895 1033 883 1105 1105 819 1040
1085 1080 1039 905 1155 1116 1115
893 973 967 888 483 1140 760
963 949 1086 976 1165 911 1030
795 1095 1177 1038 853 1190 1089
898 895 327 1112 975 1113 105
657 802 1124 995 1151 920 1135
544 1147 1096 1046 241 716 823
680 863 1123 1117 564 1084 1135
962 1125 1082 1047 830 581 540
1152 407 1176 969 1123 1193 1158
70 1021 591 1094 868 944 927
1102 1165 1150 1151 939 720 960
1176 955 929 950 1005 1085 937
1088 235 1087 436 812 1190 1194
1064 991 917 971 932 861 984
1023 1002 502 1015 545 1004 1042
761 798 959 543 1186 894 514
895 968 245 1061 826 1063 1199
992 846 983 1106 714 1107 943
581 922 1136 76 115 663 1158
805 886 1034 1180 1031 709 1159
1075 823 60 618 1195 702 456
1193 1090 926 1062 376 879 932
872 638 1182 1027 955 1042 1192
1073 359 977 1046 958 1118 764
803 1130 960 129 1072 1193 993
925 793 998 1136 1185 1000 1171
968 707 578 1057 624 865 927
1102 975 297 1007 573 1161 717
495 1128 709 1198 787 595 1034
711 1153 459 490 723 1184 1011
909 931 1080 748 1103 1000 1012
1149 1185 1186 65 824 1052 821
802 807 1146 827 24 568 1200
1068 1056 1040 1099 796 1012 1136
930 832 1119 694 313 1138 866
10 985 1018 967 1171 1116 27
957 614 1079 690 758 1090 159
257 1164 1045 1183 924 624 1131
1073 831 808 352 974 683 1190
1180 319 1120 550 837 721 1105
1018 1104 741 106 1015 549 1082
1036 1085 1090 1180 1160 1193 974
633 1180 1026 1035 1034 1043 896
1182 932 1042 1122 950 1009 957
774 763 1139 962 894 985 82
947 18 137 265 1070 1079 460
70 1142 1196 734 613 694 838
944 1038 942 1064 1067 690 952
991 197 943 1158 1197 469 634
823 935 970 870 920 1018 838
952 1054 1025 1200 828 615 1072
1091 995 315 54 7 969 925
1056 849 1114 1071 846 1138 1136
1155 1141 1163 1152 710 848 1059
767 1196 1071 1065 243 930 1020
339 232 1192 695 1020 1084 275
691 1171 959 603 1170 286 704
966 742 1152 773 925 1030 1015
920 1073 1121 1083 1130 1196 911
1036 579 1074 617 840 577 457
1018 1149 901 1118 1156 1078 355
247 934 412 982 1173 812 1163
964 965 80 969 732 1152 94
988 759 918 1167 835 855 764
183 986 1038 1178 565 1033 20
871 883 582 1000 12 695 1158
1062 12 520 863 125 961 1161
835 842 598 1185 525 647 1182
1140 532 1106 937 1189 982 1040
279 1007 1005 378 374 930 1096
361 866 588 1150 1069 673 123
1108 1106 919 975 1053 1158 1069
486 1033 656 1145 924 961 1197
706 972 838 1192 765 843 1150
735 696 1145 1149 354 1154 1049
325 1102 406 1073 944 986 1147
1150 1153 1008 202 328 626 175
1074 738 1075 843 1078 1105 1043
934 550 664 505 971 556 1187
1079 1047 905 614 1102 1108 511
850 1083 1098 1131 490 927 1036
1141 882 868 1025 782 1172 622
1028 571 995 1043 1034 771 1178
993 780 845 79 486 881 632
792 1022 936 207 1194 184 858
534 996 600 1147 967 1090 272
1006 903 916 1126 1194 655 59
1191 1160 630 711 601 712 1114
760 1139 59 1081 1059 685 1123
410 1083 1003 866 1066 445 986
66 1063 929 1141 511 896 978
618 1173 1029 1033 415 1054 992
988 409 964 674 689 715 886
945 582 922 999 1063 1107 1013
375 990 75 1112 901 970 121
1142 722 48 604 1127 1021 1197
1162 985 570 968 1005 1038 954
1058 998 538 984 951 1132 417
1039 705 948 1130 735 923 1089
589 1170 698 421 898 1017 52
1138 1094 599 1178 1008 1063 834
973 1119 997 1151 1187 845 698
444 1002 1117 1175 611 736 154
221 998 989 1101 1017 778 875
853 1146 437 1064 119 213 363
867 753 1040 195 478 1170 735
1064 973 555 1151 907 939 482
1106 690 747 1001 1154 512 296
1083 1174 1091 1166 1199 975 1093
1145 192 1067 1038 864 193 465
1024 1188 942 1195 1037 1140 987
1012 837 1105 955 680 1075 1013
811 1012 796 926 927 408 526
943 1077 1180 1131 323 1044 2
338 1176 768 1026 1184 804 1068
1137 449 255 768 1091 493 721
876 959 204 387 1141 996 997
724 982 742 681 1102 1105 1189
977 848 1068 654 42 842 1057
1164 1164 1005 948 657 374 1077
1090 165 679 803 987 349 1035
1074 1177 1124 650 1176 1053 989
1174 768 1018 728 934 711 881
1037 1015 1005 1032 981 879 829
971 949 1099 950 600 118 401
1021 1132 933 407 969 928 914
1198 932 947 613 1117 949 1111
1094 836 1006 19 1045 998 1062
1172 811 853 791 201 450 554
1170 1142 1138 1108 1056 271 1005
1162 960 593 1165 736 1137 1004
867 977 601 1068 1097 258 1165
799 1164 741 963 1114 861 981
964 126 997 975 1153 812 1119
141 785 1046 1134 1040 379 587
383 1162 779 365 926 1071 979
1171 1120 841 654 1168 1157 1041
904 924 290 89 716 1032 573
617 818 1159 948 1066 1171 1173
1090 824 997 507 1014 1134 968
1010 718 1082 621 945 630 1165
1124 512 387 958 743 652 732
730 840 1026 626 1082 933 543
810 1063 953 566 929 1060 446
660 1155 518 239 977 969 454
686 1107 657 1099 1200 1100 1080
1177 1062 978 957 775 930 979
325 993 1160 958 1062 83 927
1018 1055 773 851 534 585 1083
1186 950 1155 1182 489 926 575
1059 564 904 457 945 879 896
1106 554 731 1100 728 1155 943
914 1143 122 535 788 713 1042
659 472 959 156 1092 949 661
99 755 931 1072 1052 1181 1079
44 1086 903 1169 967 700 616
