992 999 1031 708 1059 868 805
829 961 830 1145 1142 747 937
1073 900 1111 932 1038 1157 965
635 167 1133 1100 1092 1078 738
633 922 806 300 852 1166 839
1009 685 832 674 473 1041 1027
607 496 661 824 1147 1187 1171
863 110 834 858 1148 992 402
424 1085 244 611 758 1034 322
1138 961 588 769 936 1106 789
1030 998 938 985 55 936 1106
752 959 764 1024 745 362 1151
1091 53 953 1036 451 1118 1091
525 792 1089 1016 932 369 1120
963 390 375 836 960 923 949
430 984 963 135 156 1031 649
955 592 885 1197 1121 787 314
1022 1098 724 964 1017 1051 804
1042 1190 1123 841 630 637 1070
1175 935 1188 705 426 575 950
1175 690 654 1069 1130 1159 1038
524 706 193 965 1108 881 256
1162 1170 1099 1022 979 187 992
418 1026 1023 1150 842 1014 1062
791 1010 611 170 1114 941 981
1120 635 758 641 1026 1149 373
1029 1037 1017 920 1053 1150 1028
1180 1124 544 843 123 706 1113
965 413 877 940 124 1061 1080
229 847 387 1142 1159 12 723
580 1171 924 650 1190 951 1117
1047 926 908 631 460 1160 1160
915 938 1040 619 1076 659 974
946 646 670 377 1129 1030 694
1102 627 1081 1180 610 667 175
884 453 1164 615 1173 96 130
237 1164 523 1090 985 636 1188
1107 814 1164 910 1011 1015 1124
1146 1169 1081 1097 700 787 691
981 567 993 495 1059 1019 1073
1092 1137 954 935 778 594 1127
1129 1166 1046 391 926 718 944
872 1063 896 1106 1171 970 10
1145 1061 1017 915 457 1008 734
929 1006 597 732 968 652 1057
1054 935 959 1067 947 978 581
979 847 1042 414 978 941 21
534 87 1030 1011 26 1018 1001
936 810 1155 388 41 930 1198
1052 982 1190 916 1065 299 1037
945 1003 983 750 643 1028 1052
993 1155 1011 939 973 980 977
1188 765 950 462 283 239 1077
1066 1039 1023 1018 957 1145 1011
1166 1086 1186 928 552 758 389
1110 1050 661 146 822 327 695
1006 323 478 1067 1083 851 829
888 913 1014 876 1176 967 1019
749 831 1136 1121 1186 157 733
1148 753 987 257 917 1117 566
1195 550 933 1123 665 849 882
886 975 23 291 742 649 1184
1139 1130 1094 1198 783 1130 761
1189 610 970 1119 899 916 760
899 728 951 838 702 86 1198
973 526 342 831 112 1123 1069
1179 1003 850 1183 693 828 1167
716 733 813 1072 223 644 1026
1109 1079 1029 767 872 1029 1156
157 894 1100 1176 77 744 1182
1195 1134 1144 874 1032 956 115
1069 731 1061 174 684 658 1168
1185 834 860 1060 1190 833 987
655 131 1062 401 1068 991 973
918 1061 1130 965 1093 600 16
62 1111 480 1038 410 1174 662
1095 222 1157 785 922 939 433
870 842 1073 20 638 1130 533
1014 217 941 1041 996 773 778
772 869 840 1000 920 676 1177
581 629 990 1160 1071 888 780
1077 944 680 1042 981 929 1134
984 1130 930 626 1058 1015 674
67 969 970 37 1107 826 662
1030 1041 892 1055 991 883 893
1140 1009 1163 719 1137 1075 1068
586 997 620 1153 785 1178 1100
817 250 1161 1140 1079 550 1147
1081 805 491 903 1154 1184 788
350 461 1018 603 734 1163 929
1059 251 1060 303 829 796 1183
1171 1119 1054 452 823 957 969
1113 1170 963 428 644 556 235
443 1064 923 1161 980 869 1120
946 967 948 151 561 1181 922
1022 871 1187 374 1022 683 1050
1012 927 908 1106 1116 1168 625
825 937 1053 1094 265 268 646
980 482 902 1166 810 745 722
982 861 1029 147 966 840 263
906 284 1061 1188 946 1148 946
276 1110 668 1125 1030 1018 1095
1037 720 1139 876 723 922 486
958 573 977 1015 783 830 1025
1138 590 484 954 963 1176 510
1093 927 1155 188 1142 537 917
347 1018 834 1064 946 1087 946
901 535 206 1126 722 997 1118
1062 987 988 794 1173 1085 1035
1068 944 572 806 212 1024 473
687 804 1047 624 957 756 1045
1126 464 953 261 578 927 605
694 962 752 1071 268 955 594
1059 971 1033 1121 1096 1171 944
980 1068 789 507 896 1078 970
1082 983 939 567 848 958 1108
606 1130 784 929 601 1185 880
1017 1128 738 914 940 1152 314
948 958 904 1104 1175 658 935
893 944 1124 1014 1122 396 1137
677 956 1093 483 340 1025 1089
1181 1048 927 1173 1109 766 1062
1127 1139 1171 1168 1075 625 961
1096 931 1090 1189 698 1190 491
995 667 657 1082 1038 1127 929
721 938 121 1091 1098 1044 888
585 1089 642 798 1084 752 922
11 637 244 1082 469 1144 459
634 530 797 139 855 1134 953
465 1141 1114 1120 1186 1174 699
1154 930 1014 362 382 1163 1132
923 899 155 689 976 1122 1143
1055 531 1188 709 1060 672 777
1187 526 1148 1180 304 1062 588
716 926 1034 873 1185 1160 653
191 1013 1148 844 12 1031 1178
505 1130 280 1005 1145 924 1017
172 535 1192 1001 972 1166 1051
836 1007 878 1127 790 1026 748
705 485 995 502 825 1180 1068
1115 232 1036 989 1171 813 750
979 631 187 346 1131 1008 1114
1113 740 1167 153 1144 482 484
164 1172 546 1076 835 994 837
923 1118 25 1161 1177 1195 1116
1107 1039 1014 1132 1083 1063 456
854 1067 592 742 862 1198 1103
754 688 1183 1002 944 1077 650
989 675 751 1040 932 953 952
1111 757 1188 977 55 433 481
1033 905 988 1070 757 1189 420
1060 1140 820 606 562 1102 877
895 698 1021 1049 854 1175 962
763 1117 651 1154 1030 944 826
568 967 676 1051 887 1101 1113
1043 1009 21 894 1060 770 1091
887 927 953 1095 1031 804 1126
731 1186 1193 1091 858 1172 1169
1067 1181 978 771 1052 961 553
727 1108 692 320 1182 1079 926
797 517 1043 1032 845 145 1018
1112 673 745 764 645 532 308
1048 182 1175 496 277 311 1173
1111 1016 1021 90 621 1050 1039
1099 1094 847 1113 793 931 989
960 1157 743 390 808 1191 752
430 1168 795 1180 108 1036 207
1084 1014 768 1160 1102 938 257
1195 1106 924 1139 1129 661 1138
513 986 1006 763 933 1175 111
474 214 186 1072 1192 818 1106
343 1021 785 679 807 727 1091
670 788 320 602 943 335 448
909 1048 817 220 315 771 628
880 1087 1004 854 428 670 1165
840 914 1174 940 767 622 704
1178 1182 862 211 1060 985 29
971 1069 1170 926 873 1065 1064
931 824 1185 1145 1193 494 7
978 842 937 833 446 326 1004
968 1187 934 982 636 1177 1191
876 1044 1149 583 1052 969 869
253 950 1091 938 1091 487 563
552 495 1034 129 1117 1008 983
715 1190 1143 1112 1165 1006 1042
1079 1052 1135 585 201 1074 910
845 857 949 1186 1112 640 917
981 466 874 1031 795 1041 986
1146 981 1104 1184 1122 1091 995
931 32 1044 666 1089 765 575
1082 1005 1014 1028 1137 1083 1007
456 384 1199 1137 692 747 399
1043 925 745 679 1066 867 1172
1106 1176 1090 1064 1030 954 1178
931 838 730 1027 819 1088 955
736 802 922 729 803 581 1058
200 841 69 1199 335 1120 1122
1124 1194 763 923 857 1111 587
1037 892 983 1103 1065 1198 1007
945 1152 519 980 996 993 1103
891 318 666 584 1111 1000 1022
736 947 873 942 1004 996 481
772 1162 660 723 1043 1150 990
913 993 1025 999 863 1142 1087
325 698 139 775 1067 1029 1148
1070 668 1007 975 1019 942 1026
904 764 957 1175 1126 853 1129
1036 1038 1085 1019 663 1150 814
974 1031 1040 931 141 858 429
1161 1197 997 998 1144 771 215
994 958 935 1032 1097 921 803
1069 1084 985 851 1163 636 1062
148 332 1066 223 1088 996 1112
1199 1081 1198 595 490 997 1020
811 1118 511 1186 536 749 633
1142 353 1116 1038 938 883 984
1001 640 759 1089 932 950 803
1051 754 820 804 412 1128 948
1036 1142 59 1123 185 895 1050
1172 1168 1029 795 822 738 990
742 704 954 1020 991 811 861
1081 1097 945 1092 1129 962 1116
955 279 1040 769 960 297 958
583 1110 1073 1182 812 1025 150
1120 868 1184 1154 1186 1028 881
1045 1196 764 942 746 743 364
932 1079 952 797 1133 849 53
1167 935 630 904 1087 887 670
643 1172 920 263 674 1010 971
590 886 80 476 228 895 986
1063 1126 1077 184 786 933 1199
951 1177 950 607 623 755 825
1065 1036 973 1131 1066 1002 735
1169 1099 1040 1161 1031 68 58
673 1131 777 965 1152 715 1096
851 989 440 74 1185 1167 1055
887 803 936 823 681 1192 1055
1181 890 1042 925 1157 1019 71
1003 1014 383 963 894 984 527
781 1050 1012 1083 561 1096 1106
866 1200 1112 475 929 993 598
911 1125 407 965 1002 1020 876
1055 707 372 966 1148 1035 1115
522 308 1154 458 1081 820 1190
1073 904 737 1129 1182 1113 379
684 791 951 1092 874 750 1127
852 934 837 54 1193 459 845
937 1064 1080 1119 1156 1094 1163
944 63 800 1140 543 1084 1126
591 438 646 954 647 750 742
1032 1019 271 939 94 868 1191
1190 928 914 1110 1009 937 1051
740 699 450 1034 1013 953 915
1018 958 503 1141 1027 447 1193
786 1151 1085 824 1180 986 1179
1115 975 1093 1072 283 807 809
1033 961 420 1137 287 823 159
1147 1097 1032 143 189 1097 158
30 1094 1062 737 1198 155 1056
94 949 1170 1040 1100 694 1009
1163 1083 992 976 384 964 967
713 492 1115 1019 963 700 715
199 1126 978 941 545 1099 1044
37 1027 807 1164 1013 1015 1116
852 761 551 1123 568 422 1041
83 1021 1036 1131 993 905 994
871 1189 843 1182 895 849 49
989 1096 1192 672 381 727 607
1096 956 797 1162 1183 962 419
61 1193 1050 1161 959 863 745
996 1139 97 1027 1010 630 1064
504 1011 522 1177 1133 1071 1080
945 1005 1028 556 1036 1046 1132
356 958 714 985 613 1180 1007
634 1009 1102 387 1004 337 704
1143 1007 1087 1093 1128 951 1052
817 508 1142 709 1178 400 707
1033 1005 963 1076 814 1011 365
774 830 1130 144 346 1139 971
1042 1188 829 749 982 1150 445
1077 1042 1062 83 970 1165 973
1086 609 1116 120 1193 1052 680
673 1195 949 1141 943 455 932
1183 781 1062 1081 885 512 1038
1009 560 498 991 632 1065 1157
833 1116 1024 846 653 1063 979
1026 422 1016 859 816 861 988
1021 1062 34 1019 1036 943 1017
939 1108 812 1087 1060 1134 997
711 981 1036 974 622 443 614
1093 1144 954 1056 1100 1040 988
1068 1149 865 713 589 768 1118
574 238 846 204 972 951 987
610 798 1090 708 1066 168 911
1107 439 1174 724 640 1100 1063
1040 1152 313 990 1007 951 1120
993 1185 855 826 709 1188 1096
732 1169 1127 799 8 868 341
1121 1055 252 1124 923 932 1160
697 445 703 998 1034 630 1084
1055 1089 255 1080 1044 1133 1156
1058 999 282 1184 1015 1182 800
1001 969 108 1098 1046 1110 964
1035 900 1078 1013 726 1026 1183
884 980 367 1176 828 920 334
961 721 1010 1142 1003 987 1054
1003 858 795 835 680 1135 1039
1001 774 1071 842 589 1157 696
444 1085 1055 831 1189 439 1095
1008 986 1075 441 463 791 961
876 1020 72 1141 380 989 1121
1090 376 938 397 728 678 994
483 711 518 671 1000 1115 1062
952 218 1138 940 40 1028 1052
1060 1084 160 930 1019 994 972
1193 900 28 1132 1196 944 317
725 1127 1041 712 789 1046 1097
947 889 835 1144 1087 359 857
1158 770 583 1032 727 1123 704
964 782 331 74 999 1127 1090
945 1164 1190 938 623 711 1135
933 747 982 1080 928 751 1009
1113 972 949 931 729 1036 1094
520 822 1081 1082 965 962 1101
1125 1197 697 948 1147 1137 1020
874 525 1000 1045 255 1150 1197
1072 785 896 1123 1186 1017 1162
457 23 1165 977 1198 691 1005
732 571 757 1190 1118 409 843
1180 775 1024 1006 1172 925 1057
273 1078 751 945 1104 1007 1188
1187 733 875 174 961 978 1124
733 1091 1107 1018 873 749 621
36 479 1091 1137 1140 963 1021
1110 864 93 1194 1057 75 190
713 756 1109 1189 684 499 753
1035 528 946 329 1105 981 1103
1176 154 687 1191 960 1155 607
1077 440 1014 1002 428 1035 1123
1172 932 517 1121 782 111 1134
879 1079 597 539 976 1174 783
1183 930 1034 726 1050 1142 1047
909 1054 543 1049 448 1146 1031
1165 1133 806 356 1065 858 360
1125 883 1077 1061 1038 725 1065
291 1158 1092 14 1092 918 516
879 406 860 882 772 151 748
1081 959 1176 859 821 1150 1023
865 820 127 1151 982 861 1068
749 504 1037 940 1031 686 955
994 927 468 290 797 1020 197
973 400 939 484 113 17 259
877 648 809 1075 1107 871 427
408 974 466 948 1008 956 411
1025 1022 810 1063 238 1001 958
862 944 434 967 1098 772 1124
1140 805 1005 1110 921 1008 1109
248 1138 811 990 972 885 895
1177 1066 1196 941 1141 181 954
1157 949 949 1086 796 801 1084
1108 1115 536 354 1101 493 122
405 1065 1161 1048 966 1080 679
1193 499 1114 1143 410 1041 1074
716 912 315 999 708 971 1069
1152 770 832 651 866 1136 985
1037 1153 473 338 979 699 278
1199 935 743 385 1109 759 974
769 750 975 582 619 871 1000
1132 1158 1167 392 919 935 1059
1088 1032 1093 45 1160 953 960
319 923 864 298 541 1059 233
1168 889 1116 1071 1097 437 848
766 1013 587 1119 1067 623 296
974 109 1150 2 994 486 825
1085 399 1200 416 1031 313 933
889 519 1118 798 877 1195 1159
1198 1102 1191 891 18 787 1198
846 1058 1002 717 1099 815 1199
997 786 1169 84 1051 1065 987
1141 351 1187 1179 1094 447 838
437 1035 1054 757 26 774 1185
856 849 235 361 1090 583 987
1141 738 1163 1126 1122 928 1196
988 603 538 376 555 126 698
286 725 258 1077 221 289 1012
1160 1063 1032 1101 1137 817 1042
763 1144 303 342 460 1138 781
691 1002 982 363 688 926 1021
1001 1015 959 415 1134 1113 544
943 331 985 744 888 1037 1038
1006 761 957 931 1021 564 867
932 1034 1006 856 364 753 1029
632 1118 932 935 436 449 734
903 997 1115 697 1135 1033 1185
642 975 616 73 339 1007 954
958 678 1078 998 1117 908 781
726 1104 1001 629 959 1136 952
984 773 786 1118 800 952 1032
948 85 947 408 834 549 1173
976 788 114 708 432 1002 1052
987 1015 790 1046 1113 931 722
972 1160 1071 986 1133 718 695
634 1112 1003 1135 936 986 1182
951 1047 990 714 1168 895 729
1097 1065 914 1005 424 1181 1075
1170 866 1114 955 52 1060 802
87 747 1018 1144 1129 1193 651
520 721 603 828 1194 185 1195
1131 1089 54 89 125 971 1108
872 943 272 872 1200 5 893
227 178 462 1041 344 300 1053
1094 549 1045 194 570 136 207
812 438 863 1101 877 707 1068
1021 1047 968 865 969 906 889
734 528 966 648 1153 1121 650
868 1147 879 1123 62 1196 818
208 1139 1127 848 548 527 925
114 1054 954 1097 479 876 1121
770 900 1035 1099 1065 1009 1128
377 1145 1117 1125 1165 540 759
869 604 252 1028 198 1162 579
953 1057 1076 69 755 1156 992
453 723 1135 1073 729 937 770
866 178 541 591 1015 82 934
946 1105 608 1017 984 403 162
606 82 994 1008 1116 1110 446
1039 1035 1116 1114 996 960 1140
997 547 731 985 1179 960 417
644 1157 1059 1194 1101 1139 955
769 394 1047 1175 1135 1198 1135
684 1086 719 1165 715 868 1104
1143 868 948 1052 1157 1004 777
1058 79 154 1100 956 928 1075
1133 832 1098 785 1049 1089 176
741 163 103 689 277 852 1016
858 1113 1182 1136 217 1049 1155
1143 1141 1150 993 637 737 287
916 654 835 1147 1037 1194 1166
513 862 1053 1055 926 988 947
874 1017 451 431 1033 948 637
358 1143 1044 254 753 983 1072
951 901 1141 600 633 584 1154
896 191 1025 355 928 1164 224
1111 1186 610 1200 1022 990 686
1195 1039 1119 793 643 801 1155
996 1057 1046 1058 682 928 537
716 933 1075 1094 1035 413 299
968 516 402 563 1076 942 105
1170 1120 1192 1004 1122 1158 127
1172 1012 796 738 391 1011 1122
948 1132 50 1200 999 672 1187
529 1076 978 1188 1086 580 655
1155 716 761 892 1015 885 644
1103 790 1159 427 1083 1008 475
729 1088 1073 1023 1007 653 991
1179 1016 934 1129 1090 349 539
875 998 1136 1027 741 1166 1181
966 882 942 1075 819 119 132
855 696 1084 19 1006 935 850
870 1164 619 986 957 968 678
212 755 822 279 959 1192 956
405 593 1159 865 1000 967 1183
1180 982 1085 778 203 559 592
924 1064 926 919 990 1113 809
986 975 779 95 748 481 1156
595 958 962 1015 1117 758 839
957 987 15 930 1063 611 899
919 1008 1158 542 1035 927 847
464 1070 778 1125 1143 1002 682
1069 965 1167 799 1075 1026 1135
149 1143 1174 1116 1162 1078 1054
1001 1028 923 969 1194 856 1101
1153 1122 1020 930 1174 1013 1129
578 1074 964 1101 590 1089 1070
1014 112 883 1147 960 593 991
989 696 1025 262 1116 1118 968
534 1050 1166 209 968 925 825
963 609 840 477 1192 1072 1092
281 946 584 302 371 735 569
1037 725 1017 492 1071 224 725
241 175 931 478 192 1088 974
934 807 939 967 701 763 410
1129 980 845 1196 964 1196 1185
80 220 998 988 443 1006 1134
933 347 733 1125 1061 501 657
489 138 84 1117 700 1033 669
737 1196 807 92 445 967 1095
843 28 765 656 502 49 47
1184 1037 897 1080 134 921 246
1171 1009 1141 51 1131 1184 547
521 782 966 927 919 281 832
137 1045 1076 385 922 1126 979
1010 671 963 1164 1009 1090 574
936 819 1102 915 1120 998 702
932 1010 1117 1112 134 324 792
954 651 995 1138 424 1032 970
987 1022 748 767 907 825 706
701 234 1118 1147 849 142 1104
682 1153 1023 35 251 1150 1085
960 1015 1119 808 284 1177 930
1049 1155 966 1082 1016 577 806
971 956 408 859 1043 1000 290
1163 755 229 1147 1086 967 76
1031 1184 572 915 1189 1085 1122
779 972 1115 1040 1015 1037 776
928 837 655 939 1151 826 1119
990 1100 764 809 629 947 272
987 1128 722 996 970 1183 1129
1122 925 859 1027 813 611 1177
1053 923 1158 777 921 1175 1079
1069 561 1110 1003 697 409 1064
906 961 1197 1168 1043 971 997
578 1083 628 1120 746 1163 939
989 254 927 808 617 1145 934
1119 593 192 783 739 939 195
569 1105 1017 1087 882 623 709
1010 990 985 1046 1094 994 924
1014 702 817 1132 1099 782 952
983 939 873 1030 1017 1145 850
1119 1083 426 784 952 1157 1085
803 976 1043 1058 839 1108 522
383 1086 1115 414 542 981 1161
1134 1019 1086 815 1103 1152 99
193 1061 929 1059 1023 922 926
668 1047 1080 236 934 976 1003
1073 906 648 1039 802 1066 1059
1029 718 358 996 956 1138 837
1181 337 1200 924 240 836 1072
958 784 850 714 104 471 952
1082 546 1076 1109 513 981 1184
1021 972 396 609 1059 964 432
540 181 1025 736 1115 1107 1030
986 365 210 1093 647 790 1191
995 458 809 1153 447 1089 927
937 972 699 574 179 1024 1134
208 1034 985 647 538 118 1147
1008 386 975 878 1075 852 888
1166 844 91 964 902 1120 1005
865 658 954 1190 849 925 940
960 686 1145 1100 1118 897 967
1189 1056 177 92 1020 998 948
39 942 493 987 720 1137 625
1156 923 1005 1025 1108 1116 1111
1059 780 1092 1132 976 1022 487
253 1144 701 658 722 1056 1045
605 714 885 991 598 381 540
944 892 1140 1185 973 1062 691
1071 765 952 1171 587 639 681
900 724 1101 1168 1064 891 1048
1003 797 974 1138 1139 231 973
862 1024 596 917 810 103 1167
173 27 1170 130 136 129 990
731 831 781 795 965 558 1166
1018 821 1130 915 739 1151 641
933 1146 1099 1146 1064 1105 480
245 626 654 1070 531 992 955
982 727 280 926 1159 902 669
848 367 821 1078 143 1018 1161
70 865 1109 886 1093 370 1027
591 1084 758 778 1102 999 1046
194 1199 48 1087 980 514 971
602 161 326 973 1029 241 657
790 1189 709 1066 511 886 1089
732 446 1074 813 810 500 958
946 96 570 857 506 1086 724
1145 936 1177 1141 1033 986 779
1179 1194 270 1117 1099 1061 219
964 943 524 1016 1048 720 1071
1160 551 1046 557 1043 942 972
477 1191 1037 973 595 403 823
1138 751 1000 1200 860 1155 941
457 806 771 305 669 695 681
1181 602 374 1123 503 237 965
423 1018 777 243 612 992 695
752 746 579 1194 425 1048 1035
975 1174 1122 1045 773 213 190
214 656 945 1012 1019 1075 870
1199 121 926 1118 1021 1170 937
853 1138 1073 978 706 659 1076
867 1015 264 1008 905 1064 1169
987 710 1067 458 703 1057 518
1182 312 1172 779 884 1122 1111
776 931 351 425 978 441 1021
839 1130 1037 470 202 844 1168
1036 293 307 847 1112 1028 1085
1122 1155 444 1081 1149 929 1087
1132 983 1113 913 645 1001 816
1067 1179 891 951 338 488 898
967 816 1068 888 657 65 1026
1067 924 897 598 933 1149 1158
1012 964 1171 1082 289 386 1030
964 1149 971 1044 945 902 1040
999 947 1114 594 739 743 119
734 265 995 673 301 879 748
1010 4 1185 19 1136 1083 1022
968 1074 413 962 731 137 1028
41 1072 717 756 1096 988 1148
436 655 411 1127 6 749 993
1041 756 948 482 818 1089 1104
