146 56 957 135 48 1000 186 1135
30 77 12 30 1129 141 114 181
207 293 143 1053 220 69 54 199
1044 69 190 778 24 203 31 808
677 46 32 656 70 1155 178 1137
1143 468 156 92 1117 213 205 940
195 1012 942 206 1166 116 575 139
24 375 38 3 109 1159 63 191
37 853 36 20 26 809 61 129
31 41 992 1002 1069 307 73 42
858 146 138 1122 179 1070 127 1099
967 830 693 48 66 789 25 1128
149 154 1086 961 934 42 208 944
902 1063 121 123 876 36 158 38
1068 81 102 210 1145 218 122 1153
167 711 542 42 163 1037 1049 18
65 132 30 71 93 1185 987 1037
91 217 1122 107 862 595 1055 385
898 1021 166 400 15 1054 796 214
1185 156 31 27 57 192 934 127
216 183 168 1077 506 84 192 196
126 394 1182 91 847 1199 50 212
106 1026 159 273 190 992 153 366
174 119 58 215 1172 655 1176 141
38 145 1038 144 1167 222 191 219
170 62 15 42 1200 177 112 1188
90 800 155 300 1148 202 43 68
14 1047 26 769 24 49 1156 1164
1016 131 888 121 156 1007 1076 1005
1154 1017 601 1176 727 1013 766 901
200 39 173 433 1176 1143 51 186
1077 77 950 78 886 12 828 874
139 1161 1123 1050 110 25 1092 702
192 285 884 1012 35 444 1164 215
32 132 392 1005 212 995 1001 31
29 168 823 1084 184 198 1162 679
173 195 223 183 988 189 1068 135
1101 110 1177 168 52 94 87 51
892 3 1057 18 5 20 57 1020
56 1072 87 138 948 115 118 1044
150 1151 1089 46 140 1015 153 194
1122 157 89 88 16 310 117 83
603 205 63 13 181 217 74 96
153 52 79 157 420 10 135 1063
71 1082 522 13 77 974 1033 126
1172 962 1062 770 200 440 883 1075
2 1160 760 1072 75 201 5 1008
557 147 1158 68 669 832 1097 620
182 1073 170 973 767 1030 186 1195
542 54 421 46 868 173 141 89
98 818 148 127 95 173 39 151
156 128 1012 195 86 1004 188 216
122 454 166 85 177 15 1036 172
665 126 111 20 172 357 181 921
1031 1128 101 1196 82 1013 48 196
189 21 877 208 25 219 872 1163
118 194 1173 120 899 1103 529 120
836 839 77 204 97 214 165 88
1100 74 105 204 122 136 339 88
1072 132 133 188 982 1193 156 675
113 196 160 135 908 105 101 129
199 128 113 149 227 865 80 111
194 1176 1130 200 199 1109 129 1
1127 1141 1196 986 702 35 225 110
65 173 1200 947 147 144 73 213
212 83 181 182 67 103 80 4
1135 53 1137 163 1050 904 57 191
1037 99 211 141 220 21 226 172
123 663 14 139 205 876 48 159
525 176 48 671 643 4 56 537
586 1171 189 164 101 179 1066 1076
55 1098 1071 838 44 859 207 136
184 493 203 225 1106 179 68 916
128 218 87 100 64 764 547 211
123 1183 113 223 38 203 207 1100
208 807 215 91 159 92 83 864
1029 31 149 81 46 134 666 68
22 172 1015 121 1103 169 220 204
147 1026 196 598 37 193 121 27
149 865 175 451 77 167 461 1055
37 77 485 1184 224 14 144 103
85 102 710 165 26 203 225 977
167 1095 210 172 806 866 1019 63
169 883 106 16 1155 1102 89 213
152 855 6 185 173 1134 980 16
187 207 1046 623 198 1140 46 465
1111 597 1092 143 103 213 39 151
181 66 625 25 299 186 115 835
1082 109 2 44 1172 423 55 187
1062 1051 840 1091 214 89 887 215
171 116 1153 926 1186 1035 1194 1145
145 48 211 1125 184 1122 1077 169
117 1146 1169 199 86 102 1181 815
70 1100 160 1181 191 237 718 203
165 166 379 463 84 197 931 1059
721 1065 989 987 12 178 1027 74
55 204 164 1153 129 159 29 141
822 217 1 1094 71 70 1083 26
788 45 112 1183 864 208 508 1088
835 84 1169 94 1180 30 1197 1180
113 168 212 180 1151 82 879 208
814 129 1122 203 54 150 387 1165
380 69 839 1160 260 39 83 856
933 43 1009 156 1060 222 614 114
573 81 117 337 870 1091 109 205
192 225 87 1138 191 246 1117 1006
157 1175 619 910 84 865 90 146
5 1014 209 609 110 1039 929 40
181 1004 180 1136 123 860 875 104
91 924 35 158 19 863 145 1098
65 1152 166 140 222 87 152 840
1198 1105 1078 78 224 42 187 957
675 22 98 1019 213 206 41 976
22 192 223 1148 1130 54 1197 570
1153 183 221 990 200 95 422 210
28 834 28 225 194 1091 26 632
150 212 142 22 149 96 905 1094
218 1004 98 1112 97 131 102 165
456 95 1047 181 174 180 995 154
31 1032 161 89 993 1172 1076 1057
187 74 81 578 1173 9 570 8
112 1043 96 1112 860 1085 1107 1
1142 1121 224 1132 177 51 175 982
156 39 819 100 1090 114 90 916
1105 830 224 51 1013 12 172 43
166 116 1121 316 1184 748 205 27
12 1193 1126 90 185 874 920 1011
40 168 1197 716 63 188 223 149
97 966 62 645 1020 9 163 1075
218 105 153 434 1138 1166 82 71
1057 727 146 56 40 60 664 49
54 1173 165 34 355 75 806 220
900 102 187 1072 827 93 897 105
205 947 66 39 184 73 356 779
202 900 144 42 1095 142 41 838
115 83 115 138 117 134 429 145
209 808 72 10 740 119 196 693
983 35 206 133 1085 172 764 160
511 502 139 18 994 1178 994 172
1031 813 919 151 57 2 988 1050
1070 148 1049 1200 680 170 536 132
154 1193 95 81 188 1066 121 898
159 179 321 307 58 85 1033 53
69 647 42 21 216 41 184 1042
762 75 82 1035 2 201 561 187
1151 1 131 1148 179 1040 124 74
15 208 176 1057 56 183 174 149
165 46 122 108 67 155 867 220
159 1024 1072 959 1069 1187 25 207
36 19 55 103 157 931 106 26
223 930 169 18 98 53 51 191
90 52 733 108 57 57 131 11
253 43 31 79 1030 113 606 159
37 8 292 875 82 173 1192 42
178 32 1088 217 143 729 704 165
158 98 635 1141 896 1182 1122 149
212 201 970 134 185 162 1057 685
858 1174 340 77 214 178 225 1071
103 94 130 32 1008 122 531 191
149 215 190 78 1096 117 104 1104
78 1076 908 182 59 1035 946 168
438 222 921 1028 1035 385 195 513
42 173 139 28 1164 618 162 202
913 1156 141 208 183 1159 683 662
969 152 198 890 928 558 11 1147
66 51 2 22 924 1035 754 633
1191 145 1014 548 907 767 951 80
791 162 148 21 777 71 909 1069
40 54 207 140 20 313 135 209
196 569 174 1112 1059 92 36 22
83 24 251 1079 606 3 940 124
94 150 205 173 1033 1147 945 801
35 903 121 200 1101 198 843 629
147 167 14 724 1114 103 1134 149
151 198 1037 1198 646 1147 940 370
90 173 176 1175 106 212 70 271
85 200 1061 138 211 1124 19 193
504 58 1 59 150 136 119 1145
112 170 153 132 141 106 835 15
163 380 8 945 59 25 1097 72
1030 156 356 661 80 1146 203 274
954 64 55 144 122 131 154 54
40 413 1169 39 35 1115 102 208
870 707 65 204 185 1163 210 176
8 137 180 189 1019 128 76 164
704 170 21 192 16 146 219 20
94 131 333 894 944 1170 87 1140
84 10 1121 970 1091 157 128 242
736 960 1044 170 895 193 1194 196
32 726 372 118 45 201 46 6
51 177 1106 115 533 43 73 742
1161 159 72 1052 1061 32 1079 101
1008 187 94 1090 1123 1113 1198 798
112 1020 1001 173 179 1052 121 219
144 218 162 43 956 42 1 38
1090 108 853 913 50 143 67 628
1081 970 35 162 51 97 1080 96
648 191 64 116 116 163 218 45
512 442 182 113 1081 5 162 50
170 204 210 1005 213 66 71 896
220 144 51 788 1025 96 1200 686
58 1133 6 1164 36 18 1055 976
873 11 61 128 104 10 1022 21
182 1141 57 29 580 48 322 1139
1199 53 219 28 96 56 135 223
294 151 834 180 136 144 637 56
822 104 114 624 861 57 208 1196
669 40 881 60 167 37 1178 124
163 55 989 38 145 1077 152 1080
835 555 81 195 136 221 116 21
36 1069 167 10 1101 104 933 880
26 689 113 213 998 102 181 801
208 149 159 373 181 950 1138 1
534 212 582 1000 95 93 962 63
965 843 145 785 1074 898 127 1012
1194 1058 964 101 1085 853 1086 161
1038 43 93 1141 1006 198 201 128
745 799 178 192 980 157 1106 297
98 173 220 1067 198 1189 946 21
222 1158 1081 423 159 740 212 152
221 139 21 33 10 460 13 190
44 908 927 1058 710 180 1086 47
664 917 209 1089 1113 164 1083 803
691 90 969 55 1088 1152 112 219
870 921 1113 72 106 87 873 96
129 145 129 21 177 186 146 140
919 44 1040 1135 1002 88 187 91
120 99 124 126 866 750 166 216
191 741 699 145 220 429 810 196
186 902 86 1144 997 1073 11 68
1109 75 199 161 205 71 880 102
72 1195 62 2 326 899 1096 57
863 225 164 1111 103 370 139 124
908 108 6 850 1113 24 1147 140
192 58 590 150 868 61 118 14
849 188 222 833 1013 383 25 150
895 7 101 518 1087 1124 778 209
207 139 1032 46 114 1085 119 1045
186 827 13 130 133 104 136 33
32 143 174 746 64 156 49 1047
528 56 42 51 114 720 86 1094
35 105 1103 129 82 200 197 276
171 912 447 1179 619 119 139 158
1184 721 1119 100 79 924 402 112
27 208 71 1179 1059 84 583 101
65 1053 118 145 1034 325 492 1114
189 1015 151 85 1170 701 122 1064
172 1171 216 49 46 52 75 878
51 79 57 132 119 37 59 209
198 45 1064 159 67 833 48 16
1145 1106 617 67 2 110 177 146
357 172 938 125 1081 1109 181 179
182 133 208 184 1193 101 161 1124
107 93 70 86 118 142 87 1007
629 111 86 156 7 21 180 204
1116 146 1190 1006 369 6 1015 20
438 476 130 180 342 195 148 1189
4 154 960 378 1194 67 7 576
160 11 876 157 1009 177 660 877
198 65 132 197 223 67 45 189
218 201 1170 1022 394 1052 949 40
616 107 852 69 772 717 33 107
996 178 899 185 121 153 966 33
13 1097 153 8 1104 222 730 140
1024 73 816 77 1023 86 27 138
196 1154 201 58 597 51 93 211
1158 76 101 866 1193 74 185 215
1134 145 968 150 120 170 1064 62
75 98 141 150 138 23 80 1185
108 61 1005 182 9 101 1087 774
43 758 28 652 218 883 1112 222
63 154 22 26 1012 850 79 610
1168 1180 15 990 1108 198 30 985
1168 127 189 114 61 46 158 182
34 1187 141 916 1187 878 26 36
403 893 18 194 17 103 4 55
110 208 804 917 11 84 940 15
1105 79 58 117 5 40 78 171
40 118 791 219 448 170 130 203
72 928 1092 217 4 223 106 179
463 1105 52 668 1107 129 106 1137
33 5 21 1000 179 7 1174 1177
27 10 1061 1147 1119 1092 116 97
1155 868 1042 1197 80 958 3 90
948 1138 789 87 171 209 658 1188
226 1020 981 64 18 108 200 247
734 151 293 745 968 94 29 94
61 925 1142 191 192 368 1154 147
211 3 1043 99 83 32 59 400
545 82 20 174 156 1019 111 91
23 99 825 43 219 594 206 151
4 12 189 1024 259 128 34 1121
954 1152 739 60 202 85 20 579
140 1 752 204 671 9 154 121
93 190 1168 1043 965 204 203 1090
1040 1074 67 198 142 136 2 145
1148 122 149 1032 8 1168 744 552
483 70 127 139 930 1026 137 84
1005 33 538 1188 1067 186 57 71
149 217 93 189 169 348 33 781
1181 1108 30 844 950 119 26 315
341 20 870 1154 1068 51 147 711
19 170 1020 24 80 1054 820 1032
287 178 142 213 19 60 1109 100
131 158 244 1113 47 1179 955 1024
123 568 194 83 207 1190 151 62
143 1177 14 1178 100 122 1128 6
92 223 205 147 36 127 47 1188
172 1068 1171 75 1049 751 190 1178
27 33 1023 1194 171 594 590 194
79 96 183 1130 981 219 1176 213
164 1153 14 163 50 175 218 1024
124 1033 85 74 587 1078 144 198
84 106 199 91 1069 218 851 30
3 53 88 741 1124 194 1009 78
24 191 406 226 52 1172 97 1096
1170 534 125 29 893 1108 966 144
1000 100 740 1187 172 111 203 50
533 6 1189 216 334 517 1168 895
125 1025 76 170 192 1128 1107 1193
821 214 92 21 64 101 729 649
52 177 93 988 150 148 766 911
665 45 129 99 49 78 820 161
73 196 81 69 147 139 871 556
182 105 975 1136 1054 851 32 1067
1184 1187 872 1187 182 25 115 4
114 892 830 103 21 101 157 654
314 102 50 1183 93 184 9 200
178 882 847 87 155 202 211 209
1088 149 345 332 1140 475 169 1056
1154 316 63 884 757 1175 1051 9
1145 168 984 1035 89 1158 13 1047
55 52 13 1003 863 1198 703 161
705 103 67 19 99 1165 24 991
105 96 1153 175 85 72 61 321
942 200 30 142 268 9 16 999
135 9 1013 1060 48 214 142 119
343 1017 93 607 219 1096 39 874
1059 93 327 1023 54 923 885 171
93 80 830 32 1126 896 217 91
6 21 114 962 225 168 204 446
934 41 44 1070 503 620 1125 65
161 1093 134 25 169 1058 1185 760
662 1058 903 209 141 195 10 745
193 106 191 194 505 795 1041 91
8 1055 224 31 1158 1161 1159 530
798 1080 659 59 183 98 145 52
176 1025 764 1031 198 43 92 91
215 54 637 92 72 733 154 1117
157 100 1181 989 78 3 214 66
142 91 15 51 690 216 383 99
1061 825 1167 1071 193 106 90 46
58 1098 212 174 92 14 121 4
1037 168 102 816 1040 149 128 909
1165 210 917 70 23 169 949 84
1088 18 1077 143 878 1033 6 40
553 103 195 18 92 201 63 118
186 1129 120 1167 142 931 189 947
871 1 62 1097 1167 105 937 1020
137 628 999 769 112 174 158 1035
61 1085 1044 100 948 160 11 210
915 136 183 691 119 105 84 632
134 684 184 198 88 640 1156 1120
24 55 816 857 16 2 930 1086
549 108 1100 255 1013 955 76 86
116 1141 133 1095 216 777 127 167
76 344 573 150 1079 200 184 845
1017 1183 209 181 167 936 2 1042
911 1145 378 66 1039 216 650 38
216 32 67 51 155 469 143 129
1084 194 5 913 149 259 10 223
52 66 99 87 1117 202 140 1039
80 596 182 216 10 156 153 986
110 217 116 1158 211 143 65 95
124 115 221 160 1121 30 133 585
723 11 206 194 26 97 2 1048
937 1050 216 128 76 127 214 62
112 1071 1111 1099 213 22 178 28
184 108 115 1168 66 1187 1125 1016
13 36 19 44 27 45 1133 583
121 1182 997 155 64 124 10 218
152 168 222 116 326 165 215 88
178 267 1097 63 2 78 28 1105
790 1161 222 1030 185 161 20 1168
107 1105 1037 1073 1066 1028 204 382
736 147 83 192 831 987 115 189
48 179 395 119 1190 150 109 38
115 593 3 160 183 807 81 208
1076 224 1085 150 1076 49 123 1012
193 1156 1124 48 254 1119 112 217
159 981 1072 1006 171 132 1060 72
1167 17 1016 773 1089 96 10 5
88 103 905 57 225 218 778 195
958 184 742 126 224 213 146 3
788 1100 174 37 151 225 1063 1184
1095 1133 1076 173 991 1101 94 548
474 193 432 832 132 138 111 29
121 219 266 470 199 181 41 1093
1070 75 716 1192 97 1086 74 103
351 201 183 106 906 1010 209 165
10 1137 15 779 908 152 384 1021
1160 197 162 88 905 95 53 204
121 743 209 1148 151 964 1105 150
113 180 1098 173 14 890 181 6
72 227 115 1041 630 1110 161 1058
1010 50 865 194 839 71 214 21
1013 2 40 220 195 79 1001 124
106 107 218 422 122 128 1077 195
960 1056 28 113 775 154 937 1070
998 718 81 994 940 162 1110 82
111 113 159 584 919 209 195 482
80 907 108 792 59 87 18 87
30 24 211 979 191 1055 273 132
80 135 84 1071 1152 1053 1117 1182
719 202 70 17 123 1134 152 226
14 126 211 175 54 318 1158 51
1118 1019 170 946 197 169 7 812
182 192 851 92 1093 15 600 604
135 67 756 851 109 523 679 1188
127 913 3 841 87 254 5 863
1063 88 860 113 190 754 182 988
183 75 68 133 69 916 23 470
144 118 405 74 26 1043 1141 1138
58 91 17 847 205 1143 160 174
3 1107 1137 31 222 599 171 21
508 191 40 1065 72 532 1160 1157
107 17 61 600 116 981 91 1193
889 138 1073 110 165 62 336 214
136 827 134 1009 785 218 490 138
1108 11 1011 189 1080 663 30 84
319 199 163 1126 1119 1045 272 978
139 161 5 123 998 136 1018 168
192 803 1010 162 1022 1046 113 58
169 1001 205 140 496 103 206 24
7 824 520 63 185 155 1018 821
1099 95 102 136 861 1093 164 945
166 118 968 146 501 44 219 140
1127 161 73 881 82 988 79 139
270 1033 279 288 53 969 59 177
780 495 80 224 1130 59 243 129
130 176 222 98 178 139 758 180
113 29 167 878 188 831 1168 104
11 1106 130 756 1146 59 168 577
591 115 132 53 15 190 65 185
96 163 1 526 943 169 147 223
69 278 127 121 175 29 1152 728
1118 195 119 1158 1005 161 1064 50
139 220 1073 175 977 188 44 1151
1009 1191 725 1131 162 51 40 480
35 210 420 849 1069 845 740 73
904 193 362 1197 1010 197 98 1039
182 1178 47 137 174 220 204 1134
162 219 1113 68 123 65 147 68
1100 215 109 1140 176 57 1113 1103
3 205 949 30 78 1027 1193 751
195 124 126 10 207 47 70 175
756 865 160 142 1074 1139 85 109
187 126 1021 52 56 1117 157 222
118 980 1081 42 91 231 45 972
615 65 120 11 151 942 57 51
485 82 1017 5 923 95 1199 352
14 189 148 149 105 1078 22 995
31 220 1060 995 1080 203 514 127
70 200 1183 186 90 143 286 151
93 1140 18 1124 1180 206 1046 54
1136 222 89 1026 202 458 1172 105
34 176 64 155 9 109 1131 159
224 33 81 12 1157 42 968 72
128 10 956 79 1102 958 1130 101
1076 31 44 1170 472 198 999 1098
208 1154 313 80 33 214 94 182
264 1102 135 432 1151 25 637 926
7 1075 31 108 146 47 55 926
1127 838 714 48 169 31 638 94
204 1167 186 195 728 1056 557 1023
780 201 95 52 137 139 26 46
787 1094 194 930 102 82 28 79
94 201 64 86 184 200 774 40
667 960 1132 464 79 113 111 1099
1030 1046 177 1034 1195 70 76 611
171 200 270 133 84 1047 103 839
1127 106 131 59 115 132 1166 329
137 635 69 76 57 957 43 1007
189 200 1096 82 1145 223 201 59
805 219 887 314 1087 224 846 68
116 210 1148 294 1164 578 132 61
180 1 83 616 1073 1079 34 9
936 59 1103 20 123 8 1200 1134
185 194 190 654 23 212 99 212
6 127 126 74 100 83 52 51
861 139 139 1196 327 873 1190 147
39 889 1186 61 1183 1149 157 158
35 1027 92 193 66 56 1171 225
187 44 801 58 393 1139 6 846
196 199 99 15 29 66 165 722
60 1053 585 30 194 202 151 57
7 186 71 938 65 40 168 2
877 1 111 1051 932 143 86 207
165 492 1043 123 45 34 92 151
87 151 182 93 55 136 156 215
141 198 19 214 855 1062 1173 955
975 109 68 172 26 107 1149 797
653 1160 175 43 163 1150 6 1033
145 1028 1049 458 170 122 1057 1078
560 191 1101 142 1069 42 168 192
119 188 1200 197 263 657 1097 1059
989 6 146 160 1042 1159 120 139
1053 167 78 33 135 338 192 204
223 213 948 63 1097 1029 135 180
74 11 681 1144 22 29 214 602
146 108 29 49 25 537 60 1133
346 134 389 318 1016 1176 151 703
476 137 162 55 177 54 67 1089
2 124 157 959 206 216 607 1118
950 161 874 27 131 46 1195 208
539 586 1159 8 992 20 1185 191
139 20 1103 1005 116 1038 33 575
25 148 41 226 858 1101 23 147
49 1066 924 1046 1199 223 1019 214
487 51 1027 1012 16 115 1007 1198
1193 121 46 191 155 811 1169 996
16 1076 119 113 1056 153 197 63
878 83 1006 768 138 894 23 550
226 956 213 980 38 184 101 48
198 1161 643 1113 490 645 835 126
1110 1007 518 1175 130 873 519 218
206 211 214 216 938 1027 673 148
983 191 607 341 935 121 72 1115
1189 355 170 1049 9 1148 261 88
185 24 677 59 1094 1056 1047 216
219 60 249 165 134 225 1079 158
998 34 161 678 66 1181 128 59
1008 1152 1157 40 945 69 144 69
1093 489 142 1064 154 1110 869 1158
169 36 138 1006 968 816 174 152
1054 1136 181 108 796 219 1175 644
786 140 834 786 146 912 1020 10
1038 70 1196 1056 33 32 116 984
1179 186 1120 1071 1004 180 898 154
1084 109 913 129 1084 371 132 1174
1051 166 39 100 1001 36 64 1196
110 213 109 105 1140 20 219 622
70 931 818 201 1067 1082 115 135
158 123 4 856 57 53 171 1138
206 165 208 138 75 1144 1143 204
120 903 922 1189 141 79 727 1156
73 158 180 187 653 162 1028 52
220 209 31 120 1032 97 567 107
682 971 836 101 993 185 665 1148
1082 223 875 38 116 1123 75 434
186 545 1169 911 8 1139 1199 73
176 829 155 1100 87 189 393 1120
682 24 51 672 89 45 70 1114
208 1184 167 426 23 108 104 510
1017 14 52 881 174 282 198 18
441 73 32 1192 48 114 933 72
29 541 1173 989 215 96 93 804
115 152 126 148 1082 96 1130 136
204 848 213 1062 1086 610 65 1125
1176 1149 5 762 127 50 1136 283
1026 1197 4 164 175 108 391 44
181 500 34 145 613 185 47 282
153 11 183 90 169 136 108 185
1074 125 145 156 903 369 55 34
1181 80 1112 124 1161 1109 1055 8
48 139 817 117 197 40 1091 29
753 3 1132 194 217 101 917 46
680 934 39 909 1179 185 139 494
1044 45 943 1150 23 197 1118 118
53 831 34 2 940 164 915 130
110 169 157 427 17 1190 589 614
122 206 35 674 41 156 189 207
149 6 65 84 1195 196 175 86
193 116 200 262 1136 77 1168 1089
31 381 27 188 1142 215 105 148
56 1115 1043 24 25 935 837 23
1155 21 1078 1049 903 1048 996 61
135 113 1134 1154 243 104 1092 1
1044 143 1098 140 50 1032 404 1191
122 1154 178 942 224 226 13 1143
944 2 1003 859 1144 888 998 117
720 359 224 1043 450 23 1199 1114
1167 13 992 821 174 1126 41 80
1000 180 193 222 210 342 297 642
66 69 761 1061 1195 61 147 933
186 14 15 941 40 28 26 604
146 1067 730 205 1169 826 95 879
130 44 134 79 1039 25 94 59
632 177 139 113 1148 97 90 186
221 130 115 19 1163 1062 141 952
86 100 414 464 773 89 82 179
1177 1008 1110 527 1092 810 1197 23
687 962 923 212 126 202 64 984
217 928 184 1199 48 1125 401 1170
162 666 113 154 74 54 117 92
117 999 184 616 200 108 967 162
1171 944 1105 134 190 163 18 214
220 27 1025 105 155 939 105 1055
149 148 431 1153 1156 1048 1099 639
60 98 828 167 1177 61 168 374
