910 242 215 130 137 247 637 28
620 155 83 1166 903 1115 179 90
1131 229 331 147 186 88 32 1184
82 129 1128 963 83 326 1035 1188
123 217 1120 13 215 12 885 223
815 196 844 1073 60 194 836 690
1079 80 917 703 211 102 1143 310
44 681 1007 220 1190 83 197 323
514 830 784 1084 1195 783 91 36
1199 118 109 191 198 1082 643 136
144 38 224 211 120 1016 50 465
1129 1128 1196 224 879 122 201 153
90 1010 1049 2 194 113 4 712
76 1162 184 471 64 202 1180 1105
131 1047 143 1189 46 221 159 103
1113 586 189 101 1 1000 60 1006
113 1058 15 6 84 181 151 131
47 1160 1171 977 193 79 1023 846
51 421 1066 201 83 1033 4 955
871 896 214 117 30 1126 89 210
208 1036 1033 1188 161 101 1183 93
171 10 1069 337 1089 32 1138 142
1186 18 101 1078 15 14 97 117
1115 166 1101 1174 223 143 105 184
107 955 1036 1047 116 84 182 1192
1097 73 193 696 173 965 1093 24
893 54 1048 1159 15 66 42 1072
1112 1110 155 36 1081 1185 188 30
162 156 175 210 1106 49 30 167
205 1073 49 169 1031 1111 141 4
83 190 507 905 1084 175 961 167
23 35 210 101 1083 226 1038 939
123 6 35 156 187 895 134 153
216 921 100 1130 786 133 66 217
1172 1068 652 737 136 17 71 1105
138 248 98 225 930 1110 1084 211
90 17 57 114 1194 994 113 152
1170 1132 866 216 71 1063 1173 225
127 90 1022 1154 1018 185 186 197
160 32 130 375 1036 1164 189 890
366 223 825 176 74 29 6 14
922 196 18 147 82 967 1050 161
203 55 1024 189 8 37 951 130
164 1100 220 1121 100 1052 65 147
811 161 13 254 852 232 186 630
132 1019 178 215 82 151 112 85
117 977 521 101 1045 222 164 981
87 1103 70 178 128 205 141 225
119 1118 964 140 1011 18 192 211
172 989 81 1195 534 1107 57 1040
64 113 1066 191 152 919 1194 39
129 444 1019 29 169 628 9 43
84 156 1122 96 30 804 209 23
222 196 88 1144 93 141 196 165
135 118 45 10 193 80 720 117
926 218 1142 37 172 87 719 63
590 140 143 143 1154 114 1001 1060
19 496 1105 205 1042 81 72 905
95 157 119 119 39 142 173 60
1034 1077 439 1138 136 552 855 38
1076 1049 119 279 81 851 192 232
45 168 157 38 73 1009 622 1138
46 805 1051 738 1144 1041 224 1123
333 167 81 762 186 141 87 99
58 165 94 206 148 134 1117 1100
618 1036 1103 163 97 1173 33 1087
1105 136 200 82 1187 1058 75 364
1181 207 173 89 106 1135 1165 877
170 19 915 8 157 1069 145 1156
915 506 177 200 180 60 205 1050
1065 118 1008 84 883 276 59 122
30 45 952 1109 446 1 735 650
83 1179 106 318 176 53 69 169
287 1120 141 77 3 124 194 66
133 97 200 52 146 149 66 721
556 1053 20 149 546 693 212 214
190 1039 13 42 223 32 1048 175
756 172 1071 2 1052 964 75 179
189 786 170 1018 30 745 94 27
183 876 214 24 875 44 75 79
182 108 195 10 34 420 192 1136
3 947 507 103 147 63 894 1003
48 94 980 6 374 143 117 128
173 782 13 22 32 195 61 1106
4 220 183 1194 1023 1044 1088 741
139 79 219 214 618 73 71 861
109 137 414 1190 178 1108 213 161
1167 225 943 973 138 209 1033 63
70 409 145 503 828 15 1146 166
966 251 1130 728 14 206 313 1170
226 47 72 184 1069 548 1029 205
1143 216 553 139 61 12 214 65
219 22 669 176 20 36 216 265
9 158 797 33 975 80 128 64
1102 143 900 214 66 112 121 139
48 1 170 93 1006 1049 84 628
212 1068 1112 192 1100 136 1133 1168
190 190 24 1 53 725 82 1019
201 752 1069 1146 11 54 1004 73
256 7 1118 96 187 1038 1163 175
87 106 112 157 12 95 186 49
75 649 126 1026 63 20 177 1160
843 469 1135 1112 983 132 22 1177
301 216 214 1068 152 137 1108 1199
92 591 131 1007 737 172 120 1090
137 188 204 19 168 54 61 871
1104 160 1054 147 1169 94 109 909
206 1134 169 66 1079 125 140 49
142 7 830 131 135 77 105 1115
150 85 1156 181 113 1091 883 171
43 10 95 153 199 16 124 1178
863 72 91 1164 212 759 1008 1186
155 1025 212 49 54 716 887 203
116 1130 1119 33 161 220 657 165
337 608 105 61 151 1057 1061 909
1067 373 144 1085 1152 978 1093 148
1106 72 52 1184 989 158 139 117
1082 201 148 501 389 340 1026 152
92 1095 27 1104 101 1181 1056 1083
962 93 196 1027 464 185 12 53
105 1130 153 89 1048 594 108 140
1110 139 4 58 173 972 94 218
83 123 317 131 1050 29 627 39
1157 53 1170 148 1179 38 213 49
90 175 138 60 134 102 81 962
122 45 963 124 1107 76 25 149
827 109 798 916 1074 55 588 12
9 304 1016 172 75 147 162 1004
1192 261 539 28 295 194 134 1042
999 123 135 33 151 173 849 522
201 355 201 316 944 535 127 39
836 1047 93 115 3 195 462 73
1063 164 1098 28 188 17 28 193
140 61 140 31 1154 126 160 110
1059 771 1156 75 543 565 122 32
530 672 807 120 1018 157 267 1024
161 311 159 944 92 1022 1127 208
833 164 220 114 50 109 472 196
722 1185 121 135 126 223 903 1073
166 859 107 61 1029 211 529 394
691 186 60 1008 134 68 72 1169
26 142 17 166 1125 1152 155 1031
61 164 117 64 64 779 1115 42
520 1088 96 81 108 686 6 143
174 41 177 1100 1176 1089 768 1119
2 146 52 52 1170 37 225 991
154 193 1025 192 927 174 179 73
17 48 1107 70 9 34 872 162
23 1137 189 77 701 85 166 193
1054 1174 201 52 1198 1002 27 78
818 66 1191 138 152 319 405 33
189 17 218 174 91 614 1005 61
948 58 45 48 148 1007 52 1043
1178 215 19 219 1035 1200 31 1191
222 140 1091 913 1137 66 129 1030
116 1151 140 147 184 180 841 101
1174 334 42 59 25 1090 166 69
920 985 227 220 127 1192 419 797
912 1029 153 968 87 1154 189 97
184 48 180 796 186 65 975 789
17 1092 193 396 1177 165 162 154
765 14 23 165 137 1160 202 46
852 208 289 90 282 1098 274 878
477 1113 159 216 74 43 521 70
14 30 571 1099 99 41 96 152
35 554 1141 1165 453 157 57 193
698 205 226 74 846 179 1092 1099
161 38 43 204 62 1023 61 180
915 58 81 998 387 839 838 1153
122 199 195 56 2 137 16 281
110 91 7 196 517 31 1128 85
356 84 82 802 1173 1094 512 1000
167 143 1041 204 198 223 131 223
133 216 454 11 67 1109 182 106
896 44 1067 201 1152 95 1111 861
11 21 1174 73 123 793 223 133
1028 831 55 308 72 960 209 98
50 41 998 198 1195 803 223 105
1013 36 115 191 135 48 1164 4
153 94 1143 188 169 842 722 204
1193 206 961 211 141 20 60 525
199 1087 158 1015 1000 68 116 1200
3 69 124 1131 120 1105 24 567
12 340 893 109 116 749 1023 1154
904 184 1043 1096 84 519 1166 78
129 1178 1113 165 102 65 25 3
152 13 315 117 100 1195 795 107
27 158 108 185 20 598 189 43
479 859 110 1162 737 625 220 694
88 164 1021 149 67 1024 1126 131
214 3 66 1028 14 239 160 193
100 91 446 1161 1110 1183 103 189
199 703 33 613 210 558 55 395
1008 170 106 1035 550 878 1182 34
20 48 97 731 22 66 132 40
984 1099 41 52 161 203 153 1171
1095 1177 183 1051 1030 874 105 639
175 148 925 65 41 46 1017 1040
125 1161 169 736 161 170 843 1049
661 1046 770 1104 1020 66 936 808
152 1179 943 1027 805 87 1124 94
1000 118 42 1089 65 809 80 104
395 42 187 611 145 577 102 220
815 1117 11 624 106 267 1183 899
1128 426 89 106 105 995 33 286
631 768 1035 63 145 1105 60 389
29 186 44 219 131 51 35 70
135 47 21 639 472 485 77 196
22 118 82 1107 190 29 147 47
217 1138 63 690 213 164 1136 37
955 196 687 755 200 910 985 756
150 157 179 699 1150 827 1048 98
132 10 1084 160 124 52 102 125
172 92 1050 163 122 29 213 722
747 1072 574 204 125 154 358 1194
854 175 79 42 1034 356 1012 23
107 224 200 787 101 133 700 221
723 86 1017 754 190 103 26 1181
998 1095 1096 245 141 195 59 129
54 131 83 807 317 28 928 1127
830 1110 89 1123 66 190 90 87
36 66 138 192 755 785 69 131
200 142 225 133 217 106 1009 11
91 367 1085 26 1044 117 33 1101
1199 123 124 22 1074 22 126 1122
6 17 148 929 222 64 497 1112
183 485 223 155 1148 936 133 1038
77 994 1026 1152 1153 148 1121 171
183 80 185 70 1087 46 871 437
712 37 553 106 1024 763 48 26
154 225 1084 980 107 860 1071 19
50 857 71 897 7 1066 100 95
21 848 224 1172 274 985 80 988
183 42 220 125 33 130 193 6
119 1023 995 727 10 185 1078 1178
181 938 83 626 134 127 129 13
1004 1200 881 163 115 52 75 71
68 44 444 698 128 754 1084 69
51 853 1061 95 663 703 144 1026
141 58 217 119 204 177 164 1165
1125 18 11 1003 893 1052 1187 2
312 750 932 99 71 835 498 881
80 154 283 13 891 10 920 178
15 1134 785 1092 221 104 184 1150
1046 202 163 840 114 198 1114 96
206 750 185 1017 1006 1035 174 99
86 876 182 79 175 982 418 837
848 718 107 123 186 23 226 1075
137 1150 1131 7 223 130 24 968
715 993 41 1184 122 870 197 223
108 39 151 168 120 684 96 1168
1033 876 23 1018 814 16 965 103
192 470 881 1035 1179 94 101 1144
1052 51 60 4 4 498 41 104
186 577 47 1198 5 172 60 82
984 1014 867 147 1110 18 940 958
1062 713 100 963 884 1023 26 79
1081 226 1192 1045 595 165 28 455
7 65 38 662 708 1101 57 206
146 674 218 154 806 336 140 29
97 1038 181 168 44 199 354 109
996 151 618 821 128 163 175 170
10 163 3 935 138 106 409 1169
149 990 1057 124 27 929 194 1072
116 1141 202 142 125 956 3 205
1090 92 103 863 199 1179 1148 105
54 74 1185 141 155 43 58 215
20 79 987 223 56 793 109 223
54 112 1145 1145 49 440 43 108
752 64 1083 66 200 32 43 54
179 163 116 212 14 784 203 181
186 124 162 38 735 837 1179 177
1086 998 849 129 181 795 76 215
79 40 25 1008 1111 13 1097 178
44 1028 154 144 23 729 222 192
215 219 1047 1099 138 89 1198 27
94 777 1156 146 897 24 1000 189
76 1032 217 217 162 1145 174 1042
57 588 27 83 965 1137 837 209
825 898 199 210 1015 57 1036 217
633 135 180 5 64 866 2 920
216 19 72 991 1196 67 15 664
1037 211 778 78 96 141 700 54
86 152 963 214 150 822 32 737
1124 3 204 29 136 102 733 59
523 1120 1123 85 865 1069 92 79
1002 89 84 145 510 200 96 45
291 121 1017 1167 187 1074 15 149
908 192 202 950 193 470 1009 181
178 753 145 1182 834 46 573 122
151 921 170 1132 56 101 78 54
153 952 177 96 312 231 46 58
1077 14 162 1038 1120 1058 167 140
155 660 17 996 27 88 151 24
1144 902 1126 29 6 94 1060 65
1029 100 65 897 104 1158 157 1073
167 605 944 49 193 81 68 100
93 1067 181 94 124 911 636 821
57 981 112 1023 137 28 67 868
56 131 1134 22 214 230 64 804
830 23 1012 939 109 1053 821 656
174 174 169 275 222 240 162 195
136 1187 1079 189 355 179 172 100
1038 122 87 71 1032 381 5 13
200 213 1048 869 85 419 1191 390
138 82 117 90 171 954 139 95
998 50 84 18 1095 1156 364 65
60 97 6 68 88 200 1194 162
141 1167 111 48 1193 159 1073 68
98 28 39 155 66 104 912 1192
233 20 216 115 1128 576 1005 169
998 86 15 52 180 161 134 972
126 1095 578 1151 39 156 38 799
747 861 8 149 722 160 968 534
646 1168 20 1007 1048 860 1147 1158
52 159 858 48 1097 69 1151 132
183 1133 112 873 171 1146 1103 938
118 1155 84 960 1113 13 102 1165
79 53 225 1129 68 35 869 1119
100 35 1149 1079 609 212 121 870
199 1030 102 72 38 514 49 142
47 1107 50 53 118 976 219 59
127 134 95 1127 109 1028 1112 63
215 58 151 104 886 1012 147 1160
33 405 127 114 164 2 11 80
56 449 83 77 1159 696 215 1029
167 1093 1172 209 15 50 902 370
92 56 189 138 50 1015 528 18
145 36 998 39 162 142 5 25
101 410 70 219 79 884 24 105
67 726 76 57 953 17 155 30
1195 68 288 84 212 1135 99 1160
173 71 1034 128 206 155 597 139
79 1097 22 185 146 12 5 42
252 127 798 196 211 218 184 1187
134 111 59 847 50 29 509 183
172 58 20 149 99 876 136 127
219 137 724 133 2 620 119 843
72 7 195 133 1139 1154 1142 1159
22 7 1073 156 8 735 163 1161
1039 223 122 23 122 121 161 135
645 204 221 8 850 99 1018 55
197 947 134 373 296 811 153 56
117 89 359 179 1059 6 32 1102
1002 975 454 1045 101 741 9 794
993 478 72 195 588 609 86 136
193 902 52 68 728 179 223 11
172 212 197 113 1172 918 759 57
42 143 78 207 83 1118 1085 831
1125 791 19 671 845 673 1075 845
23 143 1153 87 70 126 1152 1029
38 1 117 209 22 145 1123 1148
24 1096 41 210 949 117 1071 27
341 90 175 385 54 176 18 1152
750 1150 13 268 1136 526 1119 1073
710 106 1087 24 92 327 18 10
53 33 150 28 726 12 818 21
41 701 1181 948 190 206 75 742
131 147 1035 69 198 175 29 126
129 717 1081 73 36 190 191 39
210 25 160 32 144 126 177 136
87 199 134 45 226 128 1142 959
92 564 1013 8 225 196 5 1166
45 773 4 225 24 976 49 786
1135 407 1158 89 1000 154 23 163
76 132 157 951 63 188 125 1198
1179 185 796 112 223 1179 217 650
1118 1111 171 88 992 1145 392 279
292 93 47 78 1025 51 287 28
222 100 148 194 1159 137 858 928
18 37 58 1143 222 1129 995 212
959 580 136 1169 216 191 1057 62
95 146 98 171 205 183 1098 1078
76 146 1163 1166 989 1103 113 54
1135 225 38 1061 305 1054 146 98
32 8 999 219 1016 933 225 224
1128 907 183 44 160 91 106 222
224 113 36 49 149 201 70 1183
1108 913 905 123 986 1073 18 675
186 169 191 811 1042 107 335 865
203 162 150 447 92 213 125 30
135 934 1063 1059 197 176 37 1149
167 914 71 1029 56 63 567 33
150 1086 1158 146 78 1045 934 1046
218 202 1108 941 157 672 11 923
1038 996 1089 148 1 151 282 918
95 87 973 90 931 1172 599 201
4 1136 187 1111 154 1097 48 60
120 1200 831 188 47 402 907 79
211 1142 146 23 132 177 1013 2
112 932 74 37 118 48 33 213
87 108 276 258 146 176 774 1189
125 152 23 4 138 137 51 51
451 77 219 706 48 884 1145 142
181 213 161 52 65 216 176 206
1090 220 191 107 1183 177 499 89
1175 97 125 150 979 51 348 1104
204 114 110 163 172 43 70 52
503 1184 953 99 220 1178 218 1024
1078 115 38 177 55 40 360 423
1090 133 403 739 67 1151 13 939
1026 126 153 493 68 1136 154 197
854 165 81 550 216 1131 191 205
913 130 33 1080 130 97 138 112
208 111 192 108 711 1027 150 1093
1018 1067 81 104 37 683 130 1192
1006 1077 1173 93 886 67 209 144
195 120 1173 1169 677 2 45 149
601 186 32 167 139 997 28 165
38 1070 193 246 29 602 801 210
204 59 90 94 1143 92 1096 1014
92 1102 50 1021 1065 12 992 106
192 1186 195 378 48 45 222 35
644 1125 1019 201 878 112 176 61
630 809 876 157 168 925 197 143
177 134 1080 957 14 874 1190 1043
46 1123 21 1158 80 903 42 156
202 120 1191 165 146 186 142 72
145 1140 96 7 177 616 16 150
88 158 1167 349 110 1173 18 971
78 43 112 117 1008 197 203 116
161 112 1153 283 139 78 26 97
225 185 146 171 92 902 161 1040
1094 681 135 859 935 853 861 656
742 867 940 50 146 17 1095 8
108 67 1082 1134 170 47 593 156
908 1170 127 112 933 205 104 67
222 224 189 149 70 114 41 72
113 347 284 331 1127 1035 37 1180
123 7 171 29 376 17 101 183
189 185 15 600 173 397 174 69
6 57 1125 1057 178 22 203 604
416 209 127 63 17 200 1162 90
807 339 114 1181 124 845 740 128
839 119 425 587 104 602 90 1055
222 1089 168 80 176 35 833 156
113 107 1200 19 1066 159 794 1132
691 111 10 690 1188 164 890 1037
123 31 424 1070 17 152 207 210
8 302 962 62 63 1012 1086 920
10 1 1189 102 46 752 1070 1156
953 24 878 85 87 211 1085 981
1031 1101 124 122 1022 69 11 51
159 1075 161 1129 46 48 149 4
210 901 920 1051 177 15 109 1030
94 195 34 80 72 55 132 179
3 1156 12 16 110 67 171 170
1055 1102 15 1076 41 516 44 73
126 171 1079 851 617 153 953 1161
55 129 990 57 36 1150 641 26
37 966 998 582 1089 169 21 87
1028 92 853 110 161 25 12 68
758 222 106 15 36 91 145 175
708 82 1026 78 104 881 146 1074
158 3 18 170 45 1126 192 954
181 211 849 108 223 1060 202 30
1138 1060 12 1172 223 59 21 205
1000 177 1102 84 32 27 208 1022
244 3 657 1005 153 154 134 88
1106 54 1084 132 72 1190 34 82
636 832 207 93 175 156 412 1077
1064 55 942 104 747 1188 7 66
578 164 99 216 1168 797 1160 99
121 121 117 999 1146 6 215 1141
119 201 182 143 18 5 1080 92
1043 16 81 142 927 171 182 181
126 1054 211 1146 191 1155 873 122
102 104 132 1020 164 208 1013 1124
59 211 41 670 16 3 716 489
15 253 11 1175 695 547 170 1121
144 1034 33 257 97 1055 65 194
1062 1011 868 92 176 1110 616 1114
10 352 889 892 46 90 15 88
113 160 111 198 1085 62 1117 911
798 120 135 56 947 1105 610 1184
210 912 1051 1114 225 604 58 170
695 752 1150 96 1134 146 134 486
31 1022 13 1094 51 221 216 35
773 753 1155 116 226 824 166 1088
32 208 1161 96 183 198 65 51
99 219 844 3 720 846 67 1101
371 749 1137 102 141 941 988 825
971 185 211 4 1098 1037 107 62
126 105 135 1066 200 3 710 841
150 117 138 1135 182 24 944 139
1177 12 173 152 142 202 45 1129
188 196 82 615 1022 145 79 159
1085 16 32 113 1078 53 113 887
192 125 156 1193 428 357 78 28
1070 609 203 1146 61 27 71 846
6 208 118 131 1112 1139 181 127
138 157 208 1192 28 998 702 223
119 213 95 175 1082 171 138 201
874 88 157 52 783 140 994 157
1078 159 3 323 114 892 925 968
29 123 101 183 167 1159 1045 11
221 469 1160 11 890 1173 889 1039
1155 103 1130 1133 972 154 1046 216
40 88 77 193 708 1083 210 1200
32 168 102 188 182 729 790 1086
1000 35 30 27 1038 188 110 200
997 462 881 41 186 153 1163 217
1099 164 127 75 1000 766 64 179
195 1133 5 1148 957 1165 830 140
933 740 705 201 154 169 136 483
152 1173 563 217 99 19 993 108
74 109 1133 187 44 54 110 1035
333 1189 138 151 1199 25 217 155
1083 147 47 115 754 808 1162 167
1197 26 124 50 1108 31 1074 1042
222 63 62 1074 221 131 82 24
148 206 133 99 1163 79 1119 63
90 226 1050 5 257 1197 26 1003
98 129 51 160 1040 1124 105 1124
114 11 191 145 1002 141 21 104
1150 1198 697 181 197 157 884 1060
184 155 1045 210 199 487 785 113
682 29 150 731 1060 182 1133 101
219 43 188 564 76 159 52 384
709 36 1117 154 1096 171 125 161
698 39 892 49 213 72 185 614
1103 205 51 962 209 62 394 1160
50 68 77 86 155 224 122 85
23 1145 101 1142 1092 213 210 137
58 983 106 871 868 210 189 220
89 1112 872 167 1041 133 195 62
1044 586 203 22 1179 572 173 134
757 187 8 272 926 1092 1135 12
58 679 66 174 153 192 192 1081
61 62 63 655 1024 91 208 1192
1144 1179 958 183 178 865 141 1
561 35 900 5 860 294 226 970
201 1189 5 172 208 63 1176 937
170 60 207 206 1148 1161 164 158
192 62 650 196 88 731 95 33
1195 128 175 668 26 45 129 6
894 1131 901 186 24 627 210 191
849 80 186 125 108 12 92 986
24 1105 964 98 159 117 213 1011
200 31 190 215 107 818 94 1026
1021 489 160 177 69 86 384 436
537 83 179 163 43 1001 93 30
1126 1078 1029 181 5 111 840 184
7 48 83 154 137 1016 418 138
212 589 167 52 607 24 728 490
6 144 29 206 15 190 661 1172
43 1022 93 713 147 38 1119 112
136 35 181 1069 987 921 95 163
142 121 95 61 93 946 1184 63
1096 127 314 214 1089 460 79 138
45 868 1016 212 49 152 1088 1178
761 1113 74 193 898 1032 968 81
140 142 1025 102 60 105 62 93
873 909 213 108 1194 1058 65 105
169 223 238 193 39 1002 657 270
224 101 195 210 368 466 69 198
987 183 85 35 866 132 573 1017
1058 779 343 178 1047 1011 1076 50
156 1001 114 775 937 23 771 1171
877 1200 129 184 130 6 1105 102
223 29 654 206 29 753 1032 128
975 168 1150 1074 159 20 1149 62
3 900 1189 1046 1136 190 488 95
205 369 135 107 346 942 178 41
1176 748 149 857 61 1067 1121 28
95 104 139 1061 115 8 830 155
108 1033 121 47 40 63 213 1064
207 988 755 206 62 146 1057 1095
109 110 25 1037 1041 82 625 224
129 67 173 178 519 86 213 47
192 1049 139 1072 1154 60 26 625
127 1044 430 861 160 178 1154 146
13 1142 32 1064 128 86 100 979
1131 187 938 45 55 1030 165 150
36 979 1054 1011 1070 143 17 125
218 949 17 1186 362 52 847 63
560 157 3 161 90 58 1062 155
72 83 1076 94 16 758 372 37
924 611 693 363 572 205 137 118
79 22 1152 64 939 1082 83 1139
122 19 114 518 977 86 1043 44
1106 432 93 134 17 194 930 81
350 1092 77 163 106 760 473 108
22 1168 25 1161 587 149 145 58
23 1059 211 614 101 24 90 89
39 742 15 152 999 1042 1154 129
801 1149 82 121 805 178 172 196
176 62 124 160 1199 32 127 187
1058 976 69 595 735 798 126 103
234 1088 972 1140 185 774 50 1088
1136 19 328 145 1028 81 109 137
163 66 221 93 108 918 130 8
42 113 787 1067 60 107 877 126
1181 9 1139 782 412 158 152 197
183 4 1061 112 820 452 1109 95
130 16 320 1054 157 901 40 174
226 1006 191 208 53 795 1194 651
102 186 717 178 1029 224 106 778
900 71 1080 229 179 895 1200 844
208 201 133 1084 158 6 129 119
