111 88 975 302 101 1099 128 215
102 275 154 124 865 1083 20 936
181 206 672 224 128 72 926 143
2 203 28 867 107 209 862 79
175 18 79 510 137 1128 223 109
218 31 134 221 143 774 825 1125
551 142 38 1003 82 29 6 16
1146 221 76 163 442 269 42 14
1019 111 218 214 56 223 667 221
1121 1152 1107 206 211 979 101 294
802 1011 670 541 196 62 89 112
73 678 1025 180 977 956 99 58
182 28 1183 36 200 494 31 809
1071 12 1047 1065 1044 85 190 903
1092 96 5 97 89 24 185 82
27 124 129 771 153 518 142 150
28 1165 777 903 196 105 113 80
71 145 123 57 1089 81 146 313
122 899 65 985 1102 801 138 14
2 1010 55 58 113 170 337 119
116 85 184 120 32 1045 681 739
172 180 1074 97 82 113 645 132
1106 113 148 1155 131 960 203 872
74 1117 70 104 228 44 385 100
50 198 1186 758 879 101 212 109
144 209 423 118 11 89 1025 46
1111 39 207 692 145 78 148 182
1196 639 221 1021 217 64 65 76
72 1 903 140 42 49 547 19
150 804 217 772 1087 157 162 7
427 1083 73 143 29 348 791 131
87 24 156 220 1015 1006 185 833
1160 1108 208 1055 1152 59 1005 128
160 125 360 54 45 620 174 53
940 184 1007 197 25 35 79 1110
221 183 1003 13 679 33 167 102
156 191 216 1089 73 1171 140 1137
940 60 587 1149 94 1084 30 1035
161 20 87 84 1028 156 232 110
114 44 203 175 113 1198 898 193
85 144 799 898 90 210 78 174
39 221 5 891 718 187 7 54
1016 769 662 165 191 707 81 1073
99 441 93 127 197 731 534 168
1111 636 4 186 470 858 212 1160
1102 90 184 61 222 1181 497 209
1058 390 1130 750 284 1178 941 93
113 40 339 395 1003 78 680 695
106 99 1164 515 215 20 106 995
193 78 130 1128 1162 875 1165 199
856 1148 875 192 194 9 209 112
109 696 509 170 68 687 1033 197
98 1136 203 131 1178 84 63 198
14 3 8 142 826 1075 792 2
22 925 34 143 1101 195 183 162
147 1082 212 155 53 1149 1 149
111 54 108 125 93 656 4 1124
57 475 102 39 775 140 1 1088
86 35 157 343 348 1063 119 234
961 1081 43 1115 1102 86 126 40
652 155 168 212 175 95 288 37
801 205 503 1092 173 48 122 963
54 175 80 957 201 220 1109 1053
173 1148 1121 46 183 10 53 76
437 276 137 202 159 247 1156 790
92 89 1122 36 128 1062 157 70
209 867 65 2 1060 931 151 117
58 170 405 1150 994 212 213 174
201 102 1075 126 201 1064 925 14
73 359 633 166 1138 1197 1200 31
1094 1105 683 41 1167 163 1016 53
151 183 31 31 65 1038 34 80
179 923 176 63 207 76 1189 661
967 220 73 1107 165 98 920 52
577 1113 41 517 176 137 792 56
1040 146 70 848 172 546 81 80
54 919 71 946 1087 1067 133 833
1192 25 357 83 96 220 56 54
157 151 56 163 195 3 104 92
38 37 148 142 28 1176 142 1002
675 11 1111 364 170 555 808 99
979 1021 12 1128 150 136 977 91
101 220 106 92 1133 1033 205 1042
181 893 134 79 360 67 99 345
493 179 785 67 82 212 85 45
1139 27 98 181 564 919 835 169
746 212 209 1066 53 15 724 110
31 201 885 1100 136 132 20 76
1120 130 139 1187 165 111 511 8
161 1113 1039 216 185 114 9 892
118 161 46 45 119 1195 1185 782
130 982 123 569 125 830 225 1011
1120 200 47 991 133 159 121 1157
214 113 27 500 1154 187 1011 68
622 103 208 39 9 105 1004 127
88 1007 226 31 431 146 189 1128
91 46 225 799 58 742 123 120
214 646 147 69 89 220 222 204
144 187 6 1040 644 1180 134 189
128 1078 769 211 1127 708 44 64
1155 1188 10 1010 947 201 19 41
223 728 105 857 112 7 795 804
154 536 947 74 747 82 219 56
82 897 89 884 166 1180 530 184
574 178 725 38 177 1045 106 119
1060 122 939 77 1179 129 226 190
72 1191 953 1070 184 487 1104 637
1149 224 27 211 1100 197 99 93
1189 118 1164 691 87 370 1163 203
117 917 213 1169 1071 88 643 444
799 186 112 125 12 1098 179 86
685 1054 134 57 755 577 1009 99
1108 1163 129 129 482 609 914 103
1123 1118 1017 161 7 12 177 147
5 1138 150 160 41 615 214 1099
204 869 163 866 26 17 20 779
1026 1160 169 98 171 493 141 762
205 141 1182 854 137 830 152 110
8 68 1100 168 170 1029 836 82
580 204 1150 46 91 97 162 61
74 219 1076 1019 1168 1189 1 74
956 1184 677 141 1039 936 945 1091
156 59 89 220 210 155 176 198
50 136 143 403 60 741 607 72
184 1136 794 200 887 1162 27 102
205 63 155 101 180 87 1008 921
118 134 714 1015 1097 975 196 1106
1165 595 1035 762 200 1081 42 101
127 1089 768 77 3 1065 855 997
118 10 124 157 278 895 1029 1127
191 1184 16 921 64 171 368 1088
922 97 1152 60 69 225 55 683
168 1149 168 1129 126 826 1082 928
156 151 126 1157 545 505 9 7
1039 1076 488 87 208 140 985 1052
138 151 214 9 50 69 378 48
199 9 139 225 22 445 812 83
75 1038 926 1183 182 61 1030 25
989 89 58 171 1172 1075 113 1173
881 146 671 149 1030 273 1134 1129
213 196 217 188 991 33 1097 1146
82 1108 889 135 1084 93 1010 407
60 1139 579 962 1085 582 96 484
1157 210 833 194 183 575 18 98
1153 982 1144 27 196 167 1041 1192
159 86 187 1173 97 866 155 210
206 998 1089 214 167 141 918 71
136 118 353 1047 1125 673 64 1049
1197 28 98 1024 149 155 886 1182
221 205 138 1094 222 1200 146 53
181 1024 1153 167 827 105 55 212
1156 498 148 117 224 1151 167 733
963 92 176 1147 999 112 141 462
147 154 92 3 742 214 55 217
1032 1084 855 1085 66 132 204 1056
607 1027 88 733 911 54 179 1183
152 36 201 163 49 60 189 135
22 14 70 879 244 21 1150 148
1079 155 8 61 112 977 908 98
918 267 56 125 1034 81 132 97
114 712 224 99 157 719 1018 396
1077 2 177 25 180 67 1187 853
824 92 166 191 89 316 186 1076
91 984 1093 80 325 155 497 11
1065 160 26 97 202 136 137 56
192 207 1190 612 1175 64 71 74
689 1045 199 181 158 1008 42 138
1198 1193 92 77 25 196 75 89
13 222 779 1099 394 189 982 1193
1061 1099 206 116 66 34 86 158
44 952 159 170 958 90 962 87
1141 960 339 999 155 201 166 1141
51 78 73 98 1063 773 91 818
968 1118 11 1191 224 37 38 65
1124 401 900 537 899 1023 54 601
1016 110 52 101 49 920 1142 36
121 1158 747 193 219 136 171 179
63 1190 182 586 66 129 32 67
979 124 90 221 1139 993 182 56
35 121 1149 208 192 266 1067 146
107 997 424 1086 173 291 29 1194
293 1152 831 102 774 20 634 1007
974 218 1058 52 446 161 1023 184
144 771 194 761 1121 32 59 146
1022 158 169 16 1020 528 85 1103
1084 116 106 78 427 1061 1121 1140
90 364 881 73 200 882 88 940
6 97 131 191 1146 220 8 165
124 92 1185 984 185 191 1145 53
1026 120 215 21 59 778 103 222
1096 78 777 214 888 576 147 44
1136 75 64 20 893 101 145 956
79 48 1163 144 112 65 1012 204
209 4 159 578 1115 206 64 851
19 793 188 1110 121 102 36 136
33 883 837 48 1024 1193 741 185
94 134 718 187 161 201 1185 183
38 202 25 635 743 242 223 935
376 218 123 160 1139 1033 109 104
118 1156 221 24 20 171 114 79
933 141 885 137 74 52 175 877
103 157 36 161 150 226 156 5
4 1178 1007 640 152 37 39 687
77 732 156 159 29 1054 58 932
90 155 954 177 1083 167 191 176
84 85 155 59 584 1005 96 146
24 88 167 25 152 945 1069 701
146 76 109 71 198 196 1 930
910 217 96 123 45 170 7 1154
94 558 769 75 116 776 757 61
1154 194 1018 125 1144 201 456 483
1062 193 858 212 327 1010 55 39
208 166 754 79 217 215 1112 1045
99 16 173 185 699 118 84 1041
52 1032 100 1115 1146 46 148 557
1170 41 202 203 49 777 1190 46
189 1065 779 1187 138 221 81 196
214 35 622 31 6 366 1061 109
367 285 1129 202 1121 131 22 34
28 188 1093 448 834 18 151 1163
17 67 1094 117 1133 138 42 1034
33 22 10 193 208 763 152 215
702 1133 747 894 1176 126 570 1194
714 99 190 1080 172 192 60 1021
104 182 1145 219 927 1070 222 828
54 88 3 27 212 829 74 1090
1090 211 1006 398 824 99 204 111
1197 1107 1103 591 772 962 91 136
211 83 25 208 1036 82 1058 928
39 966 438 1193 29 167 80 116
831 143 766 1189 171 1177 1139 104
119 995 225 185 121 656 1101 225
128 1037 197 115 145 70 298 985
1181 1088 96 153 124 126 214 185
14 125 26 920 139 1091 961 102
592 573 32 87 938 64 71 834
122 968 191 1091 927 161 6 18
105 1036 959 1037 914 5 1 1194
796 72 1168 1115 112 1147 151 1002
37 108 51 72 51 13 610 101
137 48 226 1189 6 1167 1037 93
1054 157 17 1107 83 220 998 1084
65 120 1061 516 68 1126 1051 1171
29 897 222 127 15 112 740 14
559 32 183 883 462 834 904 97
45 511 741 132 970 527 200 1
116 1166 1185 129 383 180 19 219
216 51 184 293 177 47 381 923
837 1083 154 174 944 201 161 6
134 2 1191 987 1167 185 186 13
169 53 972 184 150 543 899 36
7 205 745 182 1019 10 76 412
100 894 959 1197 107 104 850 1105
560 1031 1156 107 189 140 137 941
1130 5 1105 115 163 1189 1122 110
836 1157 849 113 57 950 1112 869
219 1114 1146 169 943 208 1046 90
51 1164 166 137 310 1044 223 224
1144 42 78 971 167 1179 125 1003
163 30 1064 69 23 1088 208 106
216 120 177 1 100 128 1097 164
191 581 209 141 1192 1145 163 32
20 915 1179 117 806 478 1149 859
208 110 34 944 81 181 201 1073
76 154 1161 20 124 146 1100 170
1144 1142 1013 111 1032 180 1045 218
1025 1079 91 142 87 52 10 159
783 133 171 1008 224 33 45 98
100 144 1051 85 168 1093 101 81
22 455 41 53 178 189 74 21
26 153 14 955 1078 1048 117 657
517 173 599 118 202 91 38 198
136 929 1070 937 676 215 1089 80
53 75 1196 117 354 71 141 846
803 127 550 135 161 154 466 902
906 67 214 839 150 84 1035 220
548 139 760 153 1109 1042 137 113
292 1049 198 1165 163 7 46 218
188 217 639 175 49 392 94 544
43 921 141 1176 185 1080 52 16
100 172 163 674 135 187 896 93
998 175 1092 447 684 1109 211 968
221 92 1146 1095 1125 1104 71 125
189 65 142 75 48 1134 96 128
759 131 871 2 128 134 93 732
809 1047 47 311 1009 1040 938 167
917 122 93 478 1181 1184 824 1061
100 1156 287 168 129 63 1138 85
760 1086 329 138 81 30 97 123
167 1067 173 21 81 1189 820 690
853 103 108 287 75 219 203 386
3 845 1002 202 129 187 8 158
206 76 192 152 721 128 1130 133
130 82 3 137 23 1141 1043 1166
1045 56 134 212 949 207 209 1187
562 28 117 417 205 1146 1081 1114
51 1170 196 145 163 36 783 71
100 157 135 35 83 57 393 133
133 226 338 842 801 29 1004 943
353 1190 99 1074 931 933 890 286
70 185 43 194 30 144 3 1151
49 1067 1044 33 1198 201 5 71
172 137 115 148 1179 154 923 188
21 1155 805 46 846 1173 72 165
156 212 69 440 94 1 188 545
224 1027 907 118 54 747 115 61
1110 1096 1135 82 194 23 1051 1
218 1106 135 179 1083 97 5 855
30 3 1031 90 214 38 608 70
1006 140 486 154 1190 978 226 202
101 174 258 606 119 186 162 169
75 15 126 87 1143 283 97 66
68 223 1194 992 1004 121 421 970
164 162 1165 1044 1017 35 1103 1173
143 1158 191 1051 42 206 200 195
147 582 4 1098 1191 159 14 683
155 816 70 85 1157 151 982 39
218 218 1016 684 1156 1130 180 136
1151 1130 202 1021 1154 106 106 34
226 803 203 109 1184 160 34 39
1146 217 223 1069 10 666 195 53
157 77 102 985 224 78 677 122
46 837 1003 66 73 84 1071 888
956 606 1017 109 576 21 191 84
1000 39 153 57 553 197 732 160
146 189 208 790 37 39 1130 895
1176 70 972 213 17 126 1131 1197
144 129 38 94 1039 1030 117 792
377 84 44 226 483 659 501 190
50 239 111 108 204 52 106 1069
183 891 463 128 21 226 99 59
1135 1182 57 1048 27 68 189 708
107 165 28 850 101 1119 1002 1153
107 856 168 4 54 180 941 164
648 147 119 217 169 189 1115 178
130 949 481 510 144 108 1017 816
451 190 112 35 202 14 1169 1095
827 955 698 118 1041 223 209 263
65 197 81 68 143 1079 110 134
213 87 81 47 1049 641 9 248
166 1078 1065 150 64 162 108 1000
20 7 839 114 824 114 1198 706
96 180 674 107 966 205 121 844
39 27 28 17 1070 1022 50 589
6 290 42 1193 1089 1022 1161 640
136 59 169 1147 72 1101 193 1037
789 1143 27 1132 95 169 1052 4
95 1109 51 35 754 61 154 63
71 834 79 567 128 30 969 11
1116 100 56 205 104 573 26 101
125 125 505 109 48 1042 198 861
63 792 1085 220 526 226 665 1024
95 134 220 990 87 1163 35 829
1018 942 126 899 221 74 22 797
111 399 209 131 993 53 210 216
45 135 186 3 211 1075 223 47
341 1190 140 1001 839 220 125 29
1184 1053 1116 205 873 206 657 61
760 38 655 1169 173 1078 599 1
24 12 1056 1021 1179 1196 3 246
1134 972 10 219 900 1093 149 166
1194 993 79 608 73 893 1148 85
728 1023 1119 972 126 1010 1149 19
156 141 38 191 912 1136 531 932
86 1043 184 945 157 176 135 896
136 896 214 55 156 554 1095 111
956 210 83 839 203 133 1131 1139
1129 1151 23 90 1028 50 1046 1190
128 1028 86 40 226 81 163 24
664 820 170 55 880 101 249 140
2 72 214 78 1066 1135 55 983
966 85 294 173 750 202 192 193
129 38 1077 193 106 160 81 105
1035 1151 736 170 1030 92 63 60
89 1066 1117 71 167 434 98 979
215 122 217 919 136 128 906 146
38 784 180 122 180 314 710 212
15 911 985 944 118 1084 192 1130
121 1055 273 721 126 100 786 1170
1022 168 808 152 261 332 832 685
75 13 112 6 126 346 1200 226
195 1125 13 48 1163 179 44 86
1050 1042 22 790 37 174 158 142
175 29 868 62 225 132 25 149
90 1199 461 1117 204 1118 51 1076
91 210 191 887 76 680 86 598
197 215 588 218 166 1135 675 992
130 114 271 1133 113 1050 220 891
300 19 208 1029 71 93 1175 925
849 373 245 884 63 957 161 153
233 1167 902 92 133 22 52 209
169 904 67 207 191 1134 58 999
195 156 9 666 176 63 963 204
898 45 110 1079 624 28 905 203
27 173 118 135 158 167 132 924
671 1060 192 958 147 1 59 914
178 947 1009 904 94 959 5 182
151 167 102 73 75 187 219 226
216 198 1093 103 63 48 1133 74
1063 73 215 1006 190 909 190 1121
450 187 103 18 34 110 265 81
460 116 351 1059 168 1123 34 806
14 1181 425 410 1 1055 44 745
864 124 250 212 11 52 181 1178
998 123 1055 130 929 1041 1002 180
14 1019 101 220 18 1192 8 115
125 873 66 405 885 19 203 116
198 112 108 101 184 9 225 922
162 110 3 58 132 64 110 42
11 108 165 196 37 44 138 1117
823 530 76 203 181 973 187 49
221 1117 84 1092 104 76 1001 857
198 729 983 51 67 178 193 1060
5 319 1014 84 1163 434 174 196
883 907 88 99 90 122 1175 87
155 163 647 142 973 142 19 178
99 369 1059 66 7 912 1107 168
106 212 786 1100 913 156 217 124
220 1065 1033 372 181 1131 39 1143
972 143 1065 200 100 180 1109 148
13 6 57 80 180 30 1174 48
112 1016 66 22 170 107 194 93
229 138 183 170 609 1041 59 110
99 1198 187 17 100 226 761 198
9 957 84 1053 9 68 113 115
103 894 136 59 18 9 92 193
30 173 21 630 797 1032 78 1132
58 99 1098 126 164 116 79 100
82 721 950 29 1068 735 5 56
216 216 18 173 1082 220 67 1160
204 1115 944 198 1164 1129 82 1143
850 1010 1154 184 115 174 458 201
135 9 428 134 251 75 1063 917
185 1130 721 211 21 1107 1015 1099
265 844 33 1127 488 185 85 133
900 196 121 827 24 219 155 111
18 991 223 126 594 77 223 600
998 756 930 1098 727 123 154 192
151 925 1153 70 1048 88 139 349
150 19 861 178 1092 100 1122 141
3 797 1053 154 45 432 175 1171
176 369 1082 38 207 27 179 88
213 200 1020 205 912 160 930 23
26 109 827 12 467 5 878 184
178 150 75 45 1011 1122 23 96
929 1163 30 205 973 162 188 14
183 79 380 1159 173 965 1132 141
900 144 914 153 107 1009 977 1183
200 108 1136 24 168 141 1161 174
973 111 1092 175 954 1107 1029 781
387 855 208 133 1016 1119 38 1120
85 158 149 96 12 175 1109 183
29 148 113 51 122 971 2 352
641 889 1123 94 943 61 115 131
1064 49 636 199 1104 213 165 161
170 94 93 872 145 1199 663 173
1174 1093 127 829 171 40 1115 152
1072 146 1085 1064 1081 67 202 590
130 205 55 948 165 876 82 1046
1095 72 107 1114 883 670 1044 1064
94 897 642 712 70 102 1159 736
123 1038 128 574 149 156 974 23
44 91 1097 205 117 182 995 74
133 144 38 400 1102 6 80 160
204 80 216 41 162 491 52 1091
1132 1080 1183 998 179 41 1019 835
1067 841 21 88 151 207 18 34
49 1166 974 207 21 14 241 927
948 192 1056 1192 196 1172 47 189
473 121 1142 130 836 998 47 911
96 177 146 333 203 1128 1174 226
181 4 982 90 160 120 1000 1020
40 1073 34 753 1079 75 1168 804
61 44 818 170 113 121 123 1119
1087 487 147 93 7 1139 149 964
105 1034 45 85 1087 678 19 60
1042 112 154 55 174 225 8 178
178 1026 21 151 649 117 945 1135
34 33 170 26 173 1034 34 203
21 200 44 90 162 33 1030 83
1055 24 933 85 111 130 194 920
221 1104 410 83 1120 162 226 1035
86 79 788 213 145 53 1149 204
842 1032 76 94 795 216 1006 1111
934 1154 1043 627 1027 114 201 374
16 165 1015 1157 188 97 1162 1095
680 211 142 1063 599 204 1123 171
625 766 144 118 1127 76 394 41
199 15 28 844 629 39 872 216
139 1036 1114 496 106 221 1091 111
489 99 149 226 101 175 322 1043
175 1006 869 193 1142 1192 50 193
1127 662 91 629 1063 217 208 82
142 948 1096 47 614 898 132 187
181 415 105 46 193 52 95 6
169 58 183 39 354 158 119 165
1109 879 64 16 194 96 119 737
222 216 1070 168 1118 199 1175 115
1200 1050 70 140 916 1019 103 908
132 199 7 143 95 619 437 155
1186 73 761 10 560 47 137 29
336 524 47 995 20 202 41 55
113 1173 1084 734 32 167 198 18
1070 900 105 3 97 1162 32 64
204 4 137 1008 987 604 186 520
44 89 45 219 158 865 240 1102
1195 139 1139 1006 32 195 995 148
1078 99 1121 1104 199 111 566 1105
578 690 126 14 617 1051 111 56
973 1072 108 156 675 1175 83 1187
104 189 916 1153 32 115 166 519
34 110 23 2 187 223 971 756
869 1143 6 1137 731 567 166 192
1171 885 221 56 631 22 388 1019
905 1159 810 15 134 147 126 65
62 131 168 95 1199 989 153 684
1188 214 306 729 182 933 118 1133
46 10 162 33 54 1180 57 177
15 108 1106 66 1031 70 23 1173
137 157 1028 47 71 89 116 51
197 512 210 192 755 142 50 148
102 106 862 18 156 1177 124 817
87 108 1050 221 1034 879 994 1183
213 113 146 1016 100 518 584 8
160 140 1161 213 1011 1123 216 24
54 143 1159 28 220 61 75 128
17 40 25 532 118 61 196 216
1105 1155 1144 1093 142 98 39 142
725 139 556 884 769 1045 29 6
149 1142 1082 166 1145 150 62 179
61 74 1095 1151 851 194 1173 36
137 1114 92 189 408 952 122 152
121 60 41 4 1049 211 102 709
41 952 13 843 130 116 158 10
961 183 1057 1039 95 11 211 148
35 80 673 33 1113 1184 187 179
181 21 119 122 221 151 177 723
24 1028 1182 1172 77 1029 1001 104
181 160 44 891 1085 908 1126 159
1138 1025 11 782 91 359 135 134
173 693 637 1065 166 223 198 1116
41 187 175 999 323 1086 100 913
195 1172 1182 138 132 28 57 1014
101 998 126 100 1053 1178 83 23
14 38 121 1133 106 514 867 11
98 984 25 124 3 1142 214 414
165 561 984 867 133 110 443 176
93 96 121 185 110 77 4 1170
142 66 1149 59 59 157 46 168
862 182 213 179 13 430 114 171
176 211 1054 86 103 149 286 98
1199 151 703 552 916 1185 1184 166
145 26 649 415 176 216 149 96
853 1180 152 195 785 37 68 209
4 958 172 165 102 27 1134 216
181 51 715 47 1042 803 778 1177
187 69 58 190 1059 42 90 129
165 222 960 93 621 221 554 62
189 128 151 106 210 12 168 152
36 181 53 80 48 1000 200 1052
56 142 891 12 832 94 780 157
62 1120 1176 77 114 1140 25 936
1119 179 225 1021 151 370 1013 1057
1126 93 182 1108 73 41 114 199
9 173 1033 46 1075 79 144 639
97 916 117 130 91 73 171 68
168 901 200 52 799 107 977 69
1182 43 147 168 183 618 26 45
82 984 199 209 166 67 923 16
841 150 144 116 148 40 551 17
910 199 1004 704 206 85 178 193
1076 535 108 212 596 65 197 109
1152 173 183 1087 213 1077 1196 12
303 134 1009 160 19 1051 1078 760
17 1106 1085 1121 207 172 752 38
11 41 822 1009 55 172 1162 71
862 1146 32 139 987 411 10 185
1027 19 723 87 874 1198 1194 60
1048 831 335 1192 352 217 1045 1078
986 71 8 25 224 948 1152 61
1158 122 134 1158 87 40 172 159
439 24 159 168 7 932 79 704
133 129 96 49 740 1057 159 197
87 40 856 214 1120 767 1124 217
145 255 59 159 187 81 587 186
1036 3 976 149 561 84 5 154
106 21 148 1188 31 154 692 227
195 150 60 223 6 177 1178 54
224 973 113 170 82 127 196 875
947 110 1050 183 1166 40 74 1102
107 60 175 147 43 82 1037 982
134 1030 185 435 915 1131 1072 30
129 901 816 991 57 1196 740 216
726 187 188 1167 152 138 87 32
180 153 1108 33 101 183 1125 164
72 35 1100 724 557 1160 182 56
438 174 89 439 135 47 100 1111
658 46 73 1198 167 22 145 48
985 1078 217 1098 135 1092 103 156
1180 129 168 919 902 62 152 1198
