412 85 28 132 108 6 15 5
198 3 199 831 17 80 53 178
391 97 880 149 62 1059 171 13
226 108 222 901 104 336 1014 220
1018 36 211 196 128 184 1189 381
114 1038 90 94 886 207 89 1101
177 338 197 100 1044 186 130 22
1048 1134 101 161 132 956 732 220
1063 60 768 3 1 1168 1144 204
61 191 20 167 45 1176 1119 189
125 681 801 223 157 492 79 11
107 22 114 44 103 66 907 8
128 169 171 110 1040 41 543 56
217 197 122 44 879 181 12 73
1198 37 30 99 730 183 175 322
59 1011 442 202 41 1013 223 172
58 113 1124 929 1173 993 225 210
10 111 931 160 70 1172 1106 202
73 1002 868 164 122 82 982 1153
175 108 1198 5 1105 1 18 1133
201 63 1008 203 1110 8 24 158
96 1130 137 133 126 111 1150 73
2 1176 183 718 44 147 701 124
187 420 40 152 234 82 996 98
149 752 77 150 467 965 1144 183
752 133 1154 1030 35 216 216 1172
1 64 154 163 142 1185 4 1044
1041 112 969 75 163 111 39 220
125 1198 154 9 7 193 66 22
1074 972 154 223 36 129 112 950
128 1021 1114 170 1199 1112 59 39
1114 1168 1137 4 96 68 168 368
125 49 198 1082 1064 10 224 182
2 107 121 1106 165 39 188 95
7 212 209 150 887 98 100 8
305 204 86 772 417 224 21 733
180 965 173 191 195 984 1170 976
164 1072 729 42 1037 49 268 118
1188 903 24 1083 785 979 1200 37
34 195 62 832 129 173 199 191
825 1114 1034 96 600 1111 12 56
746 32 158 221 59 1183 46 144
42 1175 41 124 641 50 105 931
224 1024 201 393 190 146 35 59
418 67 91 116 1085 444 1045 143
866 819 15 94 1048 751 575 1083
62 1126 1076 1087 544 223 176 145
48 127 117 716 1150 36 38 113
75 993 83 122 900 171 58 7
1178 115 158 35 99 29 715 182
844 189 162 283 18 55 54 152
1180 15 925 192 1199 58 193 89
211 568 51 175 117 206 189 1171
523 92 189 476 961 161 138 85
102 154 2 215 9 116 1068 114
47 64 1016 101 891 180 115 1070
156 58 162 196 168 1063 144 152
1016 1059 1137 918 161 1200 185 130
313 1054 85 214 59 1116 61 1007
136 137 993 1101 214 1094 31 139
188 1169 1121 50 169 75 99 83
178 130 1083 425 956 468 73 48
761 9 68 131 77 105 179 513
231 286 3 109 94 5 38 208
158 208 106 723 226 1028 379 118
1089 1195 1197 1107 1116 45 103 1095
208 1020 126 1061 73 139 978 115
1070 1081 1156 46 838 125 216 24
123 55 9 88 60 1106 1058 897
122 163 152 139 1195 215 119 697
1184 52 152 137 58 10 45 390
409 27 191 161 13 203 187 11
98 115 755 1068 155 745 199 1150
1087 704 1192 18 1138 116 40 113
39 63 81 94 66 1091 984 197
1038 72 978 150 206 17 168 1188
1124 74 183 356 834 83 124 160
180 157 209 305 221 414 1127 150
1139 87 17 194 740 194 133 1051
75 142 16 1118 55 216 119 1138
83 486 1012 1182 1091 133 42 42
52 62 911 117 77 64 49 187
1196 1170 484 1040 187 1189 92 1088
151 208 98 215 97 104 162 20
746 67 130 199 217 416 256 626
846 1193 1174 428 172 51 1033 1083
112 159 829 66 76 909 1004 1167
114 690 1001 100 159 104 1178 173
210 839 955 1140 6 4 817 181
1141 4 41 407 1023 73 1123 146
32 98 1171 64 34 655 73 123
294 143 141 772 14 1163 1059 902
155 1015 170 41 2 1018 201 12
12 1042 173 638 109 1152 203 115
1111 351 1097 194 1039 1017 150 1130
187 46 123 1152 145 158 38 1086
74 55 752 116 817 83 146 44
14 59 138 18 92 50 1192 34
90 66 967 108 1097 6 206 192
658 461 148 269 190 999 49 79
168 33 216 932 159 10 154 114
224 66 1199 222 173 268 43 184
965 89 1131 709 1049 178 224 1089
150 964 197 1008 118 127 82 28
173 245 118 1046 626 45 46 1090
122 138 772 190 1 44 189 113
631 726 220 201 174 145 941 76
11 97 459 187 202 247 74 195
1029 61 66 168 735 140 810 218
1142 387 405 85 1077 25 35 1164
149 1149 139 1181 19 190 668 178
1158 458 1197 104 490 200 852 35
76 189 29 714 214 860 85 52
125 101 66 128 87 7 172 734
1160 120 225 987 1119 581 1023 206
139 340 972 837 21 840 213 79
1118 60 584 769 160 174 212 77
85 1111 46 25 83 136 13 160
804 1019 127 166 86 1172 668 1160
1163 26 80 394 1108 1050 179 187
112 708 1092 1143 954 134 161 217
1103 1084 999 139 161 997 224 87
11 1147 2 133 23 169 71 198
175 150 191 62 799 83 42 132
1098 129 1038 1076 80 112 210 155
55 526 100 111 187 149 827 874
64 1051 10 1192 134 65 158 197
508 940 691 148 1011 1144 754 135
59 1070 747 465 200 116 101 233
57 26 120 135 184 12 71 1170
1129 1070 1156 206 1123 1162 580 33
110 1199 1012 213 940 897 1119 165
738 535 958 214 51 43 166 451
1014 58 1095 150 155 79 92 94
81 541 154 649 701 99 58 36
1157 101 212 169 467 17 225 84
75 113 125 1180 578 483 1092 1137
191 1154 48 115 1125 969 1192 1
53 1072 105 1166 29 1111 3 171
1086 156 164 193 117 125 202 205
135 386 93 161 1144 260 15 226
89 205 53 35 575 355 1179 819
789 189 187 115 83 919 1143 83
39 171 1200 85 28 13 207 1063
694 1123 195 1052 226 617 20 1165
170 168 103 752 212 161 89 1034
1037 1107 127 195 757 141 65 18
1172 137 222 161 182 217 79 1026
1051 947 54 1 592 101 4 171
78 10 123 822 18 3 174 21
1093 116 167 360 49 66 1044 190
194 49 122 15 15 990 839 77
750 87 883 13 1158 989 635 749
882 532 194 152 1148 221 56 1050
1067 108 74 195 210 37 152 68
108 502 1084 41 1096 199 148 1073
89 953 26 151 116 197 148 215
1174 1 162 79 60 225 422 27
77 187 94 116 207 92 133 1065
88 977 85 1174 1166 1163 23 185
946 46 98 1003 192 25 887 73
46 74 185 181 213 1016 297 176
166 103 47 78 220 94 151 922
585 1109 5 384 213 1102 1164 437
54 884 30 33 1072 221 915 201
144 196 223 106 140 1055 126 415
1191 541 11 104 209 774 92 1033
227 1072 972 62 125 320 166 1009
126 918 91 195 112 179 163 1003
813 1108 29 131 1039 139 521 501
190 1023 994 119 428 1056 866 5
198 205 233 223 1131 1018 900 75
132 1152 1160 1099 226 1200 24 69
211 87 112 28 75 130 993 1147
1175 166 1134 861 105 964 6 149
22 663 159 887 142 833 1025 110
191 6 166 638 766 126 5 199
706 651 221 8 378 1142 716 875
4 69 225 1 685 54 501 87
134 64 51 1187 843 9 44 140
150 1195 200 97 186 57 86 183
219 2 130 97 353 97 1124 225
16 218 1179 84 184 846 502 637
849 1080 1111 24 324 183 214 542
919 673 381 1069 165 1040 1140 100
172 1068 361 1068 217 1149 903 1183
785 12 79 128 158 1178 1048 47
1129 95 28 175 252 76 1152 83
1189 94 9 199 457 42 188 146
159 214 899 222 765 88 1031 737
34 1 155 115 1079 142 1088 947
207 873 30 1083 52 193 212 119
860 111 222 69 137 207 151 553
190 726 8 6 212 72 113 953
136 1033 1077 40 1167 1014 1054 76
1088 803 6 769 62 81 1 1170
154 1070 99 111 47 142 66 170
126 927 131 1187 426 78 19 882
229 219 1184 171 275 190 94 23
615 103 1164 666 853 54 157 131
74 87 1080 173 716 1009 1022 763
147 339 190 1193 27 979 70 137
1047 506 195 120 77 67 930 840
7 107 1021 516 134 58 145 1103
913 827 1094 219 1102 116 207 171
55 1171 894 140 1059 6 38 899
204 142 318 129 621 912 199 82
96 1174 178 729 1139 1151 1031 201
1020 922 135 951 86 193 123 705
26 1197 389 413 944 92 1157 478
93 191 968 848 224 64 38 147
19 827 1045 171 183 84 189 697
60 119 1156 886 1174 140 96 171
85 146 1141 531 1025 891 193 436
36 190 206 555 161 42 4 1020
182 1094 94 117 931 96 34 798
1099 153 998 1024 45 26 184 103
80 125 322 1118 163 165 1158 639
215 89 581 1123 1115 180 145 997
188 226 277 401 107 130 376 768
1086 42 178 133 23 682 612 73
202 135 850 91 549 1195 191 90
854 139 766 145 1151 111 133 47
1180 1189 101 9 1027 1200 113 253
78 108 732 287 948 133 135 222
88 582 110 21 1163 676 41 267
75 170 16 1172 956 1101 24 149
117 206 1167 91 1029 16 1125 434
1142 87 61 167 1156 68 181 53
831 957 82 171 278 79 958 957
447 52 1178 936 53 1052 758 63
1098 9 102 39 56 78 29 142
938 124 82 101 14 1 202 573
116 954 62 660 1125 151 34 86
818 1161 1134 114 1154 1141 935 171
33 902 220 121 826 622 1037 69
130 1103 1118 74 1182 686 1091 590
34 1127 118 32 1152 510 998 1140
557 184 1179 225 1127 85 224 69
13 150 193 849 439 61 899 155
30 212 152 852 55 125 615 19
81 45 277 159 896 188 65 24
55 1054 59 103 1053 1063 178 156
158 536 152 51 746 110 156 58
138 104 106 50 878 132 45 970
24 1064 55 976 1020 110 209 24
1023 181 178 179 30 1164 153 17
1075 190 14 142 741 448 1178 1176
1188 8 1140 1125 4 218 1199 165
126 1151 765 627 143 1105 61 796
155 1035 1022 1050 1055 5 982 1135
128 84 18 612 605 1083 915 86
143 1011 89 164 39 380 455 4
584 216 150 985 875 980 28 753
26 1068 832 1128 226 1086 1066 1089
1162 122 1062 866 147 358 826 146
114 967 1130 123 27 150 907 1045
618 129 151 212 1005 47 135 1133
1197 161 1148 89 199 135 136 941
1160 184 161 134 220 1035 125 179
67 1172 49 198 124 110 1007 1120
166 1179 107 773 913 75 2 116
790 135 1065 118 868 985 713 175
92 1175 986 1018 162 93 1075 1165
72 1005 134 196 128 1065 173 983
221 189 216 31 856 76 192 122
122 12 158 82 1093 1062 888 134
163 1182 1199 123 137 1192 200 1015
48 94 52 480 189 114 191 44
43 521 798 92 90 72 72 204
1124 704 44 410 1132 165 136 1154
65 1184 41 33 130 1140 157 147
706 1105 107 460 1169 210 31 1003
33 176 2 23 1089 1045 78 1130
172 959 211 200 1012 859 908 134
926 466 82 802 1081 110 116 146
1116 832 194 109 96 1072 1121 22
217 118 1054 197 114 194 198 851
749 106 98 242 975 529 183 962
103 7 1194 1120 667 853 21 148
149 1036 108 66 11 10 7 1185
182 1016 219 160 789 97 1033 118
1139 67 559 649 33 13 72 693
160 91 1049 120 26 165 190 393
835 109 107 141 591 89 723 733
166 134 1059 32 1066 1132 944 558
1166 1195 75 69 1111 312 122 220
192 1104 177 698 205 566 786 46
62 128 162 1032 157 185 1056 829
181 1013 1031 254 1112 211 1012 36
182 132 25 160 113 49 69 1062
1191 152 214 148 26 884 648 1139
50 163 228 48 200 50 1175 750
188 864 540 316 659 13 1186 99
215 79 728 36 1166 1031 29 522
219 1146 688 220 75 170 8 34
11 164 1006 55 1046 106 21 23
186 27 164 21 192 188 21 654
1063 1149 1091 1123 274 1044 852 48
1009 935 1058 821 25 1038 9 1092
1154 188 70 99 2 74 20 4
132 28 1159 67 1161 146 150 77
1100 583 131 50 82 13 700 213
120 328 606 725 105 105 93 207
98 240 221 129 174 1077 29 860
11 915 123 207 1072 8 49 936
1058 1147 759 190 524 1146 220 1114
191 157 83 1091 125 173 590 120
934 1023 94 1175 136 125 52 197
225 161 154 1013 988 199 1198 418
95 624 1162 50 97 13 119 635
114 64 176 1111 11 45 735 101
1188 109 505 69 207 218 186 1
215 1024 624 1035 69 216 195 1057
1089 1102 1176 780 184 53 224 1117
7 38 1072 79 1183 172 48 174
1037 205 96 13 1070 464 743 664
158 557 94 2 443 74 47 1048
1099 1129 68 127 43 1142 119 125
214 776 598 310 1099 99 334 88
161 298 178 994 1136 1001 150 14
66 586 19 1039 1199 7 41 31
532 128 139 225 184 121 171 1137
811 822 876 734 88 283 992 188
38 1023 136 1081 1153 175 1087 221
1186 129 175 1132 3 1030 174 751
963 10 69 146 54 25 1110 36
77 103 89 1196 836 150 104 131
39 204 38 61 1192 881 1120 1171
385 890 1128 979 70 1177 905 649
146 93 137 193 952 838 116 58
59 1007 559 509 201 893 88 159
806 60 803 207 119 118 902 1083
193 48 1194 126 163 589 58 35
736 804 942 128 59 74 21 1177
1040 216 74 157 155 165 77 24
150 196 1175 140 922 1118 932 1104
96 1113 132 463 955 86 1144 16
1154 168 66 1183 1132 797 1068 192
152 888 883 174 121 175 73 187
68 1099 117 115 64 57 52 41
139 156 367 9 42 1035 81 1025
170 110 209 688 26 652 987 30
391 51 185 89 200 221 31 152
70 983 225 21 154 23 332 1023
1097 164 1157 1071 657 209 78 655
179 90 32 206 929 186 1005 100
892 154 49 146 1069 870 349 118
1156 102 329 231 19 1055 1099 1
115 214 32 206 405 1145 133 15
5 841 145 1071 974 1019 1023 1025
137 377 191 56 1125 188 1032 204
62 45 53 102 368 129 847 187
145 624 53 126 45 106 1184 168
20 105 102 214 73 32 603 1005
984 1127 36 178 123 185 771 9
110 210 116 215 31 534 1134 213
188 219 272 105 184 771 195 1196
92 135 40 19 1090 202 1191 319
145 14 5 942 1135 883 8 184
1008 172 97 1175 627 1167 245 326
129 72 163 1157 210 102 156 828
198 1095 95 1169 6 966 129 833
1165 174 106 200 71 97 1112 81
494 606 930 138 220 72 165 76
872 1009 74 843 1182 136 134 195
101 1137 628 1021 1102 211 147 188
1 1196 223 804 992 72 27 90
587 79 552 188 1028 863 505 1070
52 146 44 710 92 20 141 1110
423 162 807 1137 174 188 82 941
198 186 58 226 1042 856 933 836
107 696 201 69 1076 50 99 98
155 877 901 67 150 1032 112 265
582 90 1091 1154 793 54 43 308
201 1081 95 160 220 1200 146 1026
783 112 1099 18 177 962 7 59
144 224 1054 916 138 762 41 61
155 2 132 357 394 9 99 1133
948 18 34 214 91 175 1165 503
815 476 167 73 61 5 124 639
988 204 998 1200 112 64 51 1149
1046 51 24 919 914 34 80 42
25 196 1172 84 25 1055 1146 24
13 1006 985 48 825 990 1003 1052
647 208 134 1013 10 35 25 397
142 68 144 65 107 140 1045 1089
169 224 156 1000 653 207 162 63
1155 910 122 41 179 198 79 144
1113 120 6 351 561 165 49 980
1163 132 201 8 41 224 1150 37
1113 96 26 108 90 129 179 1165
72 730 369 900 1078 186 1079 32
314 1157 1117 1190 1152 199 18 805
133 166 514 1160 619 111 877 207
46 1117 1077 1181 1096 736 180 758
140 172 1156 219 29 795 206 370
1029 167 1186 94 998 1143 135 517
72 131 24 963 76 51 522 239
158 24 1062 153 934 170 168 153
485 194 84 216 775 185 137 39
64 12 983 143 1022 1001 1181 589
1062 625 1042 1024 209 1093 603 182
1191 128 90 89 51 1150 85 217
874 1100 983 49 387 809 19 951
961 1127 1086 101 126 161 226 93
890 22 1116 1004 1172 869 1067 103
206 778 65 1039 172 129 206 186
902 974 200 105 13 1094 104 218
14 950 878 1197 4 1076 195 1054
10 180 204 205 1181 107 56 550
1139 56 113 1154 644 181 66 157
128 126 93 176 1175 1194 141 60
567 151 759 51 44 143 193 18
690 93 81 197 15 144 1042 92
562 42 17 181 182 950 1131 940
118 462 186 225 145 1124 159 202
1110 51 61 222 14 16 825 421
67 173 58 1151 67 15 127 166
961 158 1063 1056 36 1014 577 1074
62 1053 133 52 1189 34 221 1145
1200 93 1178 152 479 40 764 1133
100 142 149 1161 970 8 609 871
99 69 98 8 107 1038 15 389
644 109 214 42 212 155 1058 118
186 177 38 629 1059 10 1093 215
112 164 835 1057 148 1096 22 114
704 1145 141 950 767 51 90 121
999 100 226 197 181 177 856 23
1193 11 909 70 177 708 113 1186
1155 173 1107 122 1017 179 156 37
725 19 1079 225 107 429 44 978
537 194 246 1155 91 968 933 1082
220 49 741 1141 1059 83 7 916
1013 26 100 211 74 167 954 1187
10 491 98 849 87 189 95 82
161 171 97 842 72 270 315 9
9 1060 16 49 36 203 807 81
1029 114 50 60 864 719 1196 143
1169 107 152 133 456 1059 894 164
969 6 145 181 177 888 180 1199
121 1120 818 1169 1066 109 1034 842
156 132 223 139 713 1026 127 101
1051 71 978 131 101 188 1043 1054
787 56 93 114 874 222 1155 135
597 64 122 1181 1071 371 159 934
606 113 216 10 1066 1096 212 867
662 145 37 74 21 1176 792 13
203 75 1147 144 170 106 141 1104
167 1141 181 1104 5 116 135 106
156 96 86 155 111 155 35 23
78 83 210 1164 144 94 188 1159
94 947 33 1103 906 152 15 442
808 117 523 793 1127 982 61 462
666 533 221 70 123 29 3 151
169 1074 8 226 52 86 226 674
104 576 102 1158 218 179 614 132
26 155 223 844 863 10 194 3
185 23 1007 225 589 933 62 1189
1026 146 25 77 1136 1032 864 25
857 773 93 185 436 44 263 121
23 169 215 1096 8 153 187 122
1192 1164 56 138 219 109 399 154
1093 641 5 12 191 70 126 55
170 199 1194 109 144 968 383 1094
1088 1082 29 5 896 853 480 30
760 1040 186 1128 146 64 40 96
144 76 127 59 530 224 973 940
1166 152 28 61 146 949 119 438
28 186 830 507 135 1084 1078 908
6 14 18 1102 936 1176 837 599
1142 25 873 124 26 47 207 138
204 19 683 203 87 87 1170 257
43 91 110 179 1070 1109 137 121
10 209 90 961 37 203 149 108
141 982 109 84 1187 87 52 790
82 1195 995 138 1049 55 210 548
169 188 176 207 71 204 70 923
58 1125 181 70 346 1112 213 47
99 1049 1200 100 140 160 452 359
1148 750 117 20 130 1193 572 195
1146 889 727 1108 184 170 119 1092
182 921 145 143 9 695 281 1067
35 151 177 630 138 97 222 107
722 34 218 153 94 1101 642 217
200 1117 1027 612 1151 65 29 1162
89 165 1177 82 199 88 49 120
33 777 86 1051 1178 71 578 1136
39 661 999 861 1031 96 176 926
799 21 208 36 144 639 13 69
320 1025 135 187 785 141 6 698
1034 947 1013 197 155 433 825 163
181 331 130 140 737 126 748 47
215 1119 1007 154 577 657 70 43
1122 12 726 447 1073 16 57 896
835 1113 28 131 1175 28 50 225
78 1198 396 128 194 274 104 209
1069 1098 1180 200 23 8 1171 218
91 177 1034 55 796 181 1058 5
995 1160 9 184 35 1128 858 974
1018 8 15 132 196 7 46 123
96 82 121 989 52 59 214 98
1116 1048 195 985 149 186 1108 52
769 856 818 990 82 139 1153 145
189 114 202 1052 1025 1177 845 68
178 614 209 1015 101 56 1165 200
41 851 1077 1021 148 165 196 8
1068 160 5 124 18 111 132 831
191 216 917 59 49 1053 110 144
106 100 52 1091 757 1032 30 971
1149 15 65 74 1110 41 1193 72
44 222 165 1048 86 35 1057 36
80 57 205 166 201 223 722 219
136 1058 199 71 349 1065 12 1166
124 871 62 636 1000 198 863 878
105 126 69 186 1180 1089 135 119
1075 1037 205 104 102 79 63 147
210 120 157 1175 26 123 1015 65
219 16 1101 26 51 907 740 78
724 788 969 591 1057 131 1151 1137
643 32 84 759 160 120 36 284
202 685 939 22 166 113 1122 154
193 99 1140 1180 163 183 218 225
929 174 999 712 70 279 182 138
382 694 114 1147 92 160 1036 490
50 12 150 92 139 1167 17 47
1024 1075 1138 203 108 213 81 984
15 150 134 1053 163 129 151 1182
296 98 1195 898 88 172 220 50
33 1182 183 1016 545 78 5 1002
102 45 147 115 154 30 1081 225
101 361 1154 226 139 20 82 190
162 17 81 1175 49 766 90 149
73 1158 162 224 1156 95 236 1129
98 84 100 1148 222 224 98 147
138 715 1186 930 49 58 99 93
130 116 87 784 1071 958 549 156
877 57 2 925 931 1113 498 1163
79 112 102 951 967 130 1124 1006
107 33 156 149 1114 707 207 856
692 216 999 149 88 952 26 104
109 225 1014 177 728 740 210 22
58 84 776 139 1195 1083 14 923
1100 53 185 1004 29 995 61 99
1125 823 172 1134 20 72 162 1064
420 81 188 226 68 220 373 80
281 48 203 728 344 43 848 1008
966 141 30 196 102 37 147 941
52 105 139 1048 178 27 93 62
587 1019 119 15 960 1199 123 146
1000 217 2 204 1009 45 126 1174
144 219 1125 790 183 1 618 1173
963 20 141 104 220 648 973 176
327 208 128 196 1074 195 135 1103
992 1069 5 202 784 31 547 1104
122 1123 976 47 77 156 215 152
867 192 217 129 159 113 80 96
1179 1115 191 94 137 1044 23 1158
294 196 713 515 203 187 3 45
468 1153 15 197 987 94 837 181
192 212 71 95 127 824 1029 162
99 618 1198 952 201 189 29 23
1007 1040 358 122 169 137 198 191
151 892 37 1060 774 253 53 51
291 960 959 12 58 672 201 937
148 156 636 201 741 1083 76 1009
196 67 162 57 138 646 1082 83
525 851 193 202 435 1117 115 1111
895 1116 77 121 202 1128 15 84
183 1137 78 136 58 97 225 1128
168 33 964 148 13 189 475 141
1000 762 61 1148 78 911 837 1185
1153 105 189 143 1145 157 227 205
37 65 54 1042 538 1093 83 739
1148 136 168 471 197 129 127 996
120 944 57 115 252 73 1157 117
9 192 124 997 96 1163 90 1074
208 1124 95 677 1077 8 105 1130
1081 181 23 103 210 222 1104 1198
75 169 669 1076 1185 984 928 989
891 955 565 1143 201 1190 166 71
172 1012 22 1010 1171 109 884 1002
1025 164 37 1006 95 102 202 971
159 178 1105 1152 1062 1077 304 180
1000 1147 122 35 1084 179 150 87
192 163 160 1182 683 82 594 1174
1184 158 908 36 617 189 1119 1098
1136 181 30 43 68 538 881 846
19 179 143 1012 1168 77 503 732
94 173 163 84 51 210 1043 209
1159 731 220 1127 106 19 64 334
193 15 120 153 1063 826 1150 1124
851 79 970 217 1062 77 996 140
42 1017 1041 28 946 203 48 744
181 344 157 1102 765 875 129 53
207 57 148 1038 1022 192 1108 185
174 219 1122 722 10 860 155 586
168 834 217 1169 1022 174 75 602
213 1191 209 95 218 170 52 335
40 1058 18 284 280 184 48 179
