146 10 122 129 125 114 24 99
1147 196 1191 174 508 45 1034 128
27 124 1000 1187 178 180 219 113
176 544 935 1072 68 1029 38 124
55 1171 40 1025 13 136 903 12
207 129 1041 77 1123 984 1010 82
153 852 50 24 854 1016 175 86
160 41 163 216 49 115 205 970
269 225 17 185 143 155 52 1186
903 936 992 150 873 117 1000 162
56 197 460 929 763 919 186 113
174 1149 666 39 722 810 95 212
224 1027 130 1067 108 572 1097 43
741 48 122 219 1170 98 79 766
1008 882 105 712 1061 535 1169 206
124 124 215 107 116 195 837 574
43 66 70 195 1088 159 69 1008
790 44 83 911 136 224 899 1104
154 208 114 154 1153 158 114 1123
218 115 1015 72 487 814 92 110
212 129 17 153 307 170 163 208
938 276 782 1171 134 164 143 713
143 916 1153 13 1088 141 1103 89
59 1078 176 54 168 213 125 104
30 323 769 550 162 106 682 134
39 1137 95 184 1126 183 1038 604
1086 1196 1135 184 900 72 153 74
36 909 85 727 196 1131 31 84
1154 1164 953 828 933 805 211 54
1090 14 1078 967 16 506 555 1186
172 567 177 749 1098 209 193 1004
160 111 1147 52 131 1153 11 25
32 183 47 51 853 900 1000 122
1047 933 62 21 1173 968 926 16
33 223 167 7 1179 207 147 597
1114 71 54 1112 840 701 10 413
161 1167 1180 1177 1138 634 44 13
879 82 660 1101 1048 41 56 1183
23 42 89 1064 32 108 33 95
194 1148 135 139 277 1038 1153 198
1065 1131 195 1194 1164 1 1119 72
225 1133 121 166 138 51 10 1078
967 1107 151 193 59 896 140 983
19 1158 279 223 148 56 382 891
1165 1131 124 189 20 52 833 147
185 376 221 62 804 491 1002 1012
1048 129 219 732 1013 125 153 161
900 324 481 226 1124 212 67 11
193 1027 94 4 989 145 1124 140
1014 1078 1076 812 98 189 155 126
890 171 201 177 1009 913 205 42
918 191 1028 148 133 1118 165 195
15 161 163 1033 1114 670 770 25
98 1189 49 1091 166 71 528 139
1120 1 453 2 8 13 15 103
1199 193 1030 34 522 16 59 841
6 872 85 199 87 183 58 705
428 236 126 103 1042 272 32 804
1169 102 140 1116 791 50 1153 1063
1160 186 626 860 172 171 900 56
960 199 75 10 1183 204 176 917
95 57 168 884 87 1179 750 64
195 179 517 806 1170 937 783 28
160 147 1082 948 117 22 52 130
1066 994 52 34 1189 21 77 33
95 211 28 1197 1049 56 132 222
1146 164 53 203 48 115 89 145
929 1045 106 143 874 37 848 164
1003 374 819 211 738 209 770 103
64 37 20 1185 104 182 45 102
231 836 155 1196 1046 237 804 112
5 1049 105 126 204 2 179 215
188 113 1025 165 650 121 92 1064
1008 96 713 204 196 1126 385 100
151 168 157 154 178 927 1144 1183
127 1058 116 202 222 1033 29 622
143 910 55 52 22 1044 1172 1145
1093 193 1105 1094 130 129 1133 183
33 8 120 205 224 595 978 1151
92 100 163 225 319 119 212 155
138 115 896 96 872 136 143 157
197 178 92 187 747 28 396 845
93 82 1088 1188 216 61 672 1189
73 1132 982 25 883 99 149 226
40 1154 746 107 6 1021 226 832
11 156 47 27 54 19 829 123
36 1023 138 192 1035 1073 152 893
219 42 1063 142 52 851 68 32
128 183 1084 1021 197 987 119 25
429 215 116 134 355 200 110 58
38 698 57 1183 201 819 65 1111
636 6 38 93 123 825 189 39
1127 42 835 1079 999 946 952 60
153 204 49 922 87 80 86 754
1129 974 326 1140 35 66 26 972
191 1020 189 928 1090 154 121 99
52 220 192 212 72 185 1050 1168
1117 72 1023 13 956 976 154 126
47 13 217 1027 1090 111 659 1160
170 11 1161 70 790 14 156 74
1039 1189 24 121 112 190 950 63
105 193 49 2 1022 496 996 80
1166 1097 172 46 647 47 204 149
201 9 80 89 755 86 755 224
1009 90 28 1089 75 211 120 167
189 1113 852 40 223 171 93 1136
157 734 325 851 578 1074 3 6
6 1083 416 745 49 1124 32 873
816 865 1175 203 1175 1004 955 908
221 132 597 748 145 190 202 40
1166 134 188 81 1171 16 46 30
195 470 146 153 20 211 1127 94
162 111 70 655 161 204 225 118
1153 17 933 92 103 196 1195 175
35 898 620 216 7 1094 96 91
1059 29 1032 846 82 95 724 1053
305 676 1 187 70 185 184 1034
1126 902 144 619 195 100 119 1182
177 185 1021 516 203 209 165 238
162 80 9 1058 1195 1105 55 1176
1051 445 125 1109 34 142 213 983
39 98 1136 4 184 140 120 139
114 217 205 10 889 919 2 53
155 981 84 158 1025 753 135 1174
1000 1183 1024 221 839 935 1138 2
81 133 210 856 214 192 810 196
87 1145 630 15 224 1098 144 66
47 1045 947 880 177 1183 158 575
84 1057 219 1062 35 646 26 148
955 86 154 199 833 1174 1035 180
616 1095 1133 73 120 1085 739 767
141 1122 1028 65 1074 79 1095 1103
194 1035 90 12 663 119 848 1012
1163 187 93 198 73 201 106 153
942 161 78 809 1143 223 166 1136
106 199 781 75 822 93 752 1059
149 178 907 910 145 130 426 187
44 589 198 112 130 8 863 1146
124 15 1179 180 181 174 627 180
541 59 1156 1149 15 149 826 1148
21 716 28 1000 61 775 139 1039
122 996 401 993 93 59 63 167
1141 138 61 207 95 186 118 1104
18 1061 73 37 192 1147 42 80
3 50 33 362 111 17 392 186
968 103 33 187 193 210 1137 123
82 173 18 874 185 203 205 32
27 1073 79 58 88 135 121 146
608 66 125 27 31 369 65 1096
1107 72 23 171 14 155 581 608
2 1118 197 1161 193 124 104 111
322 1059 1073 113 1056 993 933 139
209 908 1070 720 201 33 142 26
63 1158 164 210 139 171 80 1023
31 87 74 941 99 72 168 226
135 133 64 1133 456 495 1018 38
137 199 823 1171 407 101 1003 752
54 48 184 537 54 123 226 53
169 1077 934 9 1175 973 96 930
1165 206 93 162 87 1094 1094 58
198 115 212 108 1168 188 105 117
168 408 180 62 546 220 771 225
77 96 387 174 217 31 1152 93
994 66 92 212 79 175 241 115
41 74 156 1093 57 77 128 1098
171 987 1113 897 185 39 684 197
196 1007 63 348 86 219 198 87
519 200 872 144 126 390 210 164
80 124 23 122 996 137 641 1136
565 1178 52 887 99 152 173 90
2 177 904 752 191 213 1132 41
438 58 399 212 74 76 127 296
1003 194 118 172 1019 1143 1113 209
686 7 202 56 103 1066 112 1046
468 222 81 188 111 201 695 1013
864 764 1057 102 131 576 714 136
598 994 1146 692 201 61 203 353
1175 93 654 1190 95 171 163 98
725 175 222 188 907 19 22 178
923 76 113 9 63 188 122 118
107 86 450 876 77 98 984 89
156 1155 161 76 146 136 1118 405
141 45 750 288 128 1031 1087 62
729 13 133 136 112 164 737 88
220 333 340 2 344 152 193 1182
1092 115 121 31 200 761 1011 106
193 225 219 162 1137 1114 57 170
194 45 164 170 1061 1089 206 744
169 175 965 53 113 121 951 213
126 17 131 48 1059 1190 16 246
185 51 56 748 12 104 97 27
989 1046 182 64 1137 26 190 154
101 61 760 982 811 1042 18 40
1045 104 699 143 1009 1077 214 106
4 1020 918 968 678 212 207 161
220 845 188 1105 70 99 862 251
1037 101 907 988 1006 80 170 210
1089 153 97 222 205 43 224 157
250 105 145 144 30 1178 1090 363
90 1085 75 139 85 94 40 254
943 67 33 39 73 1058 221 832
1 178 62 914 302 203 931 529
190 193 25 107 1118 125 192 18
1145 102 224 28 1101 126 122 1050
1197 62 174 126 28 1133 174 21
220 131 1079 8 98 404 128 974
525 81 217 104 621 867 1156 1197
117 68 3 63 1061 1092 988 36
100 155 148 736 134 63 524 1116
194 104 144 178 96 993 110 184
1003 976 1194 226 218 108 1031 218
112 173 1174 181 1094 79 203 890
1023 1191 81 1173 881 1111 1100 1200
107 399 166 24 223 1008 33 107
1014 742 1179 842 75 135 457 29
341 109 813 225 954 38 193 1057
72 496 224 98 35 194 55 706
220 139 1103 179 1074 1120 1153 191
73 163 23 806 44 1178 83 1036
826 798 1194 1162 201 36 1096 614
469 1016 1013 1144 40 1167 186 20
214 1021 1168 175 198 100 1180 53
839 91 165 1007 763 469 114 167
117 3 1152 1058 131 83 93 42
1184 187 167 983 190 904 870 39
181 807 102 987 90 135 1139 70
1144 1197 174 196 135 937 275 149
266 1133 211 80 1139 176 111 1062
189 923 520 144 710 214 1003 178
23 215 139 1063 379 932 147 1118
1096 167 38 1001 656 144 224 126
129 1086 118 1001 1080 117 180 97
4 268 213 616 339 278 829 169
13 101 856 156 850 167 1 591
16 184 220 999 95 17 122 145
88 138 57 306 139 1038 168 197
170 1197 1114 1130 1135 204 1084 26
964 134 602 145 978 407 1015 200
176 34 793 126 155 173 93 173
876 85 186 960 927 148 47 196
1142 148 1084 200 955 125 835 817
23 518 11 998 158 132 683 1099
119 1064 121 1025 194 624 1185 197
137 149 206 1057 1082 163 168 189
133 206 864 202 27 15 1076 1119
76 4 157 1199 109 753 184 96
122 13 67 916 1096 307 54 1102
16 23 84 162 209 1047 715 166
156 33 358 163 1147 794 941 87
1108 169 167 1056 863 1096 177 54
1126 133 41 118 219 165 927 991
221 1035 980 516 50 64 105 800
81 1052 92 178 1124 206 456 46
1132 835 1099 1041 25 636 823 131
145 203 127 1061 1198 985 783 1058
680 107 1123 851 44 173 135 1076
1041 96 831 601 187 327 172 18
13 17 153 80 1101 10 922 303
28 300 1186 209 1072 55 120 402
125 216 95 1190 191 78 1128 135
1001 45 155 5 1118 215 1094 215
243 28 142 162 218 123 156 886
58 97 362 1037 1008 41 774 132
156 1089 71 710 1019 28 90 1196
190 198 226 1086 210 893 7 107
84 514 57 559 160 1128 149 120
147 145 901 256 951 226 946 1162
179 226 952 528 190 999 125 413
134 92 16 86 39 59 685 614
201 135 818 197 167 1091 13 669
102 1079 23 6 183 411 119 20
937 190 159 378 16 1093 208 154
131 8 198 1046 1055 194 736 67
655 33 122 50 72 1010 110 811
1127 1042 633 948 94 27 165 161
7 126 641 79 1105 1070 282 1174
179 403 1004 471 158 23 151 158
90 178 912 162 200 183 1078 1163
1152 107 12 102 12 24 208 853
1191 206 943 207 325 63 869 128
182 94 17 894 511 123 1016 101
755 19 96 129 1180 216 885 58
1029 46 59 46 217 127 962 68
176 1010 119 1121 177 1155 57 127
190 42 179 514 148 80 79 1069
9 210 1173 977 150 1020 148 740
120 1157 639 1125 190 163 171 1060
43 44 208 105 217 461 1003 1048
27 1043 174 127 90 1115 90 1058
93 55 642 194 1157 16 220 1061
109 173 1071 1132 134 489 50 48
160 188 96 1150 40 1021 90 1039
81 161 193 221 1151 220 153 196
106 1013 216 192 199 172 217 708
162 1123 828 1163 253 1024 90 21
3 613 181 160 1112 110 87 192
23 223 76 1058 887 4 1103 1098
723 1140 122 172 1187 20 123 1032
1155 602 37 726 39 1073 19 22
584 205 155 41 160 53 1059 100
226 1051 585 32 1071 126 205 209
1113 1065 113 971 1059 992 1093 224
100 111 166 75 739 50 200 1189
885 97 1030 145 1185 1159 85 60
107 126 158 7 205 71 739 220
121 988 109 133 143 129 54 1111
851 1042 61 1027 209 221 206 89
152 495 815 59 209 6 105 173
170 51 182 1182 46 151 601 123
21 1091 700 1079 945 220 1028 825
154 25 115 184 872 1177 53 213
78 990 1 1176 43 1081 165 603
79 43 204 627 1179 183 33 62
193 94 14 294 1064 60 1033 960
4 30 140 291 67 139 152 111
83 830 144 182 162 173 93 5
463 26 1092 195 142 1051 30 394
41 1116 914 746 1142 135 181 193
183 367 3 211 166 51 1154 138
44 901 1082 1075 970 278 222 40
178 26 1120 1076 4 142 131 136
74 220 57 105 103 13 196 620
959 1044 178 938 467 142 166 277
156 1167 980 129 1115 46 208 95
180 1106 897 780 1121 15 309 1086
28 73 113 86 10 980 686 173
28 1070 66 701 207 178 106 726
1184 201 29 54 420 161 752 1106
1133 202 1040 35 110 1105 513 32
512 14 673 116 79 18 1129 603
127 924 796 975 1011 754 67 1099
1002 173 225 881 273 854 225 954
1050 240 32 339 1117 1103 1103 1023
92 184 79 19 56 34 794 1049
696 176 108 834 31 974 188 345
168 1182 190 1137 150 121 1176 1038
55 1169 77 229 74 296 1148 830
154 233 19 1030 34 77 22 204
151 19 163 214 216 156 199 889
135 158 1115 19 1091 1110 32 219
1177 1194 94 1073 1018 653 42 50
1024 1001 37 3 70 235 162 1154
107 133 139 35 62 79 1 46
4 1009 147 123 1184 171 71 104
1018 24 1194 43 170 56 177 776
46 49 175 891 37 234 55 1178
1074 101 212 92 947 638 158 1181
64 1000 505 147 867 26 166 1135
906 189 36 1144 26 74 1072 57
1017 1048 213 24 77 187 117 175
77 551 102 1057 83 451 161 67
57 126 147 1018 128 1072 958 149
988 1026 38 223 1109 8 462 217
81 1 704 8 1129 562 1130 13
917 158 36 28 72 39 163 40
131 303 85 1088 304 145 38 133
1036 1035 162 1174 66 188 997 128
131 189 140 15 1007 138 78 654
199 1078 1124 33 142 84 175 16
157 1089 104 220 68 1111 1165 914
977 342 881 112 1192 7 1167 157
200 35 1029 159 35 883 151 93
1102 49 48 1155 47 1182 171 154
691 1119 37 1109 186 33 98 539
89 946 216 41 998 1085 353 18
1152 1005 102 217 801 102 221 503
102 1147 108 104 144 50 1060 1168
195 214 39 959 81 942 130 55
74 197 1079 819 1091 700 80 297
1136 36 104 444 214 114 28 216
158 152 1018 85 168 60 186 152
202 1168 118 678 1111 813 83 124
246 825 8 1110 185 1190 143 887
123 95 1184 214 877 1001 803 31
1078 89 1099 95 927 141 1173 947
61 169 1017 70 313 67 177 84
1009 11 1123 50 218 847 208 1148
1027 190 58 160 662 59 204 736
10 206 1129 560 920 148 1000 1181
1147 1070 12 15 483 223 109 87
64 146 793 23 1122 18 751 1194
86 208 145 41 498 149 1155 986
571 1149 1086 321 9 718 16 87
133 837 152 1141 167 168 1004 139
1141 197 171 1003 1181 1195 202 98
173 373 347 18 100 1018 292 115
329 1160 56 67 101 497 102 89
877 77 97 25 1 72 45 580
519 216 1052 111 768 97 980 1007
68 138 727 1134 1027 646 100 30
34 1152 66 132 149 156 16 868
67 1121 212 36 107 1063 149 146
159 3 180 93 887 173 117 179
69 47 455 1089 936 1052 20 25
778 500 1041 928 178 48 112 1073
743 106 520 130 151 1082 25 1094
726 148 148 857 20 354 145 176
871 172 77 78 875 34 1049 29
157 897 212 183 111 189 1068 49
1102 151 912 92 38 716 7 180
1191 65 77 1074 611 1170 222 181
169 196 109 130 183 57 425 973
649 115 689 110 1135 1083 170 118
1060 47 1082 1046 47 130 58 150
89 1182 31 576 1 221 68 807
210 1188 1068 116 64 221 1111 96
8 120 167 122 35 226 383 34
226 1016 147 579 1095 143 1040 110
832 894 105 144 694 1058 188 1065
134 791 116 1155 64 227 1190 62
40 132 130 1027 1157 185 286 197
21 16 1050 130 155 664 128 1083
96 35 218 14 1165 802 115 959
670 723 159 223 55 103 61 81
182 154 210 1162 835 99 88 936
75 1091 44 142 108 578 68 1085
1193 1131 1045 60 276 937 30 1014
207 967 226 411 208 103 2 1037
981 110 1149 118 935 145 100 96
31 928 969 1035 728 84 90 164
1199 128 61 68 117 178 949 51
824 87 164 95 1005 42 136 131
55 1049 1002 187 123 901 1152 165
1079 90 1161 212 193 36 764 34
349 26 186 184 632 931 259 115
831 30 145 146 346 1151 1055 100
1048 1034 1013 21 132 4 133 266
1015 131 180 1000 651 1145 103 12
374 221 85 153 607 1128 696 175
146 6 78 92 138 14 91 893
1151 1054 810 7 47 754 1106 112
47 1200 1056 213 19 430 25 129
153 6 211 111 198 1066 147 194
65 37 38 209 103 19 1004 96
198 1079 1096 71 175 42 218 1043
75 114 1001 437 147 1163 775 1126
36 78 60 1050 140 218 1162 976
1135 88 75 935 10 1179 219 623
1 80 178 760 87 1095 853 138
9 999 1116 25 12 775 163 8
945 163 75 1037 125 1097 350 447
153 998 864 217 179 89 46 11
222 169 1109 7 134 70 61 1031
1073 207 49 1016 928 1147 189 1067
137 92 1153 190 169 605 27 1166
1120 142 163 800 211 101 105 19
874 173 1159 99 168 1122 1190 196
1154 1094 667 15 99 126 1093 147
137 10 956 1107 109 1121 719 801
965 1161 156 222 941 93 47 175
134 186 200 757 219 181 93 681
1123 1021 649 187 1043 1029 1006 172
982 1132 202 91 1150 208 1172 158
1185 110 1080 838 1188 6 163 66
75 185 69 12 67 1095 1058 196
218 97 152 205 624 160 149 2
70 115 132 915 820 778 152 8
1200 56 217 623 1 2 1112 141
192 110 12 137 886 215 139 74
139 669 793 119 84 1096 132 1196
85 216 743 171 1153 31 1177 40
1010 1158 1097 191 50 51 1060 31
201 706 218 213 207 629 846 944
101 1088 349 917 89 1149 15 121
42 107 762 1026 26 1068 932 890
209 210 128 125 103 104 1146 219
1194 141 837 88 1026 141 23 19
65 764 1038 68 894 975 94 799
190 208 36 1025 66 1133 42 1117
99 878 606 163 1097 25 1176 96
85 202 605 981 220 221 226 201
1135 213 372 932 286 198 37 1172
7 153 866 423 1077 626 1030 1142
203 200 73 1134 148 1153 153 1007
40 178 1125 180 1095 162 177 74
144 16 161 43 201 1196 593 12
1 952 166 105 347 149 73 86
132 20 75 178 134 1081 84 1143
904 843 1099 1167 515 12 203 1066
67 22 829 1119 36 1197 55 1083
1152 44 1024 122 166 224 1183 152
131 1168 853 1168 801 196 1156 175
30 1143 1006 81 983 143 282 183
200 140 43 90 25 800 1163 1131
964 179 1017 574 1030 171 141 1066
477 209 609 140 839 174 54 272
151 159 78 44 1133 56 174 986
46 132 357 1055 165 125 652 646
1181 36 1159 818 32 36 1184 202
65 10 1106 906 26 52 58 1005
1032 221 198 1121 483 23 191 73
163 159 814 490 41 1156 1146 158
858 1054 94 116 1035 168 143 335
202 64 1120 26 186 1092 80 30
82 507 750 177 30 1062 157 156
35 71 61 102 1171 831 1138 20
198 224 71 1015 1039 987 115 55
85 175 441 113 598 91 1106 180
206 1020 151 936 125 171 179 88
91 622 101 23 20 81 130 1057
1156 217 143 1041 76 48 508 1068
64 1178 859 162 1140 142 12 1165
1075 999 61 1034 226 163 150 111
134 865 39 172 1179 979 187 1102
1046 78 627 94 153 17 171 144
177 679 198 814 183 1019 844 966
159 1110 1193 175 211 215 12 858
360 7 157 8 1023 1069 1090 695
133 217 170 474 895 84 761 941
586 113 847 955 44 15 857 193
170 149 535 786 165 215 587 886
114 581 36 43 1182 80 216 1167
139 23 149 1020 198 798 126 247
920 1071 536 77 145 29 1069 125
31 228 772 1076 57 141 217 77
187 43 124 82 48 201 129 1163
766 6 135 158 79 2 35 50
998 1034 180 52 1052 95 179 110
20 1143 1063 205 63 1184 180 121
1120 988 400 179 650 50 1072 1019
181 75 170 224 210 65 1086 427
1032 1017 126 81 103 916 243 32
5 83 1026 193 156 68 1132 16
65 93 36 1189 77 1127 1064 90
80 128 7 98 1136 150 1005 552
109 76 93 209 201 126 1178 957
157 129 88 849 183 1022 55 114
64 791 105 202 849 220 1013 143
64 482 78 84 206 1162 154 75
990 93 42 84 653 212 1157 775
888 112 73 1082 1198 664 39 10
768 983 44 134 11 195 83 1096
1010 618 62 1129 244 70 756 1169
879 1041 955 1042 1119 4 47 49
720 854 1125 132 5 169 53 212
1117 1186 909 107 166 72 186 143
962 11 93 24 537 881 859 124
973 161 341 1086 171 133 5 85
159 99 1019 6 182 948 4 129
1116 432 209 41 1188 1155 91 59
856 1043 796 1101 149 176 195 666
82 1104 215 35 167 188 1166 31
617 119 53 43 143 127 178 298
685 41 819 90 769 1005 58 1135
9 1142 22 212 786 985 926 1155
1048 130 83 585 183 172 435 153
40 51 35 625 1076 116 196 1054
930 1124 174 939 211 1045 938 134
96 194 839 1064 974 115 660 222
177 86 176 1081 1157 61 168 988
1115 191 53 645 91 40 892 66
816 202 155 22 20 128 1036 1060
133 1081 132 918 252 133 123 1200
591 157 10 209 134 203 185 73
788 63 492 53 101 215 1062 1127
1170 972 29 208 949 185 840 287
141 182 1124 153 123 778 148 105
390 380 1071 580 1069 1 35 460
98 1130 23 45 33 65 223 226
889 1156 53 862 4 526 128 141
13 318 762 1050 232 400 980 1134
687 897 175 4 40 167 101 136
724 827 130 141 121 643 141 132
114 37 209 630 103 192 1129 121
112 173 622 1017 273 73 1109 798
1073 52 7 1167 679 1103 41 728
185 30 1149 1019 269 1032 171 136
42 954 1041 312 121 189 52 1159
772 574 49 1075 59 208 58 840
951 117 1001 41 1011 943 104 18
804 159 121 1050 220 996 1019 104
37 223 851 216 167 169 26 99
132 10 145 99 48 137 908 152
1043 1081 454 124 43 27 231 158
1024 263 36 1140 65 986 150 182
1047 27 3 155 1072 127 168 1092
168 146 107 134 1197 147 75 160
130 898 1173 170 100 1014 18 1142
23 868 159 1175 1071 1052 116 1180
1154 183 66 834 1002 99 115 1038
1003 1160 198 504 963 108 909 876
1042 192 1019 97 39 934 281 290
100 159 150 215 70 118 225 146
35 42 1052 45 183 16 1168 1069
159 86 195 1097 359 63 998 83
1 1004 9 86 1132 65 116 206
11 22 1161 201 588 876 100 497
138 8 181 89 71 740 222 54
1138 1102 899 157 939 711 97 1087
805 1171 165 566 1114 1038 112 64
86 654 1116 1161 46 824 1006 1165
672 74 1049 72 83 87 110 196
982 200 888 1199 747 982 34 1073
1172 144 493 116 930 1175 94 1102
210 63 1134 540 154 41 401 1106
197 1099 67 861 991 1010 1140 1003
1040 107 912 176 560 120 102 709
168 1024 1070 330 850 56 99 961
136 154 218 905 113 1120 36 160
1169 126 1170 158 191 180 220 697
