94 79 133 222 110 106 1120 213
180 131 982 191 22 1169 100 94
141 138 39 1093 1109 116 709 591
875 163 1170 969 126 207 201 170
1048 766 151 1037 165 939 853 169
84 1092 176 496 684 96 93 1151
925 51 195 48 223 399 83 179
783 219 973 165 69 312 1107 1016
34 179 128 835 54 1187 665 150
1120 297 131 65 479 1177 108 127
28 1089 1111 216 42 89 178 2
816 80 1150 1073 196 121 873 925
979 1071 1017 68 766 146 188 87
989 64 927 202 1132 133 1082 541
995 47 9 776 49 866 114 115
597 374 220 144 580 9 915 8
284 111 199 56 126 98 122 1040
49 16 77 4 199 945 31 814
50 207 61 587 11 1032 1051 106
135 125 1035 171 1033 932 173 888
65 112 45 171 8 202 9 199
1041 7 219 16 106 159 118 21
174 60 136 7 102 829 44 1133
997 187 158 5 27 87 209 135
70 159 1094 200 35 757 717 689
501 26 115 64 727 1040 14 87
25 101 187 911 58 702 16 53
217 155 164 765 57 145 60 846
38 42 62 188 682 131 1086 188
1063 1167 195 1017 1007 150 975 187
164 1068 48 44 167 1121 165 164
158 526 1167 443 207 954 67 1009
45 216 58 215 206 906 103 1027
1158 1088 59 210 1160 182 1046 1133
1182 758 152 173 916 455 1184 76
146 1018 999 80 127 64 755 1144
1031 226 114 228 869 4 217 710
878 200 1024 43 172 88 1085 106
1177 97 1088 39 922 262 887 224
123 68 108 106 2 883 1165 172
168 166 157 1068 594 311 56 1178
878 1186 25 20 157 1001 891 107
191 118 863 1070 93 983 120 65
112 128 76 168 135 175 204 140
537 39 108 1200 72 165 1068 24
498 334 152 89 10 661 163 1028
144 291 428 7 204 52 56 1038
31 124 1014 190 1150 1164 199 92
159 190 1040 1028 775 145 467 27
480 100 33 136 169 565 110 10
209 1161 1 79 33 214 157 141
113 1156 212 1180 27 1194 79 1166
272 939 201 1145 29 1087 1062 1048
1195 48 106 43 930 1109 45 42
172 138 992 107 181 3 189 212
43 115 91 190 173 193 59 377
52 56 33 1185 46 1108 59 1077
80 2 40 1114 850 61 9 96
178 533 1042 1004 1094 50 1023 986
928 213 212 1036 1097 107 10 14
221 1109 86 188 77 25 181 1097
204 286 171 215 151 1041 62 466
1048 925 1081 171 122 49 763 828
155 1084 187 623 100 1101 138 1037
586 1119 30 905 897 187 1063 121
138 29 1006 111 41 197 175 1103
825 986 177 207 1033 102 392 187
1015 1122 225 196 144 87 503 62
1134 129 122 158 10 666 77 123
101 1134 860 155 1154 1185 65 1044
1034 90 33 189 174 33 119 81
87 21 198 942 797 173 22 1161
32 854 30 165 44 158 20 229
109 1102 150 28 784 65 212 1122
1021 39 143 384 188 77 447 766
374 14 301 554 226 1121 1097 140
166 899 95 157 1196 9 1169 1134
297 109 1043 129 149 168 1032 168
962 151 28 49 137 707 50 801
260 954 62 999 6 983 191 1070
1146 125 84 92 135 1166 1079 82
73 75 1179 938 218 124 4 142
153 82 173 16 193 166 144 19
1174 185 142 1186 77 207 97 180
124 129 110 1132 992 141 619 1090
879 173 103 38 115 23 1176 139
37 200 90 193 946 46 1084 1146
103 1148 1168 756 832 83 314 60
1070 178 46 25 700 733 1194 186
947 877 218 17 120 111 1200 42
200 1040 937 111 93 126 23 30
13 218 669 898 73 162 219 11
18 756 922 28 1109 52 1164 1003
691 613 1177 91 182 195 810 1175
182 186 139 911 1185 221 1145 1139
27 1043 9 80 70 1165 115 110
130 1133 1066 144 192 16 1104 1108
1013 71 1002 424 151 1109 203 114
196 108 18 1178 221 1134 48 171
21 671 59 37 788 134 74 11
87 1060 12 1128 1184 584 223 87
861 677 168 16 73 5 211 10
1113 123 673 96 1026 156 1155 863
13 1165 938 1076 910 220 58 123
1108 933 753 76 226 1162 106 87
1136 103 1176 25 955 368 206 641
1068 112 1157 1058 77 28 198 209
644 155 113 112 561 67 184 1065
840 72 128 628 45 114 158 73
617 74 234 117 3 1069 69 32
1033 64 1143 41 700 35 105 861
217 141 89 132 214 1055 148 116
1129 302 123 96 171 172 200 96
38 179 210 1051 122 118 147 614
118 106 195 17 124 127 1200 82
642 11 138 869 213 873 183 61
542 31 1151 170 15 1136 1023 1019
132 1170 32 22 58 60 91 1120
1015 1188 26 82 13 25 116 160
959 22 13 110 161 686 660 117
179 195 339 136 65 804 169 1148
151 197 1087 101 216 7 29 1039
38 41 1067 127 360 523 80 128
1163 133 315 210 1138 149 37 1045
23 1115 71 192 1042 1045 117 121
163 1090 24 42 1087 194 35 1178
163 38 224 124 59 1072 1107 215
468 1176 38 163 207 64 767 143
9 1158 1001 41 57 147 120 46
195 5 146 154 953 181 104 174
112 143 122 108 1055 1131 176 37
39 190 1189 1192 17 217 180 32
1140 161 998 323 61 140 1063 57
1153 89 79 582 166 5 1049 145
196 1051 1 798 835 160 26 9
197 139 21 210 697 108 85 109
55 23 82 54 89 176 138 196
895 149 13 165 35 204 1121 82
1181 152 318 118 48 20 65 54
17 1136 1076 94 1199 3 1105 556
837 116 88 461 773 95 863 998
208 1066 210 33 41 97 1185 47
155 803 268 196 231 117 131 221
89 1070 169 129 1 224 85 813
563 617 108 220 209 208 87 33
1184 5 68 114 1047 76 370 1072
1083 133 1150 758 791 796 95 1080
159 87 634 32 185 269 17 12
135 698 836 639 1145 1186 165 45
557 1141 927 756 948 1192 110 94
1065 9 1177 947 505 556 1124 104
1124 1195 144 571 378 5 203 94
988 1166 143 123 210 116 182 1167
208 734 200 200 727 178 43 832
61 113 1091 195 29 202 218 125
72 82 1076 827 77 277 749 907
1180 1022 194 111 23 56 197 138
532 1169 55 743 1056 575 584 144
85 1146 83 784 227 110 91 1115
656 1183 212 510 126 933 137 931
719 101 113 661 2 124 158 1185
1149 835 723 1085 1173 36 102 220
123 221 1162 617 65 80 7 152
111 822 1191 30 173 21 412 1062
880 122 55 51 1180 1105 1043 1200
525 98 357 170 84 193 624 45
116 36 891 180 567 1029 602 677
901 996 151 1047 157 494 1058 1180
329 140 1162 69 198 195 1089 877
219 136 579 1180 48 197 788 178
179 81 165 73 1025 205 896 5
26 143 26 1001 214 138 145 443
191 76 98 58 159 638 1017 1015
55 722 15 1034 58 124 67 676
27 64 1120 582 1088 203 187 1040
82 67 319 194 997 52 956 12
35 1179 1154 76 995 1024 963 190
109 890 1187 1085 173 598 1004 52
912 428 69 1184 114 33 1023 616
106 1055 1117 1076 34 128 221 1142
188 1058 1130 198 1163 907 457 107
1025 168 507 203 1062 119 1184 210
145 17 200 797 193 93 1066 75
885 183 80 94 1064 1067 133 1010
26 1041 59 18 111 137 174 220
169 91 763 81 169 218 64 1060
56 19 817 16 739 18 34 1181
1121 211 171 222 140 1065 154 212
184 765 185 664 964 774 820 97
57 140 172 263 225 169 144 349
870 151 924 107 43 243 618 197
53 137 1104 166 1013 185 1087 195
204 1170 897 1190 1168 174 142 175
351 224 95 114 981 505 1030 833
354 198 151 771 179 141 1100 1039
41 345 109 752 364 196 991 98
329 1156 1042 89 61 161 121 122
64 1009 83 21 1078 205 89 186
1025 1050 55 45 847 223 104 854
2 15 769 94 133 92 15 115
1016 156 984 72 1120 963 224 378
103 226 1099 34 1104 41 199 49
1095 4 94 13 1116 223 1089 985
61 302 49 113 622 50 206 1013
1006 5 92 164 192 441 798 1195
1098 217 1107 1008 209 3 116 41
347 154 191 1128 224 207 876 408
129 58 120 1044 102 10 118 71
25 206 899 47 876 201 40 664
36 69 1167 969 80 708 26 203
293 1039 1078 1059 196 1057 770 186
81 225 33 95 28 520 1156 1114
885 184 1152 71 558 62 55 143
107 82 179 175 139 1046 957 1188
359 34 162 843 494 39 35 1161
1139 1142 188 169 956 7 1009 1015
1004 725 19 761 2 1129 1117 1070
152 472 625 1123 177 1163 865 716
179 119 164 66 456 204 125 573
834 222 143 51 201 50 1085 172
1116 224 1173 135 1131 935 171 71
380 103 127 1108 210 176 1041 69
986 130 61 26 88 157 775 962
35 176 966 1098 150 140 46 968
780 120 139 94 42 166 76 35
204 157 56 932 604 1069 289 994
160 1090 938 787 153 333 147 1073
73 723 810 187 14 1146 1046 503
1110 161 196 1007 194 146 1175 1128
355 1123 211 919 38 42 221 57
14 75 773 43 71 204 42 149
198 90 142 72 214 131 69 47
100 15 225 3 577 45 1074 109
540 989 185 31 11 222 74 20
1040 993 1127 200 206 177 477 80
218 72 1133 1071 113 781 96 140
139 92 123 75 133 1055 128 175
630 710 124 94 2 155 70 1182
74 1081 1039 731 1113 713 148 910
1054 1185 131 81 83 95 896 1192
914 201 1073 275 78 170 611 740
904 976 4 1045 186 55 224 914
37 13 49 184 125 62 108 44
1088 225 104 1111 285 1015 1148 1018
154 1093 1079 160 34 213 81 197
86 75 109 163 172 62 78 888
1159 200 1162 87 920 1000 1048 90
1011 37 74 754 214 1154 1159 215
1119 86 1060 84 1144 975 226 206
1036 1192 1139 1182 1071 6 477 4
1191 67 127 130 156 191 799 72
665 1135 161 362 10 867 191 149
101 468 53 17 158 184 893 321
171 163 1149 1014 1103 890 859 124
1139 43 206 1104 57 179 191 211
779 1081 1086 2 169 165 977 1026
87 171 735 565 23 182 1106 730
999 72 149 193 1111 22 1035 208
208 11 1071 1113 328 145 1141 197
125 1120 131 3 857 1008 1174 66
152 187 1038 213 1096 220 181 1048
446 67 168 677 1165 133 857 70
535 93 921 1056 819 955 923 828
26 203 1001 138 201 151 1175 31
80 1140 335 61 153 172 26 1020
1124 119 2 188 1161 1012 32 27
123 54 745 214 116 88 72 41
404 1167 44 215 1185 290 134 193
1138 1105 24 483 45 169 1193 211
141 1191 19 109 145 111 673 148
219 1155 709 75 207 192 917 882
96 1062 1003 202 18 56 208 204
181 92 113 53 148 193 27 61
13 58 764 35 159 1061 92 148
22 657 822 166 220 418 167 1200
1065 118 40 828 1154 102 1074 1078
215 1059 824 913 93 1180 1158 208
84 196 120 1009 1027 147 1108 606
996 205 18 11 52 2 56 1004
122 207 977 143 1171 1142 1111 523
729 418 410 128 183 286 1047 1038
1088 751 162 1000 1072 687 118 735
796 136 182 124 1126 356 1181 44
204 139 1089 1126 1161 89 131 1019
64 620 1156 1161 109 78 160 148
116 127 124 220 966 36 221 222
773 690 112 106 1011 209 1178 138
21 218 56 186 109 1150 1073 818
1138 961 197 96 53 128 1168 75
1137 838 132 80 191 166 694 1095
175 199 152 147 934 83 1189 1113
29 1037 86 144 93 1149 18 120
208 56 1091 39 962 997 728 1146
592 176 93 41 219 54 454 980
128 110 189 1036 121 915 829 1039
72 12 86 33 33 200 1170 187
103 180 23 59 1158 214 2 1101
165 988 1193 10 746 119 1135 839
132 1035 1188 177 79 37 5 352
125 114 1010 1152 1065 853 785 394
1190 593 177 174 721 40 40 42
198 72 60 115 6 171 107 4
172 82 1037 136 991 61 1133 145
519 993 933 36 1180 205 950 459
104 888 379 648 198 93 1182 470
137 1171 92 1184 1077 54 836 671
116 30 113 65 140 17 1088 3
338 34 1019 62 215 538 170 185
203 1122 113 158 692 845 102 1040
813 1124 70 1111 183 875 149 185
189 155 162 1192 166 173 99 120
10 194 1131 183 926 877 1061 173
1199 41 169 194 154 865 349 7
19 31 96 827 1159 481 63 517
146 82 85 751 177 851 157 193
846 965 78 129 985 272 98 215
1033 78 64 88 107 718 36 1022
17 608 186 1105 11 1065 34 136
13 13 9 1072 119 36 69 695
83 849 5 789 76 1119 167 18
1133 137 74 1010 147 975 150 117
194 169 1145 1130 952 1029 1038 1142
139 94 31 144 59 86 112 46
48 1025 1069 23 219 145 1152 185
199 759 1116 112 1123 123 1187 873
878 133 15 81 186 940 159 50
142 7 1093 182 1043 818 987 660
859 832 175 270 235 1149 974 1151
65 1159 120 109 1032 31 984 146
1081 126 1052 14 135 202 137 1098
3 130 1019 72 1096 357 226 163
1002 109 196 178 105 106 1097 1133
204 138 1110 238 1187 75 1155 638
66 130 102 92 935 29 1155 165
174 84 403 174 29 616 643 216
55 900 36 1103 1113 63 43 1034
113 96 207 519 908 1159 491 1026
37 41 131 97 1067 986 106 224
77 1148 203 369 1046 169 64 176
141 160 155 1108 186 1083 774 203
843 59 53 104 104 167 152 32
182 183 155 1085 197 1179 106 115
33 203 124 32 792 185 169 1096
18 1150 1029 160 85 891 110 413
178 61 161 195 49 1128 9 51
221 137 168 68 12 1126 175 204
100 1088 132 163 185 215 186 15
1191 206 157 107 619 197 117 116
1126 969 202 179 47 26 41 67
53 55 295 867 40 1028 5 134
78 1107 179 160 871 109 214 1016
4 697 65 402 208 89 1052 187
78 1060 16 185 89 1161 790 212
100 74 33 902 26 161 951 90
164 1116 42 1085 59 978 1191 111
195 1145 174 1085 135 1144 1061 43
154 999 78 922 186 125 221 45
135 1166 306 90 99 114 1168 1045
860 910 107 721 1128 948 689 155
1155 806 589 1084 1155 52 37 1004
108 113 903 10 999 25 7 11
125 2 946 897 143 118 26 1022
1128 149 196 210 217 417 1053 1074
181 215 957 28 111 1157 1038 193
1055 937 1141 185 59 365 239 1054
204 2 48 732 134 9 114 168
38 888 222 793 25 29 5 1015
170 117 113 214 171 1101 1139 68
27 1144 151 1165 200 326 59 564
128 872 1013 1083 107 1014 159 152
170 844 967 136 99 155 178 107
216 162 1055 210 1113 336 6 95
198 210 1018 197 771 1181 1027 189
143 215 29 221 646 1139 1036 1160
154 189 521 1102 19 204 1160 1126
187 218 1094 1156 203 1074 184 96
1175 780 52 150 132 194 163 198
9 1096 35 281 216 1160 221 201
1052 120 16 193 1095 155 940 43
1138 77 1017 1151 142 585 131 124
122 1 878 666 13 1096 83 935
1021 84 1199 110 138 215 107 1019
121 38 136 162 87 11 949 41
173 170 219 113 273 7 42 58
103 1097 851 339 283 635 851 92
183 225 4 311 98 89 1153 863
1192 172 1143 122 438 958 165 176
53 6 101 800 99 422 100 150
40 574 887 1068 38 70 122 9
249 25 156 57 110 662 41 188
44 86 83 102 26 67 907 1161
1028 1143 1079 13 1034 676 41 900
1186 1032 135 1 214 111 53 1111
223 101 34 109 1066 1143 457 1076
750 168 214 1022 1002 97 345 143
149 8 147 77 33 44 34 1153
166 170 343 220 687 18 92 212
183 786 101 136 100 958 202 28
174 41 60 1166 990 1104 143 194
845 217 175 147 1003 1119 58 31
155 1184 968 1143 226 209 98 173
104 1178 701 1019 188 782 831 68
1104 1158 1024 109 1033 9 169 41
900 1098 210 58 1038 160 1159 144
127 212 11 3 899 101 32 175
226 1168 88 979 550 196 154 92
12 1080 162 257 333 865 474 765
1137 80 92 148 1038 194 27 966
194 155 123 7 1188 176 192 191
1108 124 857 171 1114 21 848 213
526 112 134 68 63 48 135 856
577 48 99 174 213 157 138 416
60 1120 1043 855 65 11 1042 35
208 648 1061 1008 1151 1177 1117 124
1052 21 142 44 40 101 82 793
869 4 495 92 82 138 88 4
1053 435 97 91 166 168 1044 1156
963 98 216 40 105 19 213 194
1158 749 795 1136 578 159 143 184
1059 105 1079 73 131 192 146 119
83 116 60 632 97 155 210 449
119 1005 114 216 575 171 138 932
102 96 130 672 1092 1008 643 1180
4 90 85 211 136 1056 64 136
14 1142 81 92 31 138 971 199
1048 71 149 834 220 173 1181 166
795 6 174 1129 65 108 522 845
1065 167 23 1016 129 1082 429 116
89 79 12 187 125 998 1177 157
992 70 125 147 62 23 163 90
212 1003 147 190 65 1136 22 666
177 1001 1165 982 18 60 657 102
154 145 38 193 1056 247 1067 1056
212 630 160 55 1081 114 696 154
106 182 688 1058 178 147 124 216
143 153 1046 207 431 1139 67 906
42 342 256 66 711 10 47 771
16 1158 73 725 28 1009 108 1173
811 163 1063 1159 24 823 118 214
1185 958 1137 733 9 159 42 725
69 1039 178 92 783 645 865 103
17 141 51 176 59 394 206 606
1055 163 1052 152 218 210 121 125
663 343 147 172 1197 195 1180 29
1006 140 138 603 894 900 94 1197
242 25 174 156 156 1057 1156 167
168 130 161 1062 69 703 81 187
95 28 74 1103 32 930 158 59
620 148 832 99 679 1106 68 1121
1024 175 1077 142 212 120 1038 217
135 156 14 1070 1064 187 166 135
223 1195 529 197 876 853 1027 153
923 885 150 143 81 89 151 808
1026 857 223 222 22 1073 738 603
42 849 7 189 75 941 15 112
170 52 14 327 20 172 1189 1126
17 1052 24 20 259 886 217 969
1196 131 32 4 439 1091 172 204
119 25 396 140 116 70 1150 838
879 222 7 25 54 21 165 17
946 13 120 20 432 47 30 1008
30 855 654 2 161 17 19 109
37 139 76 97 1037 645 1132 194
1174 330 37 32 20 149 129 361
1140 119 1107 208 842 1011 785 170
190 180 1174 100 213 194 774 624
73 100 226 202 202 174 205 248
773 40 19 34 59 1198 5 1123
924 5 1042 375 1117 1179 105 163
70 157 110 1190 44 1030 984 116
1004 108 1008 10 20 157 1126 132
1135 114 48 76 1154 708 1093 957
31 118 125 296 140 1171 746 715
30 41 171 462 1046 2 136 215
933 1059 1093 1 215 1144 13 103
950 1115 88 100 782 1082 584 21
949 11 91 1099 1036 120 85 1133
199 583 899 163 125 1024 71 1051
67 515 159 1175 221 205 65 862
35 226 24 188 146 288 1078 8
128 223 51 45 206 182 193 925
1044 570 73 56 109 949 135 131
695 122 46 1066 53 24 144 112
464 81 97 928 192 64 218 4
225 1019 162 678 190 72 112 91
188 546 1045 51 6 154 149 670
35 1098 325 1181 104 1147 1 1195
126 7 774 224 84 217 142 696
1095 706 168 997 887 60 71 28
24 1097 682 170 138 579 1005 230
100 73 882 510 463 790 62 1095
133 720 1162 45 138 59 5 880
170 131 1195 93 9 188 198 127
212 182 1118 68 2 112 845 267
895 899 873 66 80 195 882 1150
223 101 1002 63 42 90 990 1006
652 21 209 182 69 22 73 128
95 105 138 10 162 158 132 171
10 16 141 925 458 178 109 35
120 821 472 1014 1101 104 119 1158
9 7 722 724 98 12 176 1122
212 129 193 110 135 944 17 883
181 1026 26 49 68 190 596 32
153 1042 527 1011 202 189 130 189
1159 186 875 218 726 46 150 209
198 1187 539 137 93 127 366 1050
1 117 9 1136 1010 49 13 901
163 980 398 25 874 537 1115 1087
1021 974 517 975 179 174 167 224
142 594 908 8 56 115 95 1044
799 407 7 1119 590 30 162 67
1137 55 424 976 170 963 663 223
1000 1171 148 1195 216 51 67 1151
143 855 83 143 1065 1168 192 1117
1011 1079 127 1168 4 140 964 346
141 23 183 217 32 222 713 31
39 6 1031 1067 1122 217 790 74
831 136 1103 108 740 156 890 180
1144 42 1067 712 176 37 117 3
168 6 778 156 209 64 28 44
158 88 148 127 208 377 123 1104
179 62 96 276 216 1115 177 31
60 1103 13 207 874 583 12 162
1111 41 168 1047 1162 1062 154 194
63 1199 1138 209 59 998 134 448
64 71 1075 210 161 46 81 50
57 15 220 211 206 12 93 145
71 93 193 1110 141 957 162 224
809 289 160 60 108 882 171 998
844 1159 95 310 56 711 93 1065
1030 149 1026 131 644 110 1128 1163
65 90 154 202 111 892 206 92
884 81 152 881 36 913 91 125
226 1140 1088 18 362 958 109 938
165 16 202 70 1100 49 217 198
117 144 917 148 372 1043 99 891
810 89 45 1 9 1020 439 726
684 78 94 203 98 649 173 101
100 95 86 200 1189 48 184 120
852 8 1184 1170 85 983 205 190
30 219 1034 1066 88 22 185 982
1130 858 48 174 78 958 218 127
210 364 941 719 101 1096 1169 108
1003 53 134 1131 97 22 202 866
62 179 1084 75 460 178 189 116
80 104 139 791 14 8 1059 191
95 177 78 964 217 20 248 437
33 204 89 153 204 1052 119 1114
57 5 1091 340 681 129 876 203
121 586 1163 597 64 25 175 708
1027 1161 1047 34 37 80 7 1188
484 84 21 127 650 77 675 1124
64 87 47 83 132 705 175 650
67 118 57 38 81 432 1001 386
210 1089 194 1176 1121 30 1186 1151
17 66 1062 115 1140 78 607 1133
1136 104 130 246 36 135 109 1119
1146 130 194 205 147 1032 1183 46
137 1152 192 170 1073 1021 38 177
191 121 38 18 156 22 133 1043
83 133 198 15 74 1176 100 1183
851 824 49 155 1160 47 152 96
196 1064 1192 917 31 800 143 222
195 62 78 200 225 184 1147 805
153 206 388 113 184 135 206 1051
167 1058 386 892 251 124 1012 126
10 162 1161 141 112 113 76 115
1073 1033 1000 20 127 170 1053 100
192 154 1082 222 126 688 1050 51
176 87 67 116 63 1194 105 22
142 148 5 95 51 142 879 1058
1097 53 1122 167 1016 225 55 998
24 612 120 111 1180 110 24 122
531 1052 62 874 148 563 986 1119
276 30 1042 888 166 173 1083 142
1099 113 1078 175 463 150 215 20
147 832 223 226 1162 7 1052 219
168 568 861 1108 38 1023 1191 167
8 111 125 5 110 10 118 133
48 128 177 52 858 149 767 927
1120 947 1082 946 269 50 877 185
145 26 114 161 1009 75 68 62
636 48 926 164 854 609 181 1179
214 393 209 1024 917 105 185 137
48 31 131 1172 1064 149 173 222
1009 142 188 930 570 51 89 48
741 115 140 1134 180 79 625 120
1166 200 95 107 233 137 585 1043
192 34 1026 114 4 686 846 593
1061 118 47 105 890 209 208 75
223 989 171 60 100 9 22 1087
39 954 210 973 17 31 67 45
45 1157 753 1056 144 1155 22 990
157 87 211 1147 182 389 90 965
45 178 1153 973 204 105 44 1077
1011 8 1130 33 24 220 106 464
440 74 834 132 180 197 3 97
170 384 124 915 53 200 32 224
834 28 18 210 86 32 142 604
119 43 3 197 78 191 50 57
