13 177 309 1187 1111 1098 1054 790
589 164 109 45 16 915 503 141
1084 1099 1064 882 222 195 730 993
35 145 212 877 100 208 38 177
731 147 190 532 859 1124 105 37
43 3 1156 64 728 1159 132 911
58 88 225 45 192 37 46 1134
49 721 1062 200 82 159 13 40
1101 1147 81 109 213 1016 850 188
945 72 62 44 124 206 87 221
72 640 1173 98 959 1054 21 529
231 14 1177 54 1179 180 1161 149
128 157 131 387 973 1117 505 143
1147 1188 96 234 1151 141 14 30
190 34 109 215 160 185 99 77
1171 934 966 191 147 33 181 751
585 180 902 127 185 28 136 235
34 89 90 892 224 1080 116 1009
193 107 881 984 1110 552 1030 164
89 909 778 978 849 986 356 76
118 74 165 610 18 1141 67 52
972 968 905 206 3 422 1015 158
1124 1077 169 176 85 113 14 953
128 708 839 155 190 133 556 142
29 1163 1177 176 164 8 66 24
831 1195 173 881 167 64 29 30
773 1179 184 939 1153 55 904 138
1054 213 61 204 137 115 88 728
199 1145 1083 793 189 806 13 226
226 75 972 70 1122 1175 639 193
1106 18 150 1107 87 956 709 1058
127 97 152 165 29 78 1064 117
1134 1185 74 95 1096 204 1 140
1025 807 563 224 49 139 91 106
142 151 1035 104 66 899 212 161
144 61 1003 1 131 1192 146 81
166 1075 794 1150 1154 917 86 115
1143 183 1032 1024 1108 997 25 194
123 776 843 908 962 156 738 395
15 692 1152 94 1153 9 132 626
326 56 205 180 1095 126 935 78
85 1140 102 53 21 1133 1147 122
155 1200 858 63 52 1077 226 909
89 815 126 162 223 1120 44 144
742 919 52 74 138 178 110 64
859 832 160 174 173 888 615 189
1029 134 66 118 842 197 676 95
1190 1052 136 158 2 925 139 42
152 24 55 611 194 211 62 205
146 205 151 124 81 148 534 697
117 1040 34 1103 122 141 76 145
216 1164 243 898 497 108 215 11
1183 1117 103 28 139 19 904 170
832 51 1172 206 92 1006 156 120
216 598 24 13 206 1035 191 76
36 125 54 300 1149 875 1056 1046
166 72 1182 152 105 969 1114 163
33 28 78 1169 40 174 856 155
159 169 210 153 653 875 129 568
401 91 66 124 175 1138 159 55
1148 1175 995 43 861 908 62 43
170 844 862 170 1131 295 149 1074
122 487 41 156 12 182 908 1000
1141 127 15 27 12 998 37 38
1107 1185 10 138 138 161 221 1068
199 1055 1020 199 878 16 796 484
920 210 193 4 166 56 991 162
195 914 887 1151 87 104 468 77
961 94 1093 1191 71 408 36 16
1125 32 1173 19 6 130 38 50
25 197 1005 206 917 170 93 693
7 202 33 80 848 197 74 1072
12 1187 70 168 863 20 91 101
706 67 1142 207 361 13 152 1098
1047 171 163 198 391 67 151 211
718 1164 1163 242 63 119 37 199
92 1118 1012 95 79 226 44 80
114 143 192 30 818 152 220 109
123 341 862 194 974 120 1194 987
292 976 30 860 89 157 69 117
894 1014 162 192 26 6 213 226
56 143 1020 1168 1044 8 1123 1069
1027 92 21 127 12 103 1151 1093
1160 921 63 16 1119 201 85 1011
1004 80 957 34 207 166 956 157
1105 167 161 63 1160 95 74 1174
75 1008 83 173 95 1181 489 123
555 94 40 59 57 197 1200 961
1004 164 520 1116 1094 775 83 1118
1167 1158 715 795 91 347 971 63
31 13 205 135 1023 74 213 141
833 58 65 172 142 15 161 151
107 1159 101 1087 77 568 213 497
126 374 1086 181 93 1065 22 120
139 112 206 553 72 3 140 68
1002 94 133 160 24 9 224 100
43 44 1088 19 76 192 1132 219
189 1089 275 547 1123 15 43 22
195 861 1031 12 93 1168 194 207
39 101 186 24 168 85 1168 42
40 1092 188 176 1180 864 663 1129
897 208 173 928 1140 811 9 1079
1031 1161 420 473 112 1088 86 157
88 471 1105 167 907 169 216 151
79 447 198 51 1072 71 1052 207
76 527 398 965 1124 111 217 130
1027 34 419 835 44 93 1061 959
282 134 1060 135 136 1023 776 129
136 124 46 66 108 153 43 185
164 999 1070 753 605 905 4 190
1000 50 197 1015 911 44 1004 973
105 897 26 200 124 126 1144 149
1155 98 168 1197 1121 195 820 837
26 1089 35 1045 196 1197 41 223
108 1200 212 29 526 999 63 579
78 975 6 133 546 120 1179 1199
87 205 47 57 1194 219 1148 79
703 1104 1096 780 17 1129 174 638
181 97 167 1063 225 1062 276 39
1181 140 216 23 129 154 150 51
843 132 111 207 1013 1143 540 19
1112 788 196 185 152 52 56 139
90 78 86 651 60 34 318 929
54 858 631 87 137 1142 181 1140
1145 107 68 1135 1097 1133 792 91
132 59 172 31 52 574 1156 143
1194 160 135 213 1115 38 1145 869
149 759 79 913 69 1096 65 86
144 185 52 770 27 854 93 1064
1098 580 162 1129 974 1151 1172 174
941 121 79 160 121 1143 893 729
139 1004 35 125 1199 125 37 187
27 791 1180 905 999 46 1041 195
773 590 140 378 833 233 941 175
47 124 23 1155 1047 1106 1087 43
1021 563 461 156 79 177 225 15
941 185 831 214 29 739 1091 608
1055 173 12 114 749 292 142 64
744 63 12 156 210 208 1003 1134
988 89 209 1120 89 30 320 75
1025 39 768 525 172 815 174 160
123 201 92 1025 108 9 55 20
964 71 103 166 86 224 897 307
91 31 86 33 14 1038 841 90
965 780 418 1162 145 1040 168 215
978 164 46 1007 46 41 106 222
530 110 60 119 939 194 106 120
680 1192 1067 189 988 9 169 222
140 87 219 161 31 151 948 757
54 27 6 1180 155 112 15 413
161 1025 1159 199 1165 778 373 493
3 1160 140 94 91 172 156 86
901 998 351 202 222 158 179 969
968 92 35 5 1129 359 226 105
425 850 999 16 144 32 225 147
206 1067 1082 562 135 1022 146 1187
964 950 221 184 197 1195 798 215
169 1107 147 44 150 10 640 15
186 732 46 204 6 1118 990 110
968 192 847 96 1127 178 219 179
258 105 967 896 136 176 133 17
108 1139 608 994 834 1008 141 1134
62 1000 114 110 131 366 1057 28
117 1131 219 154 314 1114 184 752
744 1130 183 184 60 102 26 99
112 394 963 175 182 6 1110 68
761 106 1005 163 170 199 1199 72
183 1143 133 224 145 1194 168 1105
741 92 1175 82 144 217 202 170
842 1146 47 42 11 215 21 1162
1197 94 403 205 1122 135 624 45
1016 1071 133 137 87 89 850 131
156 852 1095 140 1132 49 88 143
41 136 1167 106 137 101 898 379
105 101 674 72 54 166 214 3
203 14 73 315 1070 1188 118 1031
1105 14 52 209 69 223 61 631
216 107 112 29 273 747 1198 184
990 1083 95 964 64 146 1174 95
28 737 389 754 152 73 185 131
202 13 198 907 948 1061 573 997
1093 403 4 964 946 1023 1162 900
123 222 54 211 187 920 622 215
121 998 1014 1139 994 166 158 209
1066 1180 195 418 1009 200 152 102
196 158 730 12 339 57 147 57
1078 100 1107 884 988 158 222 144
138 162 119 102 840 84 140 652
207 758 1154 216 70 1181 475 143
178 61 1050 151 1120 922 162 27
106 53 615 1008 164 199 156 168
38 914 146 1019 70 155 178 1067
1154 102 1002 157 1079 764 76 107
17 736 763 1145 1043 94 658 172
127 1139 1034 170 673 550 70 1111
161 11 942 153 199 126 142 899
683 186 98 1196 97 930 829 99
844 223 192 16 1044 1032 912 345
99 6 144 821 1108 111 167 299
599 915 70 191 1046 1011 53 97
1167 69 1080 214 80 31 113 1042
1120 76 1068 41 204 221 542 223
133 183 30 100 66 701 200 51
55 775 1185 1030 2 1048 941 682
1021 5 117 170 4 111 1036 947
944 200 89 39 877 560 958 1180
1000 1048 854 171 27 181 225 259
67 205 181 97 25 54 280 70
58 82 39 52 117 1031 123 90
690 1166 626 132 1122 73 24 22
1132 218 92 4 843 213 35 123
1104 116 123 130 223 231 206 1082
1131 1071 173 953 112 8 36 4
873 12 73 32 663 184 144 57
57 77 121 6 190 182 30 211
1102 161 1125 100 199 43 1132 137
70 171 190 1143 546 167 1151 1077
221 890 223 183 211 187 166 1164
87 450 220 72 582 26 104 175
18 96 1004 1031 417 26 77 1071
945 142 277 179 71 189 106 109
1031 194 949 186 71 11 1155 1053
192 137 82 104 623 162 936 209
47 150 358 91 141 54 171 137
596 1045 176 673 91 44 150 206
832 359 22 147 974 1051 971 1015
1010 201 156 709 159 71 1001 1190
221 436 141 101 863 1097 1118 191
199 1098 54 11 174 57 214 722
521 341 1086 111 69 1044 46 146
185 219 59 205 77 110 643 65
126 145 220 1136 194 628 1063 157
182 188 957 193 216 192 1193 218
94 9 68 1010 154 1177 102 1105
1195 180 1051 1075 123 1189 141 168
1187 183 101 1174 211 82 63 291
1100 36 127 388 78 86 31 1089
98 223 1104 30 5 112 147 1037
174 999 196 43 35 1049 1180 105
202 17 19 173 208 207 255 80
158 1136 15 677 932 94 71 1067
202 926 1029 89 133 114 47 614
1066 141 53 156 580 95 19 46
82 7 109 524 1091 13 132 144
70 87 1193 79 577 170 98 174
131 87 207 109 102 779 728 8
1181 192 312 74 188 944 306 206
1190 195 68 102 95 88 200 135
125 45 742 142 213 414 1013 125
275 1023 38 120 43 16 45 19
28 30 806 187 989 59 119 1177
860 1196 29 141 58 407 20 1161
183 780 131 867 989 78 84 90
1187 118 139 165 214 134 125 86
1098 204 714 881 221 59 25 104
113 50 222 32 1095 169 752 996
471 179 1174 91 124 52 85 45
207 123 45 177 91 196 113 86
884 749 605 1165 1007 105 1004 124
55 62 734 1177 196 774 12 63
1007 742 98 340 65 220 114 1170
181 91 113 296 92 27 34 77
150 60 376 131 1026 187 219 106
126 1062 131 35 720 545 79 185
222 143 4 75 1085 49 100 26
848 198 1040 177 155 1096 1095 5
35 95 181 72 115 210 66 135
145 1087 85 1173 127 90 56 1096
721 180 157 66 290 107 116 804
156 62 1049 102 61 688 755 196
1037 212 1187 38 46 844 22 960
140 1114 573 91 1063 771 891 2
126 1090 156 206 133 868 911 1176
908 1129 440 1069 1191 134 1169 107
769 740 1007 48 1101 198 859 1065
217 113 85 216 1185 118 208 1077
3 83 1164 177 346 1098 1176 143
630 88 4 3 665 40 1058 456
1109 894 942 1178 219 186 932 223
150 176 58 782 97 581 77 166
123 1178 215 128 1113 200 183 139
9 168 801 162 28 224 456 473
1068 984 1096 209 143 61 117 167
26 289 1056 6 58 1114 133 148
47 64 1074 657 188 1017 910 124
183 187 103 61 578 1050 12 205
434 151 375 442 946 101 122 623
1057 1191 1166 116 177 1054 13 103
156 890 1148 220 488 150 138 744
104 58 83 131 3 110 211 176
170 641 215 987 870 98 81 5
107 988 1001 196 153 71 83 1147
180 48 1022 860 43 489 1123 160
189 101 333 698 134 1192 35 23
633 886 1150 19 104 5 1058 933
92 103 842 116 139 1123 136 76
799 182 1028 1021 70 141 830 127
1144 19 210 10 1024 61 63 46
1010 10 108 168 803 191 199 1133
31 12 921 922 113 64 632 630
225 738 72 178 1147 423 22 741
772 1081 124 982 71 1132 186 160
182 1107 14 206 954 138 75 212
281 898 1066 1072 983 1197 886 868
168 163 751 173 125 118 2 1154
180 119 46 1139 598 552 644 54
1072 199 151 1062 41 15 1040 816
84 137 28 225 1014 990 1125 131
179 717 490 215 1167 39 114 22
959 156 1075 174 618 90 134 1120
218 202 218 95 54 196 470 43
146 162 176 831 226 20 1011 128
165 120 20 148 113 523 1050 21
1074 87 162 113 116 39 1160 1137
1048 937 235 1138 930 1128 60 947
1109 682 1010 225 13 80 107 1109
727 1159 48 963 214 183 138 101
872 678 111 1194 81 801 499 48
107 208 724 646 3 280 32 1152
82 210 64 51 218 901 1077 18
994 1101 936 833 1030 184 782 48
94 50 776 191 1151 639 1049 77
77 1085 1052 1141 800 999 24 30
2 1041 174 120 136 89 166 671
109 177 1114 1005 126 106 68 1152
188 105 34 141 1100 1067 21 811
98 141 192 165 119 499 771 76
62 1170 1112 26 954 9 181 40
167 51 166 926 97 18 37 3
226 65 180 1183 1183 70 1050 1155
97 524 157 882 695 47 80 930
18 1191 1009 105 89 1 1165 396
99 59 1074 749 501 682 179 107
707 175 217 196 997 849 1138 1113
210 59 226 867 25 863 1170 114
102 161 163 910 1116 761 129 1181
840 512 1082 24 191 152 4 7
1005 158 102 215 899 970 154 919
372 1028 558 135 106 516 1043 201
429 947 169 222 201 64 153 171
992 15 321 16 95 110 73 1188
106 127 210 205 150 677 189 600
1164 798 121 150 110 51 1024 10
150 508 188 399 1038 955 217 180
1197 198 1123 319 40 5 684 716
60 219 100 857 256 183 219 1155
781 93 1188 127 30 1 424 8
820 239 224 304 19 64 59 198
218 816 20 38 480 230 20 210
799 1199 203 26 133 1032 964 56
137 203 1041 204 982 115 1169 115
15 37 109 1142 1185 78 60 22
52 1163 29 5 223 958 879 1164
1170 185 62 1173 201 137 153 1087
950 129 395 144 101 162 106 1141
210 155 92 30 869 1053 1089 597
216 893 164 1171 866 1141 1107 14
101 191 1162 165 1111 823 1146 79
188 29 167 190 887 107 69 652
583 374 916 1137 225 89 8 206
201 339 1115 114 25 914 58 133
112 4 186 39 823 463 137 1197
203 224 1118 671 729 1116 799 1005
603 134 167 131 224 1064 15 33
107 168 188 131 815 1179 1193 86
1183 1104 1109 1193 1119 607 1071 226
178 21 910 1047 150 852 214 64
1018 1187 247 193 1020 1174 1047 30
208 138 42 703 67 7 16 78
159 224 739 98 200 58 95 39
37 35 251 173 8 1120 1159 1176
435 133 214 1187 218 43 43 69
113 47 462 149 427 177 1109 9
1045 211 969 1111 32 154 53 66
213 46 16 121 84 196 861 185
1086 39 592 1179 327 581 174 59
86 23 165 208 1020 1093 154 65
103 2 189 110 59 190 135 18
121 1102 154 1064 39 1061 50 119
737 80 875 178 140 150 49 118
981 925 1160 129 184 1167 1069 834
1103 1162 178 120 39 135 943 31
151 880 891 103 1023 1099 24 906
1190 116 222 834 65 873 137 189
162 202 1035 886 26 622 329 1050
209 88 106 47 27 1180 934 381
157 731 1131 12 444 54 66 10
61 485 62 115 130 993 1016 1082
214 158 1025 112 655 32 195 1169
1172 40 77 1040 97 6 121 90
1148 199 1012 144 104 591 291 103
1128 599 101 212 89 142 336 152
531 165 19 33 130 423 181 125
217 216 208 627 165 163 114 37
124 24 2 55 40 46 934 24
974 880 838 40 1150 1074 1052 35
183 221 710 32 130 117 1137 416
369 1127 44 124 223 1081 1191 222
140 106 58 1015 136 150 118 147
255 992 628 4 40 2 40 165
1024 108 70 45 78 24 1128 49
857 52 204 1037 85 1043 1061 295
1028 84 1094 743 11 1033 947 1195
181 97 188 1065 1088 9 63 1076
121 55 835 126 91 1028 737 918
51 14 882 203 94 93 145 26
1073 73 923 101 909 142 491 690
1149 20 209 150 1164 84 88 134
846 147 69 221 211 1020 305 1023
885 1046 1154 663 42 163 190 198
174 939 725 28 38 1196 1051 1049
137 80 993 148 867 53 126 1176
4 138 188 137 144 73 148 166
9 65 1112 128 1006 162 28 1041
104 150 34 168 1000 130 92 688
2 1077 205 19 157 224 59 54
1069 108 1169 101 80 1126 826 88
633 167 105 1000 583 1102 967 100
1101 7 149 11 68 633 22 98
1047 1017 1107 40 159 813 192 188
175 187 699 1158 859 60 862 140
213 47 142 221 176 38 954 799
922 216 68 84 42 84 3 148
210 40 81 1083 1102 210 719 1174
115 991 208 855 223 1029 204 12
1172 1112 66 119 65 218 105 1057
654 928 1168 350 242 991 870 638
36 61 2 1017 154 61 158 661
725 576 215 193 7 115 825 284
1063 117 49 209 1028 169 53 166
1091 27 1192 29 147 114 1183 710
79 77 1 91 1023 191 185 71
145 137 1064 13 894 26 1022 103
1066 35 838 111 40 126 1083 935
117 176 1000 158 169 36 632 478
1018 191 75 55 1173 225 11 132
164 54 1040 866 1157 491 74 188
204 1085 883 34 4 100 126 1156
158 818 1058 198 368 125 1022 53
111 76 847 973 230 1009 26 1137
119 21 188 134 153 174 908 21
159 141 129 121 77 1158 208 276
182 982 204 85 148 171 1048 14
985 33 842 1036 4 24 868 1000
1102 400 1114 56 220 1189 1142 123
220 119 860 22 74 28 37 1040
33 209 807 68 447 871 650 189
179 73 792 179 335 21 30 416
35 398 407 66 836 198 121 219
62 606 938 25 1111 1121 839 200
93 66 73 681 786 86 922 1119
113 18 169 462 205 885 1158 21
1130 75 149 1139 1067 195 992 53
219 192 102 1188 11 1136 1127 202
219 82 594 32 48 90 54 1029
146 177 133 119 1187 10 176 125
60 27 1015 1113 122 168 1016 1024
3 323 440 47 144 1176 218 1126
41 1121 1158 643 749 107 1041 226
220 13 953 45 224 1019 1041 219
45 16 1109 50 65 666 179 529
1142 1002 845 1003 652 1141 36 951
1196 996 707 794 28 97 51 76
205 161 164 30 221 222 971 906
77 251 104 121 1175 1176 535 1127
108 69 22 82 130 135 197 139
175 26 37 217 118 1145 146 727
1113 72 840 49 1071 1100 1198 236
133 199 193 603 753 1196 1122 84
28 26 87 1015 145 8 28 17
944 143 1156 558 92 146 123 131
62 178 172 218 869 937 130 1011
128 160 1056 176 843 86 220 144
915 57 80 175 1053 220 80 107
23 981 192 128 191 12 516 133
1067 482 32 222 629 51 117 27
217 1169 90 1193 214 611 152 1067
70 432 220 174 199 1002 208 28
146 67 426 29 918 11 1046 81
128 139 56 145 21 14 39 205
48 219 96 1084 1175 78 1117 49
371 1014 767 186 1058 83 885 179
224 47 27 205 151 364 29 412
87 19 46 1121 89 983 980 36
843 192 1065 5 119 988 191 1134
1142 219 915 104 107 201 96 12
205 200 1140 175 1134 1106 986 86
74 951 1145 159 1029 190 354 705
167 79 19 541 1081 559 134 93
12 226 479 1186 985 134 48 207
820 952 45 754 25 220 183 63
1196 1090 10 185 117 1085 1097 41
575 1177 119 1189 105 81 178 181
1120 149 956 1157 108 108 1191 1088
67 114 1181 1184 1151 1176 82 777
153 86 67 195 16 225 115 1055
1158 1162 226 35 123 91 1140 215
147 654 1192 124 1166 1181 1181 9
850 415 134 22 996 1197 1165 215
44 63 1047 8 152 111 195 1075
194 1069 387 967 1090 701 1155 272
1090 179 18 65 199 809 179 129
932 931 978 198 811 1059 158 183
10 1153 920 107 41 1068 5 127
203 986 289 171 726 36 211 119
325 2 188 179 121 135 48 1180
98 22 204 283 1119 979 94 991
32 946 191 29 124 764 109 194
67 156 33 1046 1141 166 225 112
78 1011 432 83 49 162 951 145
1189 178 32 59 38 939 998 1
164 648 1178 642 115 1069 1062 94
1128 1085 173 636 944 108 900 825
692 37 1145 117 544 1140 175 1112
1055 924 1050 67 748 647 151 266
485 950 192 185 73 970 209 187
58 126 1023 784 96 1157 757 1078
1076 1107 23 187 1042 1078 112 103
162 143 1018 1059 55 78 124 186
980 1003 211 942 1037 48 856 85
192 895 128 821 182 1130 1187 67
109 940 1184 115 1025 609 1084 1015
215 945 1094 19 54 1097 36 176
34 129 1035 88 737 127 207 741
169 220 519 83 133 109 55 111
978 739 152 1139 984 1059 1197 210
133 158 75 136 17 1100 72 117
8 561 23 144 63 62 589 108
148 137 1024 1196 135 610 1100 71
58 136 246 572 1036 201 869 180
61 762 730 165 65 44 52 166
175 158 128 151 157 449 160 148
45 74 41 1096 557 678 1068 14
1163 82 14 1183 75 1011 125 1129
99 37 79 37 47 41 176 620
88 1200 162 16 149 1114 1087 1087
746 855 12 787 172 25 56 182
1161 1101 37 967 148 110 221 1065
1040 4 983 194 208 1148 237 951
1052 446 190 977 196 214 222 531
745 64 28 56 67 218 165 1168
1186 193 945 192 151 154 1069 93
330 178 321 285 996 147 657 817
155 226 1168 227 1097 96 145 9
241 170 22 180 192 7 1058 142
63 130 1058 1114 1088 730 42 193
1039 189 1127 79 132 71 17 127
72 518 1188 130 1149 217 649 128
1019 207 1182 279 771 181 71 162
972 902 57 933 1069 173 897 261
46 1111 220 619 1 5 103 87
1079 613 868 814 191 197 3 106
88 801 20 30 211 1052 721 129
180 184 152 956 204 110 58 134
790 1143 17 142 30 797 147 1121
180 1 14 143 828 864 133 111
1082 474 134 40 148 19 105 836
189 1069 1001 194 185 482 720 189
1083 1119 1142 323 74 1189 143 212
57 96 1190 987 35 89 184 669
60 970 1167 95 115 983 1102 1034
1151 202 5 865 173 592 116 123
56 185 124 114 24 1044 775 134
104 1014 1052 48 82 1070 676 10
1034 177 1174 82 210 66 664 1033
69 1126 57 199 10 1028 220 163
1146 1000 919 196 211 96 44 18
733 132 1170 1046 908 212 139 905
63 98 39 42 272 154 150 992
33 938 194 1040 9 197 58 97
119 149 74 205 181 818 903 267
202 580 593 918 666 1076 23 193
369 1098 304 256 969 197 199 207
8 36 103 146 1113 101 57 72
1056 44 139 149 683 965 1043 14
62 1102 1175 325 812 192 20 26
193 852 1093 105 187 975 127 144
157 178 1071 91 1151 142 641 551
58 680 181 203 213 89 1064 30
212 1040 45 463 484 4 642 454
162 28 110 125 80 93 159 795
196 32 161 3 927 412 170 166
685 226 1040 33 1075 205 1083 1159
213 134 1045 78 21 141 40 50
469 183 86 184 84 208 962 132
198 140 152 1188 2 62 1129 299
161 95 42 81 1075 223 1017 2
100 1117 105 1143 864 217 74 190
745 185 190 146 614 133 889 186
153 137 84 1100 72 111 852 121
67 1170 25 60 1177 977 126 990
224 20 118 40 1164 767 152 83
158 1 1096 171 1152 20 160 1034
125 1085 656 953 11 661 817 159
210 172 110 198 167 1137 87 116
35 39 397 1086 29 748 211 107
827 601 83 621 16 16 1015 109
123 170 208 18 103 135 106 1063
859 64 408 1016 186 813 924 302
1004 174 1020 138 966 124 97 134
