42 123 159 500 168 205 1031 145
1115 49 1061 1038 183 121 1125 204
1132 606 824 1125 1137 1123 1187 115
75 215 610 58 67 202 1012 215
1020 1009 130 76 853 1099 985 34
1122 972 170 510 153 102 1081 721
212 1007 842 965 1018 1044 132 913
53 204 1131 1017 979 165 224 1185
49 818 1166 1192 126 147 1181 853
375 121 189 1080 42 1154 83 117
96 38 226 1043 3 53 1007 1127
960 10 67 1176 1012 873 1012 121
139 1004 225 150 219 217 70 1042
6 48 226 1184 101 183 726 130
927 973 155 1079 27 138 153 1082
211 178 1107 68 138 157 9 114
181 1163 179 156 49 898 226 1016
1168 210 78 871 223 905 149 143
148 197 1107 1110 219 107 142 12
836 15 18 144 30 1048 214 953
27 1 812 982 563 206 150 253
117 122 134 727 1101 1009 1142 54
729 50 142 1024 388 133 137 91
1174 896 131 107 163 204 1050 50
998 37 36 133 174 1109 208 167
84 654 96 966 105 107 210 9
79 1192 60 169 100 455 1136 24
78 1117 728 1090 92 119 182 168
103 157 46 27 377 537 51 1081
139 1153 100 61 1112 1122 195 39
109 1187 182 78 22 225 1073 87
81 102 1188 89 1065 65 138 102
67 65 41 382 54 132 97 1199
161 141 1032 238 189 189 281 133
119 137 154 627 40 185 452 114
1051 36 118 127 160 139 190 14
169 63 506 75 20 128 154 784
1091 1159 177 472 1093 73 225 115
677 196 265 1192 234 194 86 145
133 81 287 1030 45 903 48 1096
521 29 121 41 181 23 1128 165
92 890 65 717 11 556 199 165
44 223 196 301 134 126 1095 43
126 54 76 766 1140 998 65 1139
16 175 60 1073 7 973 1104 1031
1128 469 190 1095 298 203 104 201
63 140 68 19 465 920 786 102
921 558 725 72 1193 196 997 160
200 627 175 129 3 964 804 15
1052 174 410 864 1012 1140 1061 1098
993 603 197 404 1004 122 65 182
1177 26 90 346 151 59 156 174
1096 81 38 82 288 1147 67 39
1015 212 1097 916 714 95 823 745
178 120 112 71 233 869 87 987
78 134 209 18 985 938 1120 192
204 35 206 206 1003 9 197 189
1042 63 1187 42 953 47 1175 91
110 56 1104 175 22 588 132 173
162 66 112 33 1132 204 157 196
151 4 831 127 59 115 1036 879
8 7 1136 165 36 125 1061 132
1104 143 12 1002 999 97 17 199
1147 67 955 87 831 92 1105 286
199 89 99 810 161 56 1193 661
98 175 147 76 122 195 1129 172
121 107 960 2 206 158 78 1115
218 213 201 1023 47 659 217 87
150 54 1043 24 404 855 167 176
172 1158 135 1185 52 55 134 166
34 1045 1041 23 1039 119 177 121
711 17 67 22 148 6 83 338
7 155 93 137 10 436 1197 64
1181 118 196 77 6 42 242 96
648 944 55 1107 167 98 173 1034
139 1020 147 939 186 62 1126 943
1183 999 39 54 1135 11 102 1
921 103 959 828 628 224 976 870
10 92 753 109 158 1161 71 368
131 202 1024 32 84 1164 1200 190
65 1075 147 14 96 22 26 37
267 156 35 50 776 10 1082 146
1129 40 1136 124 202 210 182 216
1005 909 20 197 63 1084 63 12
198 1025 952 222 153 1045 138 96
637 138 60 162 141 69 136 212
16 135 555 41 1162 1053 672 149
8 93 33 585 207 200 106 1055
104 230 1103 1181 40 52 40 66
3 182 1100 195 82 1181 131 1150
824 1166 89 155 117 912 733 13
224 833 1151 163 190 1158 1149 520
211 150 2 350 108 44 76 180
105 225 61 223 161 1058 51 953
137 2 15 21 57 114 205 1134
182 1138 1014 13 987 1170 1192 53
173 944 92 139 787 211 900 903
971 63 221 1064 173 43 133 1163
414 674 67 1130 230 254 126 105
114 146 43 155 53 173 1133 1066
198 1147 929 963 145 1178 10 125
1134 25 38 201 71 992 122 205
144 157 743 173 915 83 42 94
154 35 1147 907 15 134 120 1184
142 37 834 746 103 275 1134 14
77 81 2 959 732 173 1163 1190
119 64 95 168 1100 165 1171 207
1083 209 48 180 201 224 859 1158
142 8 144 610 616 180 226 906
72 765 197 223 30 1149 5 3
1004 376 103 563 1142 37 817 636
223 195 1063 209 123 59 209 1011
924 1045 176 171 112 1112 184 750
121 781 115 31 194 1107 878 81
1129 60 79 358 753 183 76 674
511 1012 56 1081 175 1119 138 160
1110 1089 1103 1197 75 1120 42 197
508 166 123 50 159 92 122 584
111 66 484 6 61 138 148 739
55 1004 1184 120 82 981 850 596
1150 75 18 171 176 6 940 182
225 137 51 123 880 480 442 52
1144 127 1085 130 174 138 838 974
927 34 643 143 201 65 35 110
1053 582 175 197 187 115 51 965
190 222 143 761 146 42 162 972
346 1160 1123 1 1078 617 160 1149
1107 735 105 174 924 525 157 153
1033 56 74 648 121 905 222 1141
709 611 638 92 1160 347 324 169
144 142 658 206 109 139 840 788
863 1132 198 1171 51 821 115 66
946 161 69 791 210 910 78 116
597 101 129 888 391 197 297 122
104 201 102 1029 110 17 49 1037
219 178 185 785 172 196 454 10
427 737 8 1186 210 1117 968 390
129 1024 125 225 1164 154 201 63
211 203 159 1004 75 863 205 498
1047 994 1142 897 177 55 112 28
143 181 120 41 172 168 1002 72
1026 144 1031 13 65 124 100 21
203 1090 112 72 36 982 1104 96
219 240 291 82 187 363 948 195
84 310 1084 164 47 41 47 1199
1157 180 332 1009 100 88 1088 80
866 950 213 215 126 200 1075 843
186 222 125 289 271 1044 186 182
31 703 941 748 210 171 630 13
37 210 689 82 104 55 170 431
1083 229 1078 165 1141 1035 504 127
111 168 57 8 152 958 217 1157
18 527 52 23 1 180 1196 122
202 99 1184 137 223 30 941 76
1026 83 120 1031 1163 128 109 193
517 1156 18 1 140 38 184 82
86 24 188 85 3 1161 196 856
66 994 1039 49 99 1074 376 142
99 494 808 163 1182 1187 1103 103
955 44 479 195 66 129 190 30
164 1127 1062 1139 467 187 130 1155
42 110 46 181 164 1064 39 1148
132 936 214 94 88 889 217 125
300 96 1145 168 192 93 191 842
179 1061 638 971 223 63 45 215
70 1056 251 183 33 198 1065 204
1118 695 70 90 53 1018 1142 971
35 201 806 138 127 107 34 57
214 60 10 1068 200 2 731 207
128 108 1090 111 1032 29 33 720
68 957 143 65 104 15 6 1029
1162 76 70 862 465 19 662 1142
192 199 1168 79 28 215 108 794
89 450 198 1173 130 130 127 31
84 1180 1015 31 1096 160 62 9
141 1051 176 73 200 186 33 73
966 222 87 132 35 78 729 157
1031 201 105 60 111 740 78 584
188 798 66 13 14 171 21 947
129 701 935 1099 1001 52 780 212
146 475 19 978 51 535 1144 99
1013 1124 708 195 1110 1195 205 218
117 1115 838 117 38 110 385 216
22 1133 887 65 14 204 13 1063
106 1008 141 251 71 102 223 141
45 203 223 985 1077 1080 140 26
102 141 1084 1133 920 948 892 959
136 1141 54 212 84 187 639 15
943 426 206 157 94 21 93 146
976 826 178 1012 59 189 184 6
260 130 140 4 1064 185 198 23
1134 800 832 853 166 1077 1097 73
976 797 679 198 922 998 276 197
16 83 1175 29 1171 1117 24 171
170 28 744 1054 79 1 204 115
1155 352 1001 119 867 1000 198 1106
180 424 832 82 1015 533 163 45
1191 904 133 1158 12 68 4 64
29 1046 100 222 222 905 149 645
1000 147 202 215 848 2 26 1174
985 117 41 1185 11 10 653 161
209 194 205 160 12 199 117 66
52 1076 1023 1195 38 190 37 257
595 397 1022 80 300 221 160 26
206 183 1044 1106 593 127 1053 1094
222 106 218 767 219 635 198 47
190 24 1063 316 84 1188 1019 200
591 812 110 38 185 1095 199 1025
4 1022 188 612 20 1116 109 212
37 1055 950 20 75 1172 162 75
644 1068 938 216 62 1179 1152 159
90 1071 716 48 45 258 44 25
35 170 9 187 176 74 126 94
764 1090 136 24 199 808 162 653
167 15 210 665 184 1010 39 19
98 112 63 740 96 129 18 1064
996 1194 1048 654 218 139 964 119
1144 1065 154 1024 1047 997 727 213
193 1060 1194 201 71 76 160 190
1176 231 150 106 881 175 331 124
604 22 123 188 929 1144 262 203
206 177 1158 30 105 910 26 220
916 106 279 671 178 495 101 1048
131 226 462 114 1153 715 1000 973
142 1200 50 27 14 672 218 158
703 889 332 134 170 117 171 116
209 199 27 191 162 165 87 91
1099 74 136 112 64 173 26 193
1148 783 155 225 116 36 15 197
17 124 85 43 755 868 1019 79
6 140 116 40 26 1161 3 215
152 156 1146 188 1182 240 162 137
190 1189 16 207 208 65 5 194
1092 933 422 1071 949 193 96 158
1163 192 923 141 987 1128 66 176
29 1162 1173 114 9 919 203 172
270 123 121 62 1191 215 188 144
129 838 101 1051 631 1144 691 216
860 208 45 974 204 74 1050 1107
545 103 174 1074 939 1112 149 18
115 49 176 1067 640 3 84 171
57 206 895 182 889 719 1022 25
1058 1011 693 20 95 1078 33 145
1054 173 82 147 199 482 839 1053
120 30 222 830 73 1102 217 218
141 884 1016 192 1180 166 64 118
30 122 1079 17 818 1006 919 552
98 52 967 154 3 30 999 130
453 185 1138 100 860 145 142 895
1024 43 25 83 979 438 190 167
156 146 1089 168 1079 88 101 577
65 49 816 36 60 137 617 1019
9 1088 757 870 26 263 676 143
220 1083 1156 76 90 754 1093 152
34 90 83 198 57 895 893 73
1012 1136 299 53 82 214 141 1142
1183 949 1031 1094 1005 806 1026 138
25 29 998 169 1177 113 220 93
1150 157 743 170 89 35 197 354
928 217 220 153 886 1189 79 143
10 33 79 223 1037 999 42 108
173 17 1173 845 1130 67 195 764
1054 128 1079 1100 43 225 1193 203
39 46 1151 132 101 113 159 203
115 106 293 749 932 102 151 939
70 1117 38 77 1142 25 915 745
33 666 7 84 923 158 157 1169
1104 125 1137 138 171 991 745 14
1127 148 1031 859 105 73 1075 63
96 87 40 1147 63 216 20 871
130 188 41 172 597 958 180 680
144 13 28 1033 856 243 1096 1106
100 144 75 77 874 103 148 876
1009 60 823 1131 634 865 989 979
59 997 1139 815 1144 219 920 969
19 78 19 220 214 934 977 153
641 35 1049 577 1118 1 137 153
185 30 19 1141 154 657 837 97
108 10 417 126 168 137 64 1050
127 116 179 736 64 1090 542 106
966 1140 638 67 166 705 1005 198
164 93 255 775 1133 1040 186 220
152 373 187 650 683 62 958 793
24 56 528 1122 1122 1070 255 138
353 56 1190 378 786 202 1074 182
973 1071 861 210 9 68 1076 775
105 3 1096 825 56 55 399 99
199 1082 149 320 1135 914 129 1153
135 151 134 1030 1033 1122 63 108
179 295 408 99 967 152 120 168
1153 34 164 1037 737 236 195 222
888 1104 1062 12 94 185 948 748
11 176 1001 898 146 978 148 42
276 21 82 871 79 108 877 908
11 11 98 73 202 31 1047 197
56 107 822 78 44 693 142 707
170 128 38 57 87 42 578 93
1037 554 1188 66 768 107 96 813
52 13 14 1135 893 195 176 180
1135 991 1044 827 92 910 1082 383
223 1088 1048 1002 24 143 18 54
505 25 603 216 155 406 29 442
1027 80 211 154 150 225 219 10
4 1188 1070 585 86 171 518 54
28 109 36 1105 42 1089 56 185
195 307 1020 118 1197 1196 809 1005
132 1084 158 311 69 7 47 928
147 116 1071 175 609 22 169 19
136 61 322 222 945 162 954 928
1164 172 722 219 561 32 899 219
97 506 156 964 656 852 927 1106
183 1092 1131 771 1141 110 186 170
1104 820 3 3 51 937 219 71
277 891 576 1041 150 38 875 27
161 71 139 1193 87 239 978 2
185 163 57 4 1159 624 149 1187
992 173 744 630 1166 126 55 956
1064 162 183 163 74 409 13 134
8 161 1145 1138 141 73 61 88
1074 44 766 1055 94 1054 119 146
1199 1026 1166 152 945 172 829 1081
95 165 169 1054 134 1003 215 187
879 688 9 38 306 533 215 73
30 165 88 28 1183 118 1011 1195
47 521 53 1087 52 801 51 984
766 29 175 107 225 207 941 599
221 95 55 156 323 139 193 142
852 199 169 156 103 127 1048 1025
586 987 222 1116 174 137 135 1040
159 1197 1063 176 315 147 10 80
198 187 137 131 75 1150 210 916
1177 284 1174 110 60 79 130 1
1151 1131 1027 149 429 1104 998 5
18 90 136 103 1086 121 153 139
114 175 106 154 62 1025 887 861
56 81 159 917 156 75 70 1080
320 1083 564 105 1140 206 116 911
88 173 14 34 102 1071 698 125
107 1143 309 204 145 34 154 148
159 165 60 93 868 1152 889 110
5 213 136 28 146 1112 43 964
143 100 193 194 593 209 633 858
204 113 689 215 109 887 76 101
23 221 208 15 1149 374 213 1193
202 464 1160 1186 658 1061 105 1074
122 9 157 681 36 157 17 556
169 601 1122 648 85 189 40 466
53 5 1123 147 214 731 169 1095
1038 52 119 196 166 756 161 1149
965 83 837 109 49 946 458 422
10 158 145 15 36 1134 714 50
294 146 164 3 53 124 1025 24
72 16 983 702 35 1085 94 71
163 139 893 121 145 1074 1140 79
113 123 1090 81 369 774 217 144
183 126 98 13 1069 806 207 1170
1133 31 155 1173 1025 844 93 681
85 68 50 1034 152 1111 441 46
105 793 113 180 86 1049 75 700
277 143 135 112 55 210 166 1182
1186 95 122 597 68 962 1130 197
124 55 1155 1172 640 759 160 194
40 191 890 668 154 761 952 70
152 1153 1072 1050 224 1037 184 28
187 1133 658 752 125 233 1119 454
1155 18 938 1034 149 45 58 221
1109 1070 20 26 185 46 169 182
224 1031 569 908 1003 173 216 112
803 206 1058 80 29 80 34 100
143 207 141 61 132 225 1195 57
44 1117 960 163 9 959 13 1111
40 9 1148 150 63 41 1138 101
1198 201 78 138 43 220 146 198
208 870 206 70 1036 140 67 124
38 121 130 52 1114 72 172 1154
85 1 41 99 1180 1069 1120 885
34 91 1129 192 1026 946 744 99
208 203 209 42 135 516 132 362
17 118 8 911 180 213 187 1057
1058 100 1064 879 183 219 72 896
33 1190 1025 76 184 121 1037 1036
1045 143 805 213 99 27 113 138
943 1103 850 79 908 48 1178 756
1102 90 200 8 67 85 1167 1038
769 112 51 956 1091 538 195 150
136 730 16 200 4 1144 138 74
793 817 1004 30 179 1127 1110 183
106 1151 43 173 159 61 195 162
226 198 108 165 912 608 96 197
626 67 1127 1141 118 738 59 676
269 916 191 993 1122 112 296 283
122 749 128 1157 53 385 699 132
2 161 10 651 449 1055 1058 204
140 148 214 1091 958 352 1081 1153
983 922 1000 114 954 1185 105 820
115 1099 156 842 686 199 26 1028
1049 45 109 1039 89 119 41 1051
1047 201 126 83 387 90 1094 1190
90 167 132 1176 718 166 740 153
186 86 72 197 19 110 173 154
970 1193 667 224 6 860 23 99
136 887 1088 954 1085 41 104 1020
48 26 101 41 1095 140 59 200
1194 917 863 173 21 57 650 151
212 199 1 559 166 17 156 861
31 210 480 1004 97 194 150 723
66 208 217 655 850 1189 197 906
1066 83 211 177 522 1178 1065 1099
988 500 60 575 88 1123 1138 29
169 1062 221 885 217 1108 294 581
148 166 52 137 595 1116 143 1020
646 43 58 298 1097 1124 208 655
37 20 608 107 869 1129 135 158
1121 780 1015 292 145 492 175 4
63 172 838 1125 177 1054 78 49
147 91 210 167 101 214 1054 62
7 105 200 127 151 109 191 29
987 203 582 134 21 157 73 1004
1102 113 100 95 39 188 21 1108
813 137 98 1162 935 126 796 209
578 94 968 181 176 1139 37 175
17 191 218 65 891 213 862 104
62 150 129 1105 208 51 660 160
826 1050 797 88 19 9 1023 83
114 973 1161 847 494 263 184 3
33 147 200 439 198 1079 1033 38
1143 1145 1189 974 1094 103 88 83
93 673 186 111 223 218 117 1091
1101 924 27 776 991 739 1035 46
1184 178 827 1029 174 1154 1164 457
89 5 38 1081 3 70 1017 548
747 100 585 753 219 1101 1052 119
758 864 654 539 304 952 331 776
1139 154 36 1193 1107 1043 122 626
1056 117 196 118 45 1112 179 1044
159 128 27 131 1020 1017 1145 896
163 111 206 219 175 705 94 1006
1013 736 221 6 80 435 18 100
1072 1067 32 52 1125 198 26 1189
136 118 43 47 175 200 90 141
1050 80 80 85 1183 75 913 721
81 119 172 991 155 82 172 1154
175 193 1047 155 115 915 656 160
164 955 51 811 1144 78 12 11
713 139 897 56 1109 124 212 319
15 98 196 574 77 893 123 1133
1003 42 218 1067 116 63 1124 216
102 7 59 982 937 64 103 205
1071 211 100 1102 827 170 163 32
196 1058 2 1105 93 1075 203 11
1169 45 44 168 1012 192 7 14
165 1177 137 19 142 2 1080 906
1143 1011 669 1172 175 1172 1007 181
93 153 169 226 1117 94 930 1139
1107 365 684 631 94 1089 1045 908
217 594 71 1043 184 192 1021 213
92 1069 225 16 31 1080 177 46
814 29 186 158 200 709 186 63
1057 158 999 1183 761 214 81 1073
139 43 37 1082 154 30 835 803
170 930 811 704 216 20 188 1181
86 712 925 6 51 162 10 178
155 53 706 189 49 246 174 152
1180 1068 41 58 92 93 106 58
129 363 1120 104 50 1002 196 195
36 866 160 1098 1122 659 208 862
827 131 29 912 183 384 133 96
207 140 149 97 76 1 104 302
217 46 190 73 34 2 119 105
50 22 89 151 226 132 20 212
1135 135 75 1004 53 32 200 57
1164 919 1170 1067 121 6 998 274
868 145 199 39 95 1102 115 25
148 64 197 33 1177 189 71 38
165 216 69 1028 110 677 177 723
226 1188 584 1064 64 85 184 1195
559 243 95 137 185 1047 203 214
20 1160 218 213 1058 140 44 53
1196 1048 592 1106 840 151 897 171
189 812 214 2 1006 829 172 355
99 157 1096 127 224 1085 37 212
1020 132 919 1012 141 183 574 108
734 819 110 1060 410 1196 1014 177
250 202 152 122 1002 481 169 83
25 147 202 157 76 1148 657 63
1099 71 96 132 1160 82 202 110
746 1063 22 15 84 124 1161 145
866 190 3 281 160 347 201 1184
1024 1187 65 180 155 1131 61 121
1190 579 4 55 77 181 1119 201
67 127 1192 1108 1130 854 60 91
70 630 80 131 186 9 138 58
108 48 137 45 122 1118 122 1120
814 81 118 204 102 6 100 673
836 1162 198 1099 127 572 896 53
96 125 985 1069 193 1106 122 183
191 153 961 875 510 96 697 867
192 1022 131 226 182 396 1112 42
70 344 661 183 716 14 349 171
859 1030 119 195 66 80 899 59
1066 64 345 203 939 221 56 135
1099 80 1150 197 834 1096 194 198
1 1183 614 1147 209 92 154 150
1165 210 345 180 411 96 841 1094
678 706 36 140 63 1043 33 63
22 30 218 213 1059 1161 427 9
1189 214 662 1090 1198 264 4 34
856 189 37 72 140 1020 110 106
985 1111 111 32 1007 803 503 73
179 130 1167 140 59 1009 1161 857
802 976 1063 1146 131 1120 246 787
129 217 457 1022 141 56 179 27
116 76 71 871 19 196 425 129
49 28 1075 440 1173 142 63 128
792 108 128 911 183 1047 1138 209
139 5 869 999 126 902 218 112
99 362 156 28 196 210 183 1055
97 3 50 117 1028 930 1046 19
61 53 38 978 1178 855 4 205
140 132 119 49 550 181 445 224
934 179 200 768 154 226 807 1048
1134 145 1119 46 68 170 164 202
280 957 115 690 35 54 137 1017
124 1029 928 1199 31 680 3 750
1013 186 897 1192 114 162 223 909
845 547 443 80 1000 614 1182 924
886 1132 48 1041 348 71 489 25
1135 93 142 954 1122 715 95 274
131 31 1059 153 61 79 1135 1106
1016 1037 126 158 339 135 108 103
1030 93 1011 119 224 1184 912 933
1088 209 678 694 12 1009 5 4
17 87 119 1039 806 1092 686 97
189 185 932 5 184 42 206 166
157 217 180 73 194 1035 699 140
194 77 26 153 396 309 34 902
794 38 39 128 1117 123 135 975
7 191 389 209 1175 181 49 1153
616 217 92 169 682 1032 140 58
95 148 217 222 843 165 908 145
221 1114 116 39 16 1065 226 133
181 975 66 1099 32 57 220 125
841 67 45 958 97 120 184 139
1060 33 103 86 72 120 903 204
20 177 89 879 85 221 888 1062
205 112 106 1159 192 1051 196 188
113 970 647 123 785 198 171 1046
183 134 107 336 327 129 164 190
103 27 851 118 984 105 103 69
1105 167 196 41 181 652 886 884
1027 41 934 1101 1017 197 58 1023
60 206 114 72 208 161 135 451
76 460 143 36 1007 39 47 113
891 17 15 735 791 1194 318 696
1146 155 62 104 93 23 192 144
632 179 1087 1029 216 60 400 605
1200 1057 817 904 1166 70 909 184
607 225 1131 168 417 588 133 771
292 619 168 937 437 1132 1037 975
118 153 688 41 21 5 89 204
193 835 492 1064 61 333 154 666
1140 898 11 1032 181 194 7 173
100 197 176 224 206 97 3 107
941 89 1195 189 435 56 203 3
216 66 106 74 846 10 153 868
867 851 31 46 206 19 1195 70
188 1100 798 67 35 159 173 289
901 1070 164 131 1146 18 892 159
58 105 76 81 44 305 75 218
1021 192 21 765 175 127 770 43
20 72 1019 406 135 212 79 217
19 77 119 393 23 755 1189 204
108 92 81 173 119 1087 760 1009
1191 221 1134 191 587 172 762 272
137 121 6 1084 190 1133 728 1155
853 783 210 754 80 918 123 145
196 639 126 27 200 1126 149 5
1176 127 140 74 918 210 172 993
142 166 102 990 27 59 126 208
1075 143 828 1169 138 1158 1198 169
14 111 829 57 219 51 1003 75
1118 114 13 85 1118 226 141 42
45 1030 86 1093 970 154 712 223
203 307 1068 58 55 40 1096 222
1188 139 49 478 48 4 128 150
65 69 1084 390 401 3 116 44
178 1146 1123 76 1197 239 1127 7
258 755 47 66 961 1032 1103 13
570 1052 144 485 79 170 1130 136
110 190 994 983 57 59 520 113
97 1073 146 205 1066 1116 1098 171
407 226 147 19 958 137 1035 1093
1055 147 1143 1077 53 167 170 943
32 619 219 974 1109 1128 9 207
77 1087 68 141 1177 143 888 772
225 168 207 220 155 151 131 1060
1180 17 75 145 216 714 530 1152
190 111 57 341 1097 179 54 1200
1108 179 879 108 1002 77 148 659
95 877 89 1131 58 842 38 215
