9 1136 122 160 95 187 102 53
507 1046 262 1165 14 1169 583 2
186 62 121 839 1 891 20 1189
139 192 231 161 395 1186 974 1177
1195 205 658 1084 1032 70 1174 909
222 948 98 111 114 1081 977 193
1077 213 131 1062 161 1035 145 50
135 41 765 88 1058 1046 929 105
118 1091 1042 222 179 90 1117 60
1106 44 144 1026 54 1162 101 106
575 416 1003 166 1028 78 176 955
1021 373 1154 90 366 171 132 40
188 821 1134 904 830 171 5 1181
97 71 31 1189 430 383 186 653
881 821 31 207 212 89 1099 1015
371 126 872 71 84 58 168 76
556 1118 188 145 23 40 1187 1086
4 1018 211 922 48 30 976 97
42 3 92 54 13 178 1084 1166
303 718 67 1136 1128 782 11 87
11 142 1194 1000 837 1081 213 1036
1144 43 1072 913 370 211 134 688
84 42 767 91 378 108 191 17
202 39 160 857 214 128 122 161
72 64 89 141 135 96 617 107
93 80 1015 1010 124 121 490 90
180 932 993 176 50 472 7 1166
148 216 179 687 199 37 163 84
1190 204 125 66 1062 136 1195 98
884 94 1051 67 50 164 563 1116
1018 82 184 549 144 124 1165 1118
890 1122 76 1137 1000 224 91 21
33 166 93 974 846 78 343 1126
1096 181 325 108 133 2 713 1072
66 1179 170 31 31 150 114 1026
177 34 819 990 196 161 217 211
1179 106 674 951 147 47 1038 1005
195 176 156 6 1067 107 1184 59
63 9 57 98 26 27 100 416
55 185 6 195 207 1088 73 24
1114 1156 45 71 82 1198 1022 179
222 1130 207 218 32 1187 31 166
185 197 220 1004 23 2 1198 1124
42 74 57 910 96 788 5 88
179 120 933 886 189 100 62 183
156 38 92 80 591 161 531 221
177 211 929 37 183 1148 223 62
1192 1098 1183 1122 140 1182 100 1045
202 892 628 25 21 904 154 1127
49 166 20 380 185 1058 427 89
673 161 215 196 689 212 1172 73
517 190 108 1171 919 34 63 166
171 168 76 215 379 216 961 208
83 39 774 22 95 191 1145 84
134 640 148 226 68 204 936 1101
160 97 953 174 1002 45 153 126
130 214 790 77 1067 869 203 154
5 69 36 840 176 78 172 931
83 111 916 1021 1069 112 80 55
815 807 185 157 166 884 96 1026
81 88 208 161 41 1124 1061 148
123 90 1132 323 57 1110 137 39
874 771 204 41 1068 65 414 128
206 1057 1085 226 13 96 99 418
211 101 110 122 1039 2 1019 954
1172 752 217 182 871 74 184 894
205 182 141 784 1080 868 215 105
849 1043 1045 103 138 1195 62 162
28 1021 214 810 978 148 971 47
60 24 196 103 194 146 91 206
212 148 71 181 824 13 912 133
176 1158 108 1013 15 30 1096 81
10 151 110 61 782 333 11 1084
175 1073 947 649 1002 610 110 51
237 948 30 52 101 952 520 136
55 95 41 172 178 170 1114 166
1010 971 1078 578 915 52 188 12
53 986 181 75 380 77 1178 58
133 56 118 1001 57 83 187 1024
1194 18 49 1141 8 170 29 102
205 884 164 180 1157 97 171 141
34 76 727 93 708 73 1146 45
14 203 24 142 33 278 196 216
16 1185 780 62 979 14 33 1171
869 169 146 959 10 118 98 794
1164 54 331 15 1164 214 204 473
30 26 88 1153 934 773 50 1103
69 208 857 103 971 22 1120 103
28 877 98 1028 1141 891 676 981
764 51 1101 861 1128 76 1189 1022
616 163 1143 45 29 1143 206 241
1004 179 74 109 193 180 13 134
69 1130 1168 117 74 408 621 154
715 206 1001 748 1020 1109 177 1158
1097 164 1189 718 245 155 1017 714
261 134 5 989 833 892 20 41
1022 1184 790 923 128 147 215 26
212 1144 1004 184 1040 169 1096 33
1142 58 210 60 1193 131 740 226
177 1 57 1055 1082 107 12 3
132 193 1043 9 97 1113 40 942
6 61 77 56 102 103 49 1041
28 110 949 1138 1164 161 10 56
5 67 364 1154 565 1120 149 63
97 1042 1041 39 1120 211 86 875
145 974 71 183 131 1079 1098 577
699 43 1077 870 875 186 70 933
1112 82 156 954 210 958 6 280
72 58 134 146 47 150 200 79
214 291 755 1190 1188 171 105 1056
116 221 184 178 500 177 46 1093
132 77 1158 1017 833 50 840 54
1031 152 171 190 1100 29 957 144
1077 163 210 419 220 1106 13 152
203 990 1128 124 46 630 6 1077
920 1170 144 1200 47 243 9 1032
43 65 198 177 155 80 37 81
276 148 645 831 157 193 213 1007
24 117 175 199 86 890 186 206
1138 131 219 865 222 648 577 150
847 162 225 309 162 126 210 377
601 913 1138 39 16 1190 1058 89
406 940 200 102 1159 33 149 83
53 124 156 1071 481 125 187 80
152 67 233 156 201 82 31 800
183 147 178 144 1151 118 192 169
61 19 87 193 156 668 155 1085
42 1115 46 1042 834 877 1182 107
168 11 139 81 218 93 80 1125
425 107 80 683 789 145 95 101
63 1031 724 11 23 15 49 923
135 164 30 45 197 1161 87 185
1108 104 225 100 191 3 185 852
192 1010 913 166 175 89 154 139
1134 1189 136 660 19 11 1054 58
1100 133 65 192 1052 682 1166 896
42 976 1171 199 126 4 72 217
15 109 1001 933 15 132 133 114
111 147 157 111 1072 440 729 199
2 211 457 1121 530 175 72 993
55 51 40 66 104 1084 855 190
223 10 183 208 92 27 208 34
42 192 218 107 623 202 769 1189
171 163 38 92 87 194 1014 63
1143 62 224 40 552 23 1122 961
212 1019 606 911 827 125 173 1123
878 878 845 195 109 202 291 556
1051 1172 45 15 183 1090 150 18
18 177 117 677 8 83 106 2
64 1074 170 137 166 120 204 63
12 219 181 176 88 328 1095 159
1117 1112 120 998 167 907 88 169
4 255 44 219 1070 1082 1143 17
197 217 475 788 200 178 89 1155
95 222 196 44 1152 74 214 540
679 98 949 1104 206 758 1175 32
59 36 764 36 84 41 33 223
138 112 68 175 1035 84 471 883
2 92 102 1052 219 99 39 59
42 930 171 1169 206 1122 998 46
131 175 119 109 1170 594 986 143
166 836 86 903 859 926 751 144
641 25 986 1067 180 223 879 188
13 613 36 6 1007 50 1173 454
1018 115 165 1113 11 200 195 920
222 335 863 24 192 153 93 217
200 1022 141 225 118 151 193 77
1052 208 965 256 69 526 58 702
363 628 1113 194 378 163 1102 112
86 1185 567 160 159 998 209 175
215 226 1196 858 897 183 40 150
1065 350 71 82 1096 727 848 1047
1026 110 201 121 869 454 151 684
585 1172 109 11 174 9 64 43
122 1091 154 1098 167 39 1044 996
203 117 1099 61 11 27 117 85
111 1140 88 209 130 1115 752 198
1 851 158 152 58 1123 164 20
1160 80 107 777 161 95 1058 1087
151 768 160 163 564 188 158 283
112 34 15 759 164 735 127 961
1114 23 224 191 1021 1079 775 128
943 16 186 169 172 1058 44 109
1115 1184 59 90 1008 788 830 76
91 1116 37 74 185 182 1182 4
806 13 795 1102 93 90 25 1116
1165 15 224 1185 206 143 700 98
28 591 993 1090 86 121 53 940
740 99 1074 63 1190 1088 57 28
202 847 67 64 206 172 345 1058
223 37 953 126 117 1148 867 38
1170 1087 28 1000 307 1156 44 1015
174 126 163 753 612 658 954 9
24 202 633 26 174 1027 1037 1135
88 167 146 281 1094 217 61 826
46 119 1077 753 1059 1150 16 222
173 116 198 158 1196 142 818 171
162 220 20 220 87 200 44 72
150 131 212 190 119 1110 185 846
99 88 11 41 881 362 140 871
101 837 588 1123 385 125 138 182
105 7 38 173 887 1026 1006 53
735 194 1007 41 459 174 210 31
178 25 1200 65 1040 199 70 927
109 1073 1180 154 133 115 1020 269
368 351 1157 1071 1134 151 728 170
74 2 40 1147 1027 956 1192 62
201 1080 680 19 723 1 152 142
212 1014 862 1127 137 218 161 115
32 398 41 49 136 1063 110 155
204 1020 124 1078 968 208 809 110
176 522 650 848 279 731 914 124
160 543 106 169 215 596 3 141
1109 22 77 97 1193 220 893 170
113 155 1197 171 82 1094 55 49
12 186 125 45 14 853 993 1089
221 723 19 27 46 751 916 1030
161 143 527 52 58 48 14 105
787 173 173 156 8 88 1144 509
618 122 181 31 80 1150 839 179
170 106 217 145 41 23 94 107
1183 941 173 791 722 302 220 592
674 72 185 197 91 26 141 1129
1102 763 58 1179 83 57 139 184
1181 647 215 611 68 1036 26 887
415 190 1110 164 825 219 90 545
1044 155 114 1108 93 503 254 61
913 1081 1139 143 865 206 906 157
984 213 720 111 166 1107 7 144
1145 632 1012 71 130 80 48 1036
377 126 943 135 1084 157 1085 120
141 139 732 830 555 53 87 149
383 159 116 189 158 203 572 139
167 113 221 32 16 73 22 47
113 106 138 67 95 45 128 1185
711 169 922 989 214 224 1040 114
84 156 1038 808 46 770 105 145
52 102 91 106 177 25 157 110
204 10 1031 1070 1017 859 132 1
832 1139 426 159 77 1102 75 1043
177 104 60 1030 12 147 1049 101
184 153 216 185 41 1077 1077 110
169 107 1179 146 204 44 78 1192
632 1085 1127 216 209 985 1116 877
734 102 1040 5 51 1085 28 783
73 82 78 441 215 189 151 952
1156 1200 114 80 964 28 15 5
1038 96 70 850 62 21 1095 779
1071 195 102 1032 1026 1163 121 850
172 960 1044 1095 355 28 1121 73
114 424 1005 165 209 13 89 1076
6 876 193 182 177 70 61 1118
30 159 170 76 25 148 193 227
66 144 888 96 46 146 3 67
1145 22 1072 14 230 105 76 120
168 920 120 608 1170 39 182 178
121 54 568 174 1195 18 24 76
686 608 59 185 588 173 853 1093
198 85 112 52 818 841 1078 964
64 1075 60 192 1073 196 94 105
179 168 76 844 806 926 141 895
1118 149 408 546 191 19 160 1040
84 438 58 1089 60 222 158 32
803 46 62 66 1149 16 1146 171
1107 127 1048 57 479 109 137 1198
1121 69 525 1044 1135 210 97 80
921 1102 207 858 195 1013 1089 19
908 1006 100 115 5 12 209 110
213 140 1149 197 845 89 901 816
153 101 1063 12 114 3 1181 593
182 126 1195 18 112 108 1037 163
574 816 1198 1091 106 95 1055 4
843 1084 1052 886 151 65 1024 1180
225 95 410 41 515 35 14 34
1197 1054 799 25 4 71 1076 1151
59 144 50 114 72 68 151 197
70 1038 49 1072 95 184 485 26
1119 1023 957 926 189 352 1016 139
1145 611 84 1169 204 1066 164 752
1034 134 516 9 224 1065 72 1184
211 107 610 146 945 172 1165 217
195 13 155 958 14 33 68 181
137 47 71 1173 212 112 39 90
75 147 979 938 41 903 196 85
221 153 1076 561 1002 130 94 134
63 212 83 60 62 173 214 209
117 14 7 996 98 1005 122 918
830 164 536 171 242 93 140 203
60 193 221 176 185 1143 1045 815
1159 60 1062 122 492 1107 69 275
74 170 1117 210 1074 1071 1074 184
71 87 631 64 1109 98 209 1093
1129 1059 191 53 73 135 1081 35
201 2 959 1004 223 1156 1012 155
135 205 950 1147 164 51 6 205
1167 207 1138 142 55 1129 1146 88
709 1097 1072 12 27 39 917 1151
970 977 348 193 178 133 55 115
1024 7 1020 889 121 908 69 1168
108 21 12 164 200 47 1160 66
616 967 870 22 107 689 1137 1133
1027 1070 163 143 40 222 1094 892
97 990 824 201 198 75 860 194
160 813 105 795 265 174 864 12
191 932 1127 785 113 163 200 28
1008 60 1159 130 1108 1022 992 776
213 120 120 17 1018 229 188 99
221 1177 575 429 1068 984 94 186
23 137 199 251 69 72 1170 1030
95 53 171 1093 781 925 24 514
807 52 442 884 10 101 1002 703
287 9 1027 1082 1100 17 52 104
17 153 557 483 205 78 157 672
124 71 117 4 155 113 744 148
87 1066 84 849 108 132 192 138
1133 153 77 7 99 166 15 118
1026 1047 17 910 1086 113 106 131
169 1159 186 1004 584 215 16 8
105 156 110 137 570 55 234 106
874 386 77 77 134 148 7 223
1023 1075 109 17 39 1153 849 174
142 122 101 129 1159 185 156 721
195 26 300 135 189 134 583 794
1090 826 737 126 32 915 25 204
178 148 175 218 37 1105 2 210
130 112 245 1160 203 1029 633 128
499 129 136 212 1184 153 21 218
130 77 30 142 25 1008 154 1161
393 734 28 610 18 349 200 209
24 209 34 432 546 38 144 129
83 1003 1085 108 1069 166 152 199
1 693 94 56 26 67 64 1192
93 9 1159 126 192 16 1130 42
1135 158 65 168 56 1036 1025 405
115 1000 141 117 1191 1039 126 130
67 849 143 1 1031 94 1145 203
959 135 956 989 444 175 172 396
1170 193 132 741 1043 459 111 873
13 92 40 139 1192 203 113 1029
646 121 75 1050 199 183 140 862
739 1043 901 626 943 1068 604 57
209 698 142 123 225 36 1047 717
836 182 199 1130 188 873 118 11
169 107 625 587 860 165 1196 70
58 1053 38 23 23 107 152 102
122 184 154 168 762 145 131 23
115 259 59 190 221 111 148 65
599 887 83 40 58 181 124 109
178 909 651 131 885 687 173 907
82 920 200 145 781 135 53 321
22 31 1024 167 144 1132 70 225
115 1084 125 277 208 945 149 690
44 164 44 181 1068 223 185 798
58 181 210 194 13 172 196 707
1117 90 1096 1092 19 38 94 223
760 508 312 850 165 150 803 127
59 1122 219 87 190 86 202 1033
749 133 94 1018 627 159 49 1118
360 184 153 114 69 962 91 918
111 853 81 1070 80 1132 1123 221
222 998 1050 929 1001 1172 933 146
182 1092 87 2 198 194 119 222
1016 593 595 158 176 152 1191 691
162 866 1147 1197 190 130 162 14
144 1185 553 171 722 67 109 127
86 104 1042 155 1068 1033 942 923
1161 65 994 166 1165 16 213 65
1149 1198 374 1121 1033 150 149 116
125 111 109 8 306 1110 138 191
1137 37 86 153 1188 194 197 145
1030 154 17 59 106 225 116 1035
129 64 177 529 102 113 1119 882
159 88 1083 190 558 107 100 643
37 1119 1085 1142 1153 213 1110 189
50 25 13 214 163 480 142 792
1147 12 902 1071 72 113 120 440
159 111 29 626 27 192 88 70
174 1033 985 118 1001 636 653 70
878 68 489 44 432 48 208 112
166 90 205 17 597 400 1013 988
975 834 1022 44 200 188 160 208
978 1107 785 1003 651 868 104 503
187 1062 738 243 23 155 42 56
13 225 778 81 158 1028 845 1160
1129 1152 965 204 161 199 104 106
214 1 82 148 183 939 45 154
1065 24 16 775 24 30 115 116
1173 1166 1029 75 332 135 52 746
1135 1095 7 142 11 173 1173 28
24 129 929 11 984 224 119 1101
36 1066 37 103 1058 722 102 764
680 281 6 981 1183 100 84 27
65 223 81 987 172 1007 835 73
398 116 1141 518 995 11 71 968
428 871 75 879 879 91 85 85
208 27 656 915 784 1021 987 145
742 184 1121 807 1025 17 219 533
176 63 28 189 189 1115 977 1065
814 101 1074 62 312 69 209 74
1120 153 864 9 812 102 158 1169
936 1030 68 1042 6 1111 1033 51
947 16 1105 170 804 202 354 129
140 25 3 1076 49 1180 174 172
967 70 1095 28 203 891 210 1061
598 197 76 1162 1027 207 30 178
906 49 150 199 1006 146 182 193
460 97 899 44 113 1022 181 1182
152 34 168 991 853 659 153 191
1011 89 144 9 135 1188 1034 906
210 73 52 1012 964 105 1031 1181
590 864 81 98 52 736 4 137
801 186 220 16 1035 146 61 17
39 26 1061 779 851 447 189 142
158 1161 113 1150 573 263 127 29
1180 1149 78 115 620 86 214 287
841 1153 730 650 173 1137 855 179
1182 1172 928 142 860 656 1052 1061
815 43 198 12 119 222 57 1017
47 178 111 56 730 12 124 661
66 53 58 102 192 615 128 71
105 1137 169 783 15 10 86 25
36 107 147 165 165 59 51 637
1006 1135 1062 63 752 1193 75 101
47 47 83 947 103 506 162 35
50 62 542 769 1104 106 69 92
61 57 145 91 202 366 973 274
13 22 1048 212 177 83 1083 43
1055 160 93 1148 16 679 40 1187
73 1079 89 1050 1149 226 1063 1040
34 125 1056 1107 52 201 45 1185
33 26 88 195 1003 1082 1099 130
73 225 1103 180 933 54 852 1018
275 129 224 178 220 1104 1054 101
167 185 609 168 104 123 99 62
73 24 1165 162 59 1023 514 142
1103 346 202 95 6 177 7 18
1156 783 987 992 1 1166 121 733
167 35 98 37 1048 823 103 81
866 981 195 1085 128 131 32 1076
38 321 137 146 151 205 52 1136
184 209 40 1162 1011 38 704 171
244 161 88 759 831 147 162 7
932 156 9 1137 143 128 219 124
191 108 93 226 60 1051 108 156
101 1076 174 111 599 21 49 17
99 164 2 266 1162 1025 829 1087
898 1120 1060 157 214 756 209 226
534 23 956 1181 690 194 34 985
159 1068 170 145 62 56 75 897
55 57 993 116 766 26 43 55
114 1045 214 840 1169 1086 148 1093
896 541 154 136 208 54 201 1066
1116 202 1057 81 1020 1127 934 839
125 417 1053 107 1154 1106 1016 103
1064 944 1005 28 1046 189 139 38
175 63 1180 815 86 193 159 1088
1101 97 893 146 1117 219 1171 219
7 1004 1184 104 1161 44 590 201
66 181 193 54 186 1006 142 80
382 852 92 161 1191 964 1196 18
981 1019 204 25 115 78 991 26
747 1151 18 1002 175 1187 3 98
1180 866 50 697 1001 165 1200 1048
1163 183 191 658 202 38 748 1147
1124 149 186 22 24 8 976 122
37 1085 64 177 60 27 1145 919
110 89 1152 927 893 115 106 184
180 154 22 40 213 36 917 167
41 14 342 1147 100 15 1084 157
44 98 67 1000 994 688 765 145
21 847 105 204 196 92 876 1051
45 1186 172 109 37 175 225 1116
449 175 38 407 1188 58 156 1027
799 44 121 16 211 205 117 247
32 127 217 203 118 1196 35 1045
1038 124 724 599 333 213 57 1071
217 197 974 159 213 116 166 32
1132 200 713 193 663 1066 829 1063
204 73 181 157 1129 870 163 1107
35 423 935 1199 78 139 173 779
160 1033 663 829 437 40 15 1157
1090 190 1019 74 178 81 212 1017
92 1183 219 801 21 127 213 70
223 109 900 59 145 5 836 691
150 1019 760 128 163 7 34 114
1034 184 880 846 178 1188 181 119
623 1064 135 99 1178 935 202 81
16 930 167 19 187 155 176 751
199 1065 823 192 1147 70 3 1168
30 103 68 1099 1135 1105 1198 1186
1174 13 156 219 9 34 84 1072
1114 647 32 43 241 604 112 121
879 659 182 648 157 189 1191 192
143 165 30 1082 1042 84 365 578
963 110 159 143 12 781 165 41
53 94 314 9 1107 46 1125 642
272 27 48 1025 1091 1101 1100 22
147 34 790 180 220 198 103 201
112 192 150 529 83 47 13 652
38 6 96 286 220 475 967 123
1041 1135 92 90 76 147 139 41
1156 716 214 41 57 80 213 119
821 158 96 1161 203 965 128 774
1051 218 225 6 100 108 142 1087
163 715 1199 51 129 988 149 69
32 1038 40 1098 115 1189 926 930
939 231 192 169 881 201 579 28
811 126 3 236 204 1068 58 1002
573 197 208 10 48 452 68 927
305 123 59 14 1104 1084 1178 195
70 1078 1156 92 208 23 215 88
1187 64 409 995 210 924 23 877
118 212 292 89 1169 224 97 4
25 100 997 44 74 253 136 1157
47 101 130 138 1105 129 34 75
40 327 137 34 1186 989 57 203
164 160 181 1195 179 1196 137 119
226 143 1122 159 65 842 657 209
1164 93 1142 921 85 170 92 216
1194 946 1097 209 887 83 30 822
330 1066 187 937 77 462 195 33
132 163 1006 135 524 24 115 137
871 88 53 199 151 916 96 16
1157 60 95 26 606 1131 132 144
1008 854 808 1082 1090 169 108 823
32 367 1086 192 1199 1094 384 194
80 945 810 199 864 946 757 350
35 50 1102 115 1165 1005 741 196
216 835 1007 282 325 137 49 28
1140 394 194 184 730 186 170 14
165 1 9 1083 369 90 211 161
67 4 20 45 137 1054 827 71
1007 36 117 209 21 1155 44 222
1119 189 304 33 218 1063 216 1101
69 157 198 68 103 629 654 71
12 214 93 1035 1155 155 86 271
49 182 841 97 154 1018 422 1161
127 395 1086 1153 193 579 224 82
154 476 77 154 364 962 82 368
31 251 113 179 10 838 993 87
133 1016 360 1020 657 12 123 1119
618 136 596 1049 97 203 6 573
210 118 193 452 1105 473 1014 207
239 96 145 191 1109 129 150 9
1111 3 226 62 643 1075 826 1076
1027 6 74 954 998 203 132 68
57 216 861 3 153 310 1075 168
143 191 180 48 502 99 837 695
902 1015 142 198 983 1163 46 1137
35 1157 1139 179 219 19 980 158
30 1108 145 64 973 154 1103 827
119 1106 1070 83 130 179 92 389
759 429 921 649 5 40 1060 758
157 1011 880 61 6 924 186 1154
114 736 201 134 54 966 108 1103
136 226 53 622 184 689 134 208
733 155 477 27 133 1033 576 6
708 191 856 709 1040 192 138 779
201 962 186 634 1006 911 1013 216
978 1119 1008 1079 183 150 301 146
152 50 105 95 824 462 28 168
185 1162 202 1150 1030 100 201 123
538 170 160 65 1124 108 589 615
1126 1121 182 146 79 832 110 936
211 210 176 1153 973 28 175 732
1092 1125 854 1052 1193 570 177 60
51 120 1094 1084 334 397 962 91
137 37 1003 217 19 129 66 166
95 60 29 1150 205 192 183 600
877 1077 987 314 208 1162 142 1172
61 1168 994 22 218 46 125 72
1043 1112 70 1156 74 1120 190 21
17 995 817 999 750 482 1112 64
177 96 391 64 1050 496 149 84
347 52 115 112 144 870 48 1130
1139 203 86 1027 165 918 59 1065
1113 1187 1143 146 105 988 13 1019
8 64 1174 35 208 902 130 1171
588 659 29 61 867 98 135 22
801 957 96 151 207 175 87 297
66 10 189 224 75 1132 175 1031
138 101 154 890 181 85 180 89
975 166 939 905 1146 141 55 526
26 221 14 94 150 77 1089 59
220 111 1083 1005 78 137 1060 168
1071 1054 155 124 66 1095 99 121
850 959 133 172 1038 163 79 76
31 114 97 163 168 953 1042 1057
89 179 1015 1121 55 118 202 120
1167 1024 480 1178 751 1149 17 47
864 743 1173 25 207 1000 945 1063
155 1089 165 1085 213 972 195 181
181 1154 1 112 1 1169 141 1181
1058 22 202 72 105 896 441 52
26 48 42 4 195 136 735 232
1114 156 141 1088 161 208 74 85
215 5 117 8 189 64 131 202
937 107 122 951 59 164 767 161
61 167 135 165 122 180 18 31
365 55 406 341 664 34 143 491
