82 62 106 202 834 119 1199 183
138 67 17 71 93 472 183 1062
962 16 64 1137 64 135 416 199
189 156 743 975 95 877 188 219
70 213 564 990 89 58 58 1188
1148 73 919 29 177 220 64 221
1158 81 153 906 992 99 837 931
100 957 152 121 205 564 1143 151
92 713 950 259 51 60 111 810
116 1136 931 1050 67 27 1011 959
821 1170 140 14 100 182 993 216
780 149 555 118 123 181 1081 982
10 585 90 205 1058 880 1002 155
180 112 890 1049 112 720 146 68
35 58 136 58 36 1129 134 998
189 624 211 67 196 112 497 984
1075 184 40 72 1115 109 91 221
804 300 487 52 293 104 43 138
24 617 90 142 225 112 198 653
695 1185 77 116 987 165 133 1175
920 1076 202 107 105 199 223 26
212 164 38 83 218 1047 187 15
217 159 150 21 1099 127 726 170
900 88 148 146 670 1126 428 757
138 168 178 30 61 47 134 1145
21 963 1084 97 23 1105 1014 1155
860 1026 568 191 224 1096 741 180
181 53 438 54 137 72 159 12
262 69 52 99 160 180 161 188
142 132 194 46 396 119 18 1190
931 960 208 1199 1181 78 1144 30
760 170 49 996 930 59 254 8
982 37 860 146 934 122 161 155
150 217 873 226 1095 159 100 126
106 93 907 612 226 52 221 88
204 209 138 1131 1175 1006 392 96
542 149 159 169 636 587 659 13
161 219 887 850 142 200 117 111
1036 89 73 217 201 1006 283 162
876 82 904 94 158 1089 187 135
891 1139 1091 10 1018 1077 1173 845
29 827 1090 1106 223 976 21 93
202 26 55 1092 762 67 40 102
680 473 154 79 430 185 11 117
895 642 132 949 8 141 211 129
66 721 1156 978 26 857 57 217
185 56 1039 75 178 1021 186 93
916 111 42 115 198 181 169 167
49 880 129 73 169 165 433 9
590 1056 31 34 1197 136 1180 124
135 1024 1078 1173 169 1122 189 45
111 7 973 59 1048 162 206 42
1062 133 855 667 225 164 105 1048
142 123 1022 120 116 458 143 73
12 203 3 80 994 875 104 11
95 1164 1132 218 162 214 76 135
73 215 1010 1031 730 98 185 417
428 66 1082 157 1124 885 1099 759
665 177 56 1146 1022 192 435 138
97 82 57 6 71 175 225 973
202 8 207 3 52 233 942 61
80 124 65 469 208 799 21 207
52 1200 719 145 998 158 197 781
460 147 84 191 952 1043 141 111
1199 1047 139 960 1138 149 42 102
128 145 9 4 114 62 197 24
717 54 112 101 75 1127 171 47
15 244 29 142 60 165 141 11
180 177 218 835 494 24 7 56
1139 186 213 325 186 168 61 1047
42 22 104 1118 1030 1109 1134 44
213 987 25 889 196 195 1035 67
1040 193 97 62 881 182 858 1113
802 154 74 1179 1018 517 28 1037
41 819 110 93 180 1122 1107 117
19 117 197 220 18 44 106 78
74 41 665 115 888 102 117 1102
25 184 160 992 98 105 113 122
126 104 53 157 82 1016 166 1137
101 819 189 83 153 222 372 761
105 43 1023 111 1187 161 1190 145
11 911 220 1198 61 477 34 204
640 201 160 1184 136 2 32 14
1095 782 18 172 111 571 93 192
179 151 202 26 272 92 1105 1160
52 1165 211 1125 1090 827 118 1007
982 45 1042 2 969 762 1133 910
1148 122 175 198 136 955 195 34
226 2 155 1100 1084 1190 204 593
119 1068 218 705 223 11 1098 196
121 82 15 140 796 43 19 86
172 534 35 1160 152 928 44 15
37 117 335 1091 162 204 1009 770
144 144 583 1143 1037 196 186 11
1052 961 1067 249 80 114 175 999
187 209 62 109 77 1155 1162 184
61 708 129 573 97 831 1126 7
154 82 235 41 218 1135 93 133
148 165 149 39 888 29 154 1010
906 124 157 184 182 784 184 1031
217 131 38 1009 226 85 1032 83
41 965 1182 84 434 68 182 169
1020 30 711 734 44 906 86 104
1092 176 355 308 11 171 203 1018
53 863 1004 109 192 1012 215 1104
134 125 950 167 1014 126 1166 831
226 132 1088 1038 1132 867 391 91
1144 20 193 48 19 1199 830 1056
1025 1170 1044 1119 501 204 6 159
139 1114 1096 206 52 51 176 168
1022 191 147 1020 126 194 699 1005
613 203 1199 76 38 145 195 906
661 15 36 1181 151 216 3 3
34 11 177 85 221 1052 149 50
124 1013 2 1024 73 193 214 339
119 102 66 61 977 1172 58 1080
130 139 36 722 158 7 1166 1061
8 1101 51 1168 358 434 1197 129
118 1096 187 776 1163 118 575 374
520 1046 160 1057 829 183 1189 1091
172 289 85 879 193 145 8 1196
171 223 190 182 81 1058 17 65
206 151 92 22 1021 189 470 118
193 97 1113 215 1093 1126 3 169
650 139 78 163 1181 804 54 293
1054 134 63 52 63 948 191 18
810 15 307 312 19 131 1067 1034
155 718 113 135 51 25 1197 1173
870 34 99 1078 140 80 1171 205
17 84 798 215 73 186 104 102
857 185 727 408 91 1054 111 883
108 149 1147 193 970 1019 439 1150
26 13 96 166 127 100 986 20
384 87 1020 1041 721 1143 3 144
1033 69 95 213 1180 1 909 859
184 1073 3 848 77 1063 1008 585
168 574 21 185 150 697 1166 206
111 221 1056 191 1143 91 55 49
159 1100 477 195 37 778 83 843
127 131 210 97 1133 19 193 1080
1090 210 104 163 335 123 1078 59
694 188 1082 24 214 224 1080 343
169 37 1070 815 1101 161 212 123
591 435 1071 158 63 998 216 226
395 212 131 147 28 156 479 1162
121 1033 1099 34 196 1046 541 735
331 968 144 39 1057 5 755 1122
574 179 91 12 21 30 785 47
500 1098 152 1032 1014 1144 32 205
562 88 720 198 9 225 196 1184
36 119 68 119 1 70 41 749
642 147 196 210 191 53 180 453
955 1109 410 1156 1195 1155 111 104
575 229 980 222 1079 27 160 170
90 188 54 29 1185 202 768 70
125 1041 214 1109 1123 58 224 1027
121 5 10 167 445 66 100 1125
1196 1050 157 139 841 40 744 1079
871 69 178 547 1057 943 182 201
635 130 23 26 1067 61 65 1
116 561 1013 183 1190 747 1002 139
20 49 84 1111 801 1189 1072 217
1058 170 11 34 7 354 877 213
126 27 1026 139 39 304 298 917
51 935 53 213 15 134 68 40
1061 203 21 825 133 868 1015 812
138 46 129 161 71 100 200 45
23 976 735 1075 169 1030 989 214
29 121 47 1181 776 3 151 130
1183 915 1008 87 82 1169 1065 957
985 175 193 94 916 147 1077 88
148 1026 58 35 1119 901 764 161
851 1123 176 25 1042 1010 18 813
128 577 28 114 24 114 833 195
36 150 188 26 110 685 217 346
37 39 173 457 172 836 179 1007
3 1140 1188 162 78 1180 17 169
216 223 1181 132 33 820 840 492
191 141 1186 1023 760 746 356 258
99 967 161 32 67 210 87 4
724 8 167 1171 50 62 955 173
639 57 14 894 62 122 489 883
163 66 655 1010 481 177 226 126
619 185 30 135 756 1187 211 363
116 75 992 129 729 448 83 1048
205 6 916 406 989 55 57 184
1187 858 163 66 12 1057 89 93
75 1183 185 129 1055 1118 90 1025
177 146 18 1115 80 131 1097 122
211 64 31 316 128 904 185 926
1179 206 140 219 35 411 23 223
736 105 176 900 1140 215 1085 100
688 1088 1098 131 126 175 151 215
75 1178 755 1185 480 224 26 1199
144 1196 183 146 5 222 18 78
1114 58 63 889 746 1063 748 214
1030 10 99 38 129 672 108 26
177 80 104 66 197 81 224 1055
36 156 127 141 112 529 816 191
1007 104 1029 355 226 105 181 1117
176 73 139 68 163 208 1157 216
231 140 157 1163 1026 737 855 663
47 114 89 210 139 1060 961 194
220 82 1093 986 1097 131 1086 42
1190 172 842 511 1018 940 117 158
117 67 69 1138 133 26 1121 421
15 213 210 20 207 216 142 864
55 135 600 1155 199 238 918 171
165 177 160 1185 1112 102 12 17
1132 1072 1097 199 222 1142 90 792
351 1177 184 169 1061 53 215 1038
995 876 1042 209 46 269 144 27
78 204 183 275 55 308 65 91
849 145 11 80 118 236 14 1158
58 10 54 151 20 94 260 84
198 20 786 207 86 127 1097 932
38 405 138 46 682 150 120 103
163 164 769 201 1102 20 26 36
24 5 70 95 1064 1020 1080 595
48 205 37 157 1141 325 54 921
912 1147 117 45 16 896 138 209
147 1076 22 15 192 210 205 78
35 1119 140 61 150 225 1025 155
103 862 72 179 92 221 952 652
108 195 142 1142 216 999 87 2
225 791 98 176 3 209 1183 15
130 814 188 41 657 570 252 685
1152 146 1044 28 78 969 77 165
206 171 1182 174 1090 160 181 212
171 573 135 124 893 859 86 1156
96 45 71 88 975 221 224 747
910 158 65 881 9 687 11 78
305 21 1063 1162 707 96 745 975
87 315 1020 1020 224 42 831 1160
39 709 109 108 718 167 217 181
1066 146 1032 401 1177 54 1003 146
867 432 953 720 190 123 192 616
883 161 84 30 152 199 1195 873
833 36 152 123 12 134 57 371
80 944 1151 11 118 172 1112 103
21 172 1186 1029 250 655 1068 557
158 15 30 206 92 4 222 32
1115 183 167 53 204 982 180 21
947 264 99 121 17 1103 15 132
1167 155 33 48 1178 944 1108 162
79 1080 93 192 64 15 1176 1130
12 59 166 15 54 1013 96 207
193 107 874 1081 79 117 138 79
999 1126 832 6 96 639 248 775
847 290 1013 9 19 77 766 24
10 214 927 136 165 138 646 10
1103 491 25 155 1056 176 83 89
1145 15 86 39 159 678 56 82
28 570 209 207 62 1055 768 633
219 7 35 131 177 183 1107 57
71 695 1053 105 15 999 987 49
51 30 142 1044 99 170 580 219
160 1138 859 158 897 1116 32 125
1196 119 149 934 1016 50 213 907
1005 131 73 65 45 855 579 144
181 1006 197 865 772 209 295 854
127 156 2 1151 691 984 178 1110
13 198 219 139 4 994 123 193
1141 1156 864 856 137 844 123 106
54 141 1146 223 1034 1003 1116 9
45 943 35 202 98 152 108 169
145 205 1028 19 1124 1066 930 285
100 765 411 1174 97 83 1054 872
15 67 155 169 1121 1038 84 86
186 182 133 1180 140 871 755 127
580 223 47 834 1 96 1019 903
106 1099 11 24 11 24 627 77
9 880 322 70 76 130 1160 67
130 1198 197 223 97 1200 36 1119
198 178 583 1152 731 122 18 473
1 1177 533 32 147 33 74 86
186 1150 882 91 168 1085 145 115
4 216 199 208 346 1050 50 173
1116 134 182 112 38 1038 67 77
73 74 284 44 69 989 193 504
161 86 129 186 1169 11 179 19
156 1070 55 478 1166 197 806 210
369 125 938 146 4 216 143 185
115 1170 217 1121 1150 150 60 665
514 46 104 37 734 164 904 61
4 8 27 198 34 1117 1018 124
207 201 1152 19 109 157 1073 7
27 155 104 645 161 951 1073 183
1100 894 91 193 12 148 504 1139
68 103 725 414 1147 932 790 226
188 173 62 181 1074 784 176 139
128 1156 90 51 66 57 188 63
25 983 456 1173 114 717 157 63
48 457 151 1183 180 91 43 210
196 629 465 134 119 100 1164 829
981 110 130 65 754 749 933 780
145 268 1037 864 974 811 4 83
163 159 179 14 1197 110 224 1076
926 140 4 306 14 74 1116 973
1177 185 404 13 875 159 110 724
179 976 53 1010 86 192 75 936
998 36 128 10 61 157 890 155
351 10 956 28 93 73 172 179
320 985 869 59 202 928 51 144
220 1077 65 210 199 12 183 394
1164 1169 1188 1187 1080 933 5 1085
870 221 202 1188 1189 1017 183 6
16 6 127 133 59 1125 204 205
144 172 157 189 127 27 198 1135
29 684 1184 32 105 59 157 91
32 80 714 2 48 793 171 666
54 265 1060 1055 1030 89 1144 214
847 55 216 756 23 170 194 137
107 15 22 1034 189 150 166 164
124 208 164 186 498 1027 62 681
185 3 1001 78 212 4 162 151
116 133 828 899 75 145 1128 40
200 186 209 614 1078 129 361 105
136 6 54 123 561 107 186 576
95 988 923 140 41 110 66 225
722 1155 69 582 222 1121 682 29
206 118 40 1123 726 19 112 940
773 782 162 1155 1133 16 786 116
1197 197 59 151 1191 112 107 209
204 27 184 958 1162 33 161 81
1160 1147 586 1146 72 288 31 23
1058 93 87 744 95 17 1014 87
60 131 78 216 993 60 140 778
4 67 178 984 184 887 201 33
1176 1066 112 1100 191 222 953 40
938 1004 131 158 1112 41 127 938
19 145 1025 1070 45 1137 149 179
225 100 1040 730 132 30 399 1111
106 42 588 67 1049 133 190 794
653 984 756 140 772 210 129 1050
218 1063 157 169 700 870 133 1135
302 115 128 158 122 68 192 891
137 268 352 154 512 27 33 94
1087 141 57 881 27 104 130 1137
338 158 1160 82 60 198 159 144
863 119 77 124 314 1003 1149 1144
5 808 59 1032 1101 78 75 17
108 227 103 40 50 173 35 1056
147 1174 182 825 110 88 643 512
151 669 999 57 185 817 802 189
220 134 33 1128 840 689 1063 180
135 76 201 1164 2 143 32 485
80 183 1097 26 217 535 486 138
55 74 167 53 1079 219 182 166
1163 659 748 81 1053 1061 57 1158
1113 106 955 155 918 155 802 177
174 1003 141 25 63 197 1165 626
62 1144 1092 1008 999 1136 208 174
133 871 167 1036 30 14 161 172
808 1031 453 828 73 544 223 27
1142 1087 66 680 195 88 23 8
142 166 37 978 20 377 964 537
122 73 807 75 189 22 586 803
102 484 44 63 466 788 120 5
67 93 59 229 218 1072 210 1175
1000 737 213 505 84 1096 147 1153
1102 1019 1189 109 1137 881 156 548
929 132 85 1075 218 181 29 135
154 632 139 935 25 211 58 31
926 226 20 1049 120 424 216 182
1116 202 606 80 159 137 38 135
114 5 16 1122 223 1193 103 1196
87 112 13 894 183 8 176 20
85 91 111 57 219 123 1098 191
573 1007 515 202 123 1011 22 1026
1056 47 328 1061 1167 603 168 929
92 1023 358 1070 761 47 1008 1014
46 107 35 41 1064 221 369 1060
144 2 36 6 1016 55 1181 27
1005 154 579 218 129 48 62 28
40 206 981 77 96 157 197 1014
189 208 224 70 210 165 82 86
31 1024 1152 8 137 678 174 1083
735 83 606 94 1143 30 295 190
1125 216 58 220 1088 692 202 1132
958 1137 602 28 71 172 431 24
1150 952 108 78 176 149 21 985
1023 1169 52 8 57 965 83 66
826 935 1107 779 19 203 1067 894
1100 1112 625 90 1147 723 1156 178
836 31 378 1158 307 865 1040 114
1068 199 572 1146 675 38 694 1169
1160 188 28 177 149 1125 899 1174
77 830 205 152 210 29 30 161
741 222 1 226 87 1192 137 1015
215 187 613 1180 552 1081 992 34
893 31 173 837 107 65 1127 71
429 137 57 74 1043 281 219 214
181 27 841 721 1088 1092 785 790
21 193 1072 13 54 216 116 97
541 1089 895 60 730 39 88 121
125 1054 14 2 99 1041 11 1103
71 103 990 153 124 185 72 94
168 861 1053 113 514 1 95 99
1195 1072 1198 192 994 662 62 196
749 1141 132 1162 166 1118 130 168
1084 134 161 634 54 28 1196 216
151 225 1125 1078 149 134 91 1018
26 119 175 896 51 48 175 148
98 1055 600 56 25 1069 154 1154
29 205 97 843 1179 1135 78 188
1190 85 132 13 152 192 1061 217
159 190 621 144 93 190 226 33
423 337 167 21 86 155 10 1130
878 184 1139 206 535 108 1079 1055
115 142 1013 1098 164 207 893 1004
128 20 125 226 44 210 919 99
53 1012 638 830 201 3 1010 253
119 2 175 222 733 38 171 30
1075 1068 1198 1004 1063 154 1009 474
397 1072 146 1085 110 989 232 932
683 33 189 164 141 54 8 176
84 133 1142 1006 822 789 1034 82
6 126 2 71 163 266 1151 965
983 188 94 40 113 63 180 792
1035 167 1193 139 812 816 910 220
1087 112 367 242 1049 34 1049 1044
946 105 182 169 1125 668 190 93
137 57 1040 87 1171 983 147 4
125 155 117 183 96 212 154 154
178 972 702 502 220 999 126 218
209 128 651 72 154 51 1141 1025
643 1038 1033 199 851 127 1184 22
1157 952 136 223 94 189 124 8
99 183 169 27 867 120 76 1111
12 911 219 977 24 38 106 173
162 159 81 16 62 3 209 917
139 165 123 68 622 153 998 91
894 1139 13 202 830 48 1095 153
538 213 486 212 34 1059 142 1069
915 1108 38 48 177 1121 818 176
807 942 86 36 187 10 838 119
90 173 318 77 628 25 218 70
111 98 145 1182 1161 29 597 1035
139 892 1011 888 1162 39 82 683
1059 1042 76 161 105 193 1175 1159
119 1053 1003 991 221 30 996 219
825 225 43 59 218 135 413 1076
70 1192 1023 947 134 88 37 1152
918 107 148 102 192 25 1009 136
116 12 159 1167 506 988 1041 1149
24 6 81 38 59 125 91 3
1011 73 40 167 40 1044 81 36
186 120 13 99 829 109 890 1043
143 986 93 212 18 886 455 184
1096 182 1087 98 71 18 944 1064
40 192 1006 416 9 60 589 45
176 143 33 124 201 125 88 194
22 165 1005 186 47 75 96 1174
89 24 590 849 168 222 810 226
69 4 2 17 977 773 72 1088
658 176 554 1045 132 1153 979 101
56 137 178 719 169 162 49 43
880 122 181 116 1051 1177 1065 1195
190 1168 46 104 1070 206 856 169
804 48 200 208 1191 1075 181 1065
170 145 59 182 1083 188 961 459
572 1142 1106 131 311 40 218 292
79 101 36 333 187 345 9 21
454 143 2 23 213 841 57 13
902 95 612 217 1119 696 79 172
1021 72 875 39 68 8 56 1070
675 406 17 1027 1070 106 908 83
172 774 93 814 207 138 46 17
976 1196 195 98 857 1069 68 67
150 1105 44 759 194 1161 209 696
95 271 108 18 69 1107 21 923
1062 235 64 409 191 303 48 133
101 114 195 625 89 195 147 156
631 184 128 1015 822 53 1041 194
28 62 131 174 59 130 173 460
224 942 918 76 75 74 171 137
52 125 67 200 1175 1030 999 597
601 146 1067 106 553 222 162 81
1159 165 122 1147 86 1082 159 1035
12 945 22 194 115 94 136 1084
23 209 50 1028 3 469 1172 1089
45 1001 1134 114 75 1108 674 59
69 647 177 1042 1099 83 1175 169
980 146 1022 93 1059 159 1135 450
1037 125 1098 427 225 826 196 1078
124 314 109 631 71 71 1071 139
983 895 213 44 128 17 23 1024
200 156 633 779 5 145 94 138
20 721 1129 9 28 90 1161 120
128 1175 932 143 1019 121 1116 45
65 1016 1028 1149 862 131 94 16
1055 718 14 83 422 224 69 1192
180 69 1090 202 110 98 60 368
1134 225 1050 96 163 4 150 198
176 77 1021 219 31 7 164 1070
23 65 88 58 1135 1043 1110 999
1026 1033 225 939 1055 127 51 1123
990 1127 192 1095 243 27 71 33
1197 10 167 212 1154 940 226 113
968 576 70 18 68 182 68 199
10 190 1013 32 110 1014 950 879
73 192 53 259 160 944 781 1157
525 31 136 63 798 921 160 1169
109 845 65 207 1196 647 172 50
102 1126 48 56 157 162 165 1120
649 42 1133 1030 9 1158 1173 1092
1053 112 43 5 140 187 35 1093
1193 60 175 110 862 132 403 115
106 922 84 37 191 1142 107 1014
987 897 148 48 59 116 50 789
191 635 891 116 1127 172 13 165
741 14 97 52 221 57 169 193
1045 1017 811 1028 108 906 163 122
76 1157 176 651 195 101 72 135
112 886 211 711 209 584 83 112
560 199 219 38 1102 966 4 21
1026 133 12 215 184 679 10 34
30 1051 45 75 64 76 1138 218
85 608 69 82 1 202 200 1090
178 910 150 161 364 70 70 909
1143 1164 138 93 194 1174 1083 201
1052 932 1115 56 16 35 16 208
1035 145 123 107 142 203 156 5
23 124 134 203 50 202 179 1050
1160 201 1009 62 155 1195 22 113
1065 181 943 197 1060 605 226 1198
1040 1091 20 1174 22 1054 1104 74
39 1194 89 340 1078 126 1 939
114 959 1200 137 997 1198 6 1153
184 134 97 149 170 815 990 948
198 704 199 127 16 118 224 921
143 179 1043 1057 1185 1031 218 219
81 898 139 189 664 11 72 850
1153 216 132 115 177 131 125 1064
64 1050 1141 252 964 85 767 549
1045 272 582 128 92 31 867 8
51 38 90 464 187 212 204 188
1153 61 32 23 106 953 704 57
75 202 39 69 27 69 623 189
1142 42 215 1161 170 441 19 221
1127 47 839 99 71 96 593 1028
19 611 161 61 50 1188 221 144
53 226 78 125 200 15 132 1031
94 126 149 329 221 100 150 160
22 205 1176 64 951 21 471 165
1131 40 1107 729 83 1019 178 2
618 95 132 164 15 41 984 118
922 61 1 1009 594 599 92 67
196 186 722 97 1126 36 141 211
1164 4 951 159 206 998 214 104
24 1137 244 191 787 20 298 58
108 988 158 924 84 1136 70 107
121 105 87 73 149 190 767 217
76 39 171 633 530 1154 1 10
187 116 203 76 817 917 1011 14
120 977 1123 215 796 49 237 45
1060 134 1043 157 530 92 72 703
1046 940 1037 10 220 1162 82 1141
211 164 6 1107 466 43 354 16
617 105 33 163 153 196 5 225
728 113 59 107 888 43 61 923
1006 1071 21 1126 24 207 687 139
215 1003 1005 95 455 86 133 79
1025 835 207 135 1051 177 224 832
11 1186 88 1192 1000 191 1148 169
821 743 171 901 12 550 21 1131
88 1044 1167 1123 122 133 148 851
171 182 138 166 1034 1143 206 70
148 12 142 137 119 1052 96 945
641 140 828 124 179 225 10 197
208 11 94 1026 101 42 140 131
997 979 93 798 973 1115 208 1117
881 172 32 138 1001 153 121 65
386 50 43 170 35 1148 45 973
1161 112 1120 1184 174 54 1120 16
214 52 767 51 865 196 155 199
179 59 47 1108 1119 106 11 1166
143 54 213 907 132 8 1145 855
215 83 997 188 7 1116 27 843
25 842 56 13 1000 74 215 132
118 38 1176 143 150 118 44 127
92 332 161 956 108 1108 22 152
799 207 173 1138 623 687 75 959
1133 118 133 80 1129 912 146 15
153 62 924 102 107 162 161 796
1067 12 125 22 1058 175 35 207
79 219 175 532 980 122 391 19
528 113 670 195 67 25 158 2
180 962 153 1117 65 164 1101 905
1179 18 986 43 89 173 181 1186
1058 214 137 29 628 488 1103 205
194 201 102 29 169 184 100 79
85 202 174 1016 1031 113 134 124
165 327 140 63 338 203 722 146
100 1134 968 1200 1039 190 1166 960
4 1077 148 133 1118 205 1170 195
1192 693 781 152 46 56 1094 140
102 117 43 26 475 1117 1053 218
892 62 72 921 18 77 1187 221
