267 676 44 825 768 500
431 961 585 124 743 343
753 668 504 477 772 285
568 495 151 154 989 527
361 857 1015 111 325 80
514 421 398 335 948 93
624 351 149 339 642 631
527 408 879 10 165 839
902 122 61 853 422 14
385 751 770 770 156 557
842 33 15 251 471 857
190 541 157 82 653 322
739 514 860 995 244 656
900 476 19 1004 13 404
300 263 775 845 180 586
831 644 897 562 87 328
389 870 122 835 19 190
369 532 664 436 685 361
434 606 278 595 503 671
204 955 225 45 977 259
541 850 614 259 399 957
413 662 548 710 347 945
752 205 821 397 223 827
828 1020 348 1000 88 393
659 133 815 999 331 228
489 261 496 188 798 433
653 117 965 407 474 799
340 533 100 748 863 117
942 28 856 359 660 803
437 560 959 874 505 946
418 906 938 784 972 955
843 184 850 132 885 753
17 767 391 930 948 317
442 26 42 402 763 635
372 190 426 524 363 590
692 235 979 339 775 725
1017 482 202 279 352 457
952 581 373 569 674 89
432 178 589 820 960 27
832 866 23 817 325 339
934 460 348 139 274 732
898 59 362 795 269 715
534 48 446 331 360 1008
507 367 513 662 576 297
537 237 678 698 99 929
416 15 855 765 11 58
269 714 368 334 121 392
1013 414 458 437 933 723
315 395 402 625 889 27
253 436 797 465 133 781
608 284 608 948 386 35
615 440 193 993 780 1005
977 688 168 864 784 876
790 884 308 429 429 696
840 725 542 409 390 162
547 781 326 102 964 295
463 669 445 230 380 103
242 782 123 501 1018 260
295 22 34 323 997 112
500 483 700 393 396 603
386 685 445 706 804 208
400 255 333 354 594 659
547 595 423 218 962 133
634 936 189 660 2 594
844 452 143 358 335 144
747 43 1004 346 656 974
351 302 663 907 791 490
894 309 917 789 368 779
153 724 890 538 654 832
968 26 868 463 759 910
923 70 22 115 786 356
113 410 541 897 582 936
740 934 1003 401 483 243
482 214 276 487 990 898
116 144 864 978 71 960
1020 479 858 289 895 136
224 201 824 853 974 726
141 932 181 760 848 977
406 460 341 342 126 95
1019 599 119 103 956 336
199 166 344 363 76 788
670 154 785 851 282 358
11 836 33 951 221 928
940 403 668 699 926 254
53 357 367 345 104 595
994 513 720 908 134 297
632 980 559 813 204 48
462 40 735 683 924 981
459 83 666 154 686 748
383 560 877 587 186 72
707 418 596 90 1016 272
946 266 738 321 561 666
769 646 1006 729 102 55
3 455 55 703 726 245
200 160 251 739 265 476
380 310 73 933 428 949
153 220 173 578 85 848
114 284 553 104 62 480
446 945 311 696 929 359
404 689 177 501 454 137
146 122 449 1 101 397
120 634 262 1017 613 600
914 215 572 612 38 456
111 686 196 464 990 292
448 25 40 57 38 137
294 38 659 599 166 378
496 205 530 562 373 78
941 846 63 764 397 542
475 684 1020 417 358 855
426 399 913 964 987 999
651 549 67 791 192 239
215 335 537 984 385 285
584 322 616 226 571 257
306 457 622 232 51 629
6 861 187 616 651 727
233 743 284 236 810 959
723 904 5 188 909 677
694 388 44 206 852 405
556 71 60 291 180 447
783 758 895 762 911 80
16 341 777 273 809 143
664 769 613 691 947 632
532 601 175 349 365 555
932 1005 60 942 170 757
158 646 186 962 495 724
510 728 946 265 614 369
544 13 183 852 366 364
718 512 910 211 776 616
489 493 461 986 504 842
370 392 112 777 841 135
264 192 893 749 617 121
332 525 598 645 992 225
247 179 460 167 814 623
647 69 802 607 717 908
681 578 546 246 472 980
593 834 666 266 454 186
177 938 1023 206 161 833
605 157 619 880 1014 456
393 636 240 127 315 558
917 852 999 837 591 921
752 317 915 62 245 869
540 650 222 982 884 7
240 905 956 79 372 469
309 384 826 467 388 1
783 183 598 624 558 83
426 770 924 216 91 967
73 771 801 524 792 934
459 286 250 210 239 408
891 568 1019 891 5 209
975 185 429 73 922 985
423 203 332 465 380 509
233 409 481 511 1013 566
430 787 411 642 545 531
900 695 87 750 476 858
96 378 722 569 290 809
492 939 65 780 142 75
1015 444 135 985 873 601
959 686 193 920 272 1009
375 356 184 228 472 163
20 958 508 453 254 967
18 86 47 530 487 756
559 728 711 268 65 816
264 132 130 33 779 618
517 583 1012 965 433 303
742 283 278 862 945 275
609 943 596 88 982 203
963 707 32 403 471 532
404 589 614 445 951 892
846 654 951 47 535 346
706 838 963 308 398 299
170 252 786 943 899 1002
120 199 486 400 287 903
551 7 441 529 59 676
911 746 296 287 409 438
449 230 845 571 892 827
19 356 1000 540 701 698
701 563 217 128 602 1010
579 255 148 1003 831 806
52 954 383 704 451 759
99 198 281 893 99 481
913 495 857 300 498 735
1013 793 1008 509 580 897
203 923 279 147 918 354
435 248 164 237 519 883
743 865 637 639 85 74
458 379 589 754 684 353
949 681 16 382 908 72
965 809 410 95 387 291
195 680 318 264 187 744
830 401 619 411 147 61
469 725 15 905 1022 679
887 42 516 86 706 474
721 362 819 869 592 267
925 367 77 10 469 658
719 645 553 1023 1012 731
442 561 904 347 736 222
773 974 789 447 350 978
995 324 486 324 565 493
9 364 341 969 579 150
637 661 551 177 983 631
128 798 249 860 461 690
914 164 270 923 918 82
251 564 160 817 54 155
630 125 491 293 709 107
581 324 648 353 868 926
782 768 954 466 329 499
774 639 2 11 273 576
407 670 557 930 50 114
805 867 106 49 580 1018
812 761 992 538 145 998
519 896 191 545 29 813
1011 446 847 903 466 493
900 622 874 811 188 861
892 193 227 935 584 202
336 836 494 552 148 873
640 521 301 90 950 68
377 907 791 708 473 808
841 14 222 455 544 522
814 721 172 625 443 716
211 904 288 1002 931 895
550 272 972 633 769 944
320 140 566 198 626 838
338 377 494 785 118 416
730 1009 575 771 752 329
355 715 976 689 329 602
830 371 931 729 979 433
115 935 257 639 534 298
126 837 224 876 275 213
160 1006 920 171 86 818
536 755 142 480 958 296
410 319 657 145 440 172
523 412 79 105 1018 39
795 134 546 422 776 886
841 208 313 61 545 824
12 822 730 767 195 150
610 238 29 819 739 436
879 987 826 890 731 390
306 169 174 535 415 916
198 325 271 652 145 786
800 91 64 998 131 100
582 220 628 742 520 808
995 236 839 560 804 465
30 56 757 989 344 973
837 219 84 124 680 764
536 733 673 40 630 843
758 874 70 939 674 736
374 438 531 263 604 693
371 161 863 435 1010 430
604 482 790 517 173 886
349 300 506 720 581 342
97 372 746 444 376 191
566 543 991 587 181 257
505 698 543 328 539 553
468 260 481 1024 25 651
234 350 94 490 199 585
785 835 745 143 638 993
105 633 758 848 966 312
859 352 989 39 148 695
870 333 724 304 588 381
944 453 142 461 366 67
612 744 46 901 761 468
327 311 990 375 559 234
319 683 583 54 750 655
32 389 942 53 927 182
127 36 797 801 201 800
869 238 1014 654 156 280
112 42 779 357 876 23
821 820 110 427 672 434
734 793 938 623 880 968
232 997 478 602 937 141
765 233 818 592 74 677
256 119 518 221 849 878
496 423 330 134 703 774
605 211 641 702 712 647
250 435 935 960 664 693
688 555 898 567 877 64
79 915 673 502 675 95
733 111 337 638 635 362
516 254 726 212 208 395
178 338 695 864 830 827
632 87 102 402 652 511
744 252 953 384 894 555
216 678 778 772 492 915
810 439 271 708 814 766
185 365 431 56 167 359
606 479 25 503 678 30
434 767 258 332 450 537
919 1015 320 209 68 171
607 577 170 462 313 736
240 803 590 344 507 798
1006 882 572 293 637 447
158 419 722 922 202 853
807 508 735 417 970 816
717 749 85 797 347 875
539 872 558 43 399 574
784 484 14 1 395 600
473 296 487 249 317 643
180 244 151 762 150 3
978 396 641 281 620 844
727 290 207 155 10 315
570 912 152 129 379 108
944 36 229 702 694 573
737 926 338 996 8 513
498 340 845 636 699 683
697 805 146 1011 693 881
753 982 51 612 563 816
285 456 117 63 407 789
213 326 1011 533 72 381
929 667 682 219 176 427
806 159 831 424 1001 927
1001 292 331 268 766 488
867 109 109 241 425 442
912 463 682 980 1012 443
556 330 281 692 206 162
969 210 320 583 663 125
270 53 936 745 106 276
376 860 459 1007 604 98
851 862 403 308 957 611
933 256 352 509 865 209
866 212 875 5 952 125
258 491 152 1014 294 976
645 398 829 274 84 507
888 227 709 891 349 383
648 385 760 304 485 6
184 741 782 890 963 996
106 322 376 856 587 75
396 252 519 189 940 833
605 406 156 847 961 781
381 881 925 115 716 712
24 340 722 521 691 822
64 970 610 275 274 902
136 217 93 1007 828 658
118 149 239 457 661 323
291 547 373 899 310 260
304 976 307 949 549 539
971 742 643 793 231 467
600 564 704 6 235 139
627 983 533 966 856 763
45 518 478 628 586 207
788 343 65 515 662 564
592 905 806 92 1000 718
165 705 627 701 183 303
501 625 707 226 535 214
859 328 3 615 175 826
688 305 626 39 611 994
966 371 49 822 920 470
302 871 23 699 124 582
31 439 669 931 994 729
472 603 644 1021 246 586
437 182 650 620 451 420
875 807 593 563 867 424
567 804 36 972 432 83
458 679 644 230 146 656
101 269 45 270 911 44
319 118 618 20 266 993
140 756 440 906 159 1021
883 366 544 477 334 392
663 22 290 882 312 348
107 761 648 652 357 293
986 713 759 628 411 242
52 840 283 771 389 416
187 1009 415 197 309 231
917 996 577 96 401 4
127 163 621 962 379 1008
1017 425 378 773 754 189
428 780 947 909 573 719
288 295 197 546 878 991
984 288 741 950 565 76
765 768 470 92 62 31
174 928 475 243 642 1010
811 1024 880 957 1023 674
799 66 712 491 872 129
374 451 620 113 34 805
289 139 228 985 788 901
518 510 56 1001 108 235
149 680 893 449 778 511
197 94 473 703 103 364
833 441 650 168 536 89
506 927 617 668 684 854
717 516 298 166 370 862
550 174 418 301 971 690
991 492 238 879 561 607
653 353 925 599 105 221
109 375 57 803 9 207
4 137 314 787 164 283
622 368 350 413 311 108
430 388 116 343 737 16
468 43 585 420 673 807
452 715 575 306 755 30
408 176 672 201 720 215
321 497 919 279 171 883
512 249 226 734 229 195
894 330 130 354 310 8
246 123 838 167 1003 529
470 523 928 731 498 155
104 839 243 525 245 152
82 386 812 953 1016 471
943 594 608 526 746 526
479 823 229 778 896 448
333 475 41 110 812 1016
74 763 588 676 248 647
327 687 414 817 542 865
887 420 747 414 13 223
738 66 97 17 89 179
173 885 610 937 609 314
987 623 888 514 988 713
278 601 629 50 775 231
454 138 179 556 677 877
247 282 227 136 882 497
224 570 488 28 549 796
611 749 490 302 282 640
502 522 307 58 776 730
424 649 909 777 334 679
889 84 740 485 633 81
670 242 526 983 649 667
988 351 119 577 181 161
263 825 728 661 81 28
169 485 588 12 888 626
969 764 543 795 954 169
508 981 747 709 640 649
236 787 598 671 617 713
110 484 615 881 113 345
191 907 792 248 691 18
78 131 391 259 75 568
906 213 453 81 802 829
439 819 613 1005 101 988
462 854 297 835 732 234
8 158 361 932 196 419
262 940 412 316 584 562
406 527 992 823 355 820
538 138 737 48 569 194
669 494 34 121 280 29
523 918 277 570 922 241
35 873 444 489 503 97
41 128 26 1004 218 216
704 321 276 783 505 861
939 603 68 298 342 261
363 318 596 871 517 800
528 41 499 497 250 312
405 37 937 751 997 756
90 387 774 77 690 971
153 253 794 591 606 947
292 253 419 641 71 554
316 480 850 512 802 885
289 200 21 702 866 824
92 621 738 700 597 714
223 52 871 54 313 70
916 567 377 548 286 77
18 851 754 629 721 247
316 540 919 268 773 643
796 7 214 391 151 700
69 834 657 98 571 529
849 63 799 886 336 504
755 846 448 685 345 565
500 975 210 59 256 618
896 450 687 705 655 273
314 370 262 237 941 132
760 998 422 217 984 554
697 212 745 9 100 708
903 986 91 525 67 790
51 450 271 635 277 710
46 967 979 884 244 267
630 27 17 692 921 232
394 580 675 318 834 346
955 801 821 520 220 96
696 400 58 914 464 129
157 573 159 574 574 394
20 515 912 952 631 374
466 823 387 590 46 953
88 126 832 360 360 196
687 415 578 32 619 681
405 723 131 165 981 719
307 550 499 428 144 711
863 80 94 50 431 815
452 172 382 55 24 575
506 716 168 593 24 299
548 182 910 609 412 772
732 956 843 241 140 286
727 205 689 37 60 21
530 624 107 757 694 854
515 35 78 579 855 849
672 887 384 301 337 766
638 305 421 123 12 443
930 438 432 844 528 551
294 554 973 636 534 557
138 740 868 192 467 634
204 486 916 200 478 93
474 658 750 646 667 178
751 441 287 968 425 369
326 483 455 705 163 597
836 748 808 973 502 958
734 484 21 66 265 305
591 225 858 49 597 970
714 1007 255 488 277 825
870 847 323 98 572 162
194 794 627 147 840 675
902 741 829 792 1024 141
355 365 859 552 711 671
796 794 1022 657 528 682
120 135 710 1002 815 531
665 964 510 69 818 477
718 464 762 552 660 219
878 261 47 417 872 950
194 899 655 427 175 522
394 303 924 889 810 413
842 524 921 901 520 1022
382 280 130 37 665 811
116 421 621 961 57 813
697 299 941 828 2 1019
576 76 1021 4 975 114
218 185 390 176 327 665
913 258 337 521 733 31
