1295 1608 2280 1256 1939 2135
2450 1731 230 1218 1619 2239
645 1885 66 2275 1328 504
1121 841 1029 874 1951 1150
2311 2004 1887 32 1095 376
1600 724 837 900 1246 2408
116 2260 1568 128 2394 1700
1771 1309 991 1147 697 1923
501 1650 1985 229 1917 47
468 421 1572 1298 541 868
1767 913 1261 1758 1513 409
1606 1835 890 766 1766 1175
2001 755 987 667 486 1792
1491 1210 762 1139 90 140
1215 1474 1164 2127 1585 254
388 1261 2194 2236 1742 1029
1443 615 2441 2037 2369 732
1471 1405 1511 215 1327 2087
1710 237 882 603 1451 1329
1454 1585 1166 1964 1053 2213
373 2117 1252 1037 265 934
317 1541 931 1780 1271 261
1493 11 2492 434 2237 571
1265 2231 1525 1816 2033 889
1927 921 2027 361 632 1964
564 511 1046 1233 1079 507
2352 2226 767 1202 1081 393
1903 994 582 933 1940 1110
878 502 2313 1902 1318 2386
354 788 78 163 97 2093
38 1587 1158 923 511 240
328 1859 537 594 1647 2478
1206 1801 255 2167 427 201
1152 1467 1882 2365 57 1152
443 1137 556 2150 525 1754
1019 551 389 102 1828 1912
378 702 633 2481 19 540
402 26 1109 2296 24 1036
943 1262 1573 1880 1270 298
2007 1840 1628 1241 700 905
1083 2307 1389 2476 930 2383
1877 112 1790 652 1364 1827
2201 1798 1536 1870 816 526
2007 781 454 710 1956 2342
1681 1105 875 753 2380 674
562 1231 2387 2035 1375 997
1525 28 1569 54 702 1348
357 1016 1844 1775 892 1763
495 1583 2377 1249 627 1794
1655 1028 2018 2454 1616 263
182 1731 1531 1549 1722 1130
1894 2356 1505 340 1075 1714
1200 170 2163 1808 1430 1524
1177 2277 312 27 2297 1471
284 1267 1776 151 1020 566
497 50 1118 903 2125 154
861 1558 1045 160 1480 487
1359 2393 952 1794 1540 218
2027 973 125 851 1129 1382
1177 480 307 81 1798 2448
292 1584 1380 998 480 894
2347 2143 1025 1436 1466 1475
1244 1256 1184 1568 2462 310
768 955 2468 1624 1941 59
360 1748 1819 80 2299 1208
828 184 2479 2291 1441 1503
1026 2317 1092 1829 505 1417
701 1334 394 399 972 1559
1032 2183 1334 261 2445 723
2404 1143 1039 1660 814 619
54 223 1642 1100 2043 918
1201 1375 552 918 93 1490
572 1997 485 2219 1988 715
2437 1570 1595 1507 907 167
2283 865 2188 313 1989 976
173 228 984 1593 1513 1561
1627 1098 1041 182 839 1458
1641 479 1946 97 387 1239
236 385 947 1840 1194 291
2329 251 44 846 2017 1321
1984 2444 1866 1645 1342 475
422 1015 1935 1629 1038 2080
90 1947 1975 972 764 1957
1425 1294 983 37 908 1432
731 1203 1401 2294 1683 1136
1361 1916 1729 1061 723 158
885 1727 67 2312 902 692
1557 3 2353 218 2488 1734
35 1868 1155 910 92 2213
1070 998 294 1718 1930 1677
2417 653 177 886 421 2124
1953 1113 1937 1009 1287 2378
1217 1487 471 1204 1463 1387
905 725 1591 590 613 932
1276 1866 1168 504 1332 1906
2439 2322 1515 468 1270 1194
1698 726 1463 1505 681 2344
1688 939 154 203 267 1134
1318 743 1966 1017 1247 2072
155 1512 2145 2461 892 1169
71 114 993 656 969 1120
202 2108 2127 1928 965 307
573 1530 2242 1374 98 520
1227 343 1699 1458 2309 972
283 81 398 891 2484 233
2092 2243 1665 1721 2304 1061
86 1724 242 950 1429 1136
1795 1508 446 417 1636 761
627 1584 818 821 1376 2206
963 1116 2373 192 1701 1652
802 1590 1439 2125 1737 1892
493 2237 842 2156 1545 2153
1492 981 925 1043 2220 1026
61 2350 584 1288 214 2426
1814 148 2366 1086 1444 1039
1997 1793 922 190 1223 465
1976 1314 596 2114 92 874
1400 246 2451 2341 1030 463
2316 1122 1755 1869 1183 189
2097 893 2316 1838 162 661
928 1406 165 156 2338 923
1743 2229 48 541 1839 2149
1806 2375 1953 1554 1622 2112
2296 1114 750 2099 1750 1112
630 1060 401 2056 89 1476
1048 273 1144 1360 1693 1558
499 2428 106 72 2251 1832
2362 1974 2471 883 1723 999
1398 720 509 941 52 574
1446 141 1679 2495 138 1006
748 323 277 787 1851 10
661 2273 184 1141 1579 1219
872 1163 1050 1601 1946 1521
82 84 651 1518 1325 1248
745 532 1430 1520 2419 56
76 1913 2185 1534 1070 1600
657 1063 2388 1280 438 596
1605 1465 2020 1977 1742 2481
162 264 294 1174 1992 1202
1747 87 772 2269 2148 1185
1178 1233 2048 770 2280 2265
1394 161 501 127 416 850
379 348 2359 1475 1989 287
779 1609 1318 91 215 1415
628 805 2393 1830 1728 496
641 1165 683 194 1296 2459
1097 144 2004 2122 2430 2150
113 1174 1776 356 1149 1931
2461 407 1456 53 1616 149
693 1640 2149 901 2477 839
535 1783 877 62 572 950
2087 122 1235 1777 2367 197
197 1918 2032 1199 957 1557
1386 1346 2289 1311 2005 732
243 213 2383 2170 2017 370
1094 683 597 776 2026 1953
1890 1259 1514 2315 909 391
1173 947 758 2180 445 1658
1899 1893 719 2155 243 1818
2232 36 62 1059 797 2071
2063 1459 2157 37 1481 1590
2270 1716 1634 1103 484 1482
760 1663 2493 2041 1363 465
2252 2151 515 269 1860 281
2060 1260 2351 1490 456 123
1312 1142 270 1279 512 1378
1873 1289 187 2020 2405 1808
2262 1141 1641 1164 1215 1416
1495 1774 1322 992 2085 2216
1577 1891 2440 1751 1983 720
1857 384 49 839 366 471
2255 1320 864 1369 2121 80
695 1154 397 2146 260 1630
698 1089 893 524 49 968
1040 1499 889 1391 884 186
412 1054 2023 422 871 810
575 1924 235 474 1052 783
204 227 949 606 469 631
2129 1556 545 488 752 1562
1287 529 305 2260 1660 979
813 442 56 1049 888 990
15 2169 663 1466 1799 1994
2229 1995 505 1749 1095 1180
1625 486 1196 1339 389 559
906 1875 360 1287 747 1024
1904 390 400 2341 1523 382
741 258 1241 933 1648 1129
175 1605 1571 895 582 2234
453 1544 530 2072 802 1447
1022 83 715 256 313 1472
924 2238 1711 2466 609 1658
825 2034 2255 1462 581 2295
1251 482 29 1498 927 801
1963 1400 729 202 188 143
1206 169 1340 1538 1888 703
2015 1532 1901 1196 240 1708
1790 1546 222 864 2351 1901
840 637 2036 2394 2130 1531
538 1588 39 773 1191 152
1623 813 356 1578 2294 508
375 1726 1506 2136 427 2168
2270 2039 1626 2372 1015 599
120 2380 549 2147 668 1120
464 624 962 1931 2025 107
617 1640 2332 2342 165 600
945 1314 1183 1396 2333 548
935 383 435 2500 872 2024
2370 644 1769 245 2037 2225
704 2410 1577 63 1638 2324
439 663 2128 344 2121 581
738 1167 523 2088 1465 781
499 300 868 362 881 1231
809 1220 1561 68 1762 2490
2092 1565 1772 2084 25 744
796 785 390 975 1883 620
1029 1885 2057 1284 905 1822
2471 1436 1077 493 1121 1387
770 1589 1623 2278 2133 1945
1622 2037 722 396 752 1954
1188 2325 1984 2265 350 665
2413 134 2055 719 799 251
2427 1326 2267 2366 78 2108
1423 854 2241 2022 991 713
2061 2179 1110 185 507 1736
1675 1797 1267 980 1514 1627
1542 2118 1556 679 1831 883
2138 1812 1198 1337 805 2406
95 751 1908 2381 940 1187
734 1730 70 936 2323 143
430 707 777 1675 1921 1598
2403 868 1188 1777 2464 1662
415 1290 857 1273 1986 263
692 1211 658 1624 346 195
744 1698 1354 2106 1012 2188
1293 665 1418 656 2079 2011
249 1124 1691 830 2413 914
1708 196 61 2345 279 602
1377 493 1338 1021 1018 1048
2463 2402 580 1993 583 2475
6 1917 958 1212 189 690
3 1 806 768 425 2199
1104 1550 1725 619 1518 1803
518 1171 2159 501 2139 2059
1810 304 1369 1108 2042 886
5 1879 2434 817 1146 222
640 570 848 302 2178 129
1926 535 2455 1169 1419 2054
359 592 1232 1760 737 1087
1070 2024 321 73 269 177
1397 1946 107 65 1201 1196
399 1532 1073 1182 2264 716
2080 76 1923 438 884 2176
475 1900 793 2358 1624 1630
2214 1360 438 2264 247 28
1691 621 290 1377 476 894
2204 2208 2113 119 875 1660
1891 717 563 359 2483 1343
1680 729 2335 1833 965 10
1426 712 1846 1255 1368 2472
522 1961 2368 2183 1319 1485
2436 539 1453 1785 137 1850
2362 890 2284 931 1621 183
141 2433 2142 1681 1137 812
2290 1551 1446 874 2426 831
2119 1680 1103 624 2153 1879
20 615 174 2188 1739 1896
2385 1411 751 1808 1236 955
2012 1533 2073 1438 358 2000
873 1252 600 956 2407 2021
1323 9 2104 1051 39 2005
1278 1576 2234 47 1852 613
2216 1696 89 2432 1943 161
2100 988 399 1225 1921 2361
317 142 604 2359 1912 1483
1361 2340 1716 1079 980 1445
60 1056 2313 618 480 2043
1073 530 339 1775 2232 1031
1340 225 1268 1081 546 1710
2155 524 83 2112 1191 1207
1307 2077 171 1866 2049 99
214 45 1994 1416 2016 5
840 928 994 808 1776 2260
2177 1015 793 1785 1509 413
2224 2282 536 444 869 1957
824 1637 398 316 1677 1803
1639 1903 1815 286 877 522
1825 259 1339 1162 213 2350
942 1301 756 2494 1727 845
512 1517 1720 2459 1950 57
110 2216 1430 323 1778 25
588 1672 1205 1704 1870 337
2103 161 1248 2382 343 2060
297 800 2360 1996 2069 941
424 339 1785 1743 2404 2203
1720 514 1428 1159 1378 863
1980 1522 490 1757 853 699
2466 1669 1423 321 1578 1002
2296 1082 1564 610 1030 690
453 1707 2162 29 946 502
1018 882 2500 1329 2025 454
1708 1488 337 502 1650 1846
467 2363 1453 2446 384 163
1981 421 2111 1151 742 1198
921 1347 1552 1553 1068 288
2012 53 449 1229 157 1289
1000 1502 919 2091 1594 811
763 38 527 2249 1969 1797
63 478 2344 1983 655 1151
1981 889 836 2417 1923 2138
1452 1263 312 1496 1958 4
654 1897 2426 1393 1612 396
2327 1534 323 331 2207 258
2089 1513 1948 564 1326 5
1659 225 93 419 152 1629
110 762 643 1131 1075 1156
2070 1898 1689 655 1292 1323
528 134 2281 416 120 1434
172 1587 1936 1226 2119 1799
329 44 629 1064 2330 2367
398 1664 1351 1219 527 688
1541 1629 2477 1545 731 2078
1204 2218 1421 2255 404 1800
1701 857 1353 337 2257 1485
470 898 1371 108 1465 968
363 1620 1654 2314 1454 2086
792 204 1051 69 1657 2256
1394 2457 977 2342 2148 2095
2183 21 1529 1392 1740 1091
2143 1560 576 2027 2421 1805
342 1350 335 2189 2137 327
903 1114 1715 1142 2396 629
149 2292 1949 88 557 1146
1724 229 1546 1376 216 590
2257 2003 2326 782 1095 2289
2462 521 641 2316 1242 2075
2009 1310 1128 58 2145 1436
33 650 1188 1861 1963 2213
1431 8 649 180 2421 1004
1694 46 1109 115 2101 2224
2375 628 301 1541 932 1820
120 1048 157 916 431 1053
284 859 166 2362 2170 416
173 758 2329 1542 812 371
1187 1349 906 2274 2097 1355
1713 1414 1367 2223 315 21
473 1828 775 1667 1043 1759
2337 477 1194 1331 402 1622
128 2220 2175 634 1313 489
2440 714 571 942 434 1677
2303 200 1664 709 751 1189
2346 367 249 459 2019 834
2228 195 703 969 414 708
377 1865 488 1370 1868 761
2066 1864 474 1848 1117 669
1635 750 1631 948 4 1182
1494 392 572 277 1328 1294
410 40 1971 1441 1219 1464
1981 328 1338 2101 1335 636
1229 2428 1506 973 1185 808
2487 395 2108 887 938 1195
633 2171 2415 1892 2343 1657
2435 2052 1555 1601 1569 2231
1906 2167 265 1035 586 1695
1978 193 791 2294 671 989
2022 444 124 2227 365 42
1741 2278 1011 679 1820 993
2116 2306 2138 1271 2067 2187
1337 1825 1257 1354 1153 431
1096 561 1069 118 1679 325
1787 1757 76 2253 1298 547
869 1668 477 1042 1147 45
1327 1003 1726 286 1266 2446
461 1799 484 1935 1574 2132
1703 478 1367 2069 1007 178
2098 2437 1482 12 1642 322
1680 608 1359 1093 455 1721
453 982 2112 987 577 2267
77 1314 1933 353 1713 1397
2304 701 806 1768 1322 2217
1778 1431 23 467 680 1937
1056 374 643 491 2099 1653
1403 1901 1180 2312 461 154
370 1745 247 1365 2209 549
2259 2347 423 595 1134 168
1880 119 2141 89 1702 1247
494 920 260 2271 192 733
1604 1418 358 116 163 1153
926 1139 880 2467 2234 881
499 253 109 131 1255 765
2054 1645 1588 1171 2435 68
2320 2253 156 454 2257 2259
1353 1439 948 776 2384 2446
1292 1017 1583 1391 19 1712
2324 622 555 213 1920 424
1853 814 730 441 1190 1362
838 577 1470 1316 458 1321
1149 602 462 440 2334 352
146 373 655 1665 2398 358
1817 2215 1130 678 244 966
2134 681 919 712 1484 1446
28 1059 610 2230 2371 1737
759 126 658 2076 1213 1956
535 2035 2087 2433 1521 2442
1826 559 86 2374 708 2007
1079 2318 1971 554 140 823
2186 1910 503 1553 391 1729
1422 2013 75 1380 798 1254
385 1781 394 1381 1910 1071
55 1126 1816 1881 2097 755
2042 1407 1058 755 931 1238
648 2130 1470 1477 971 514
1685 1779 2166 2498 1796 2165
2279 1102 783 2458 2396 91
2031 1034 1460 964 830 1712
2422 1469 2033 188 2331 223
2209 1508 2056 112 1605 2436
1908 460 2215 1193 776 2036
1319 133 583 1791 1364 2258
777 2248 2055 867 2173 1088
2483 1181 1773 1084 1044 558
656 2442 43 685 1634 1260
1745 138 2482 1093 1023 1412
1987 601 41 1726 328 1478
1129 1961 1567 1600 315 1422
331 87 898 1199 723 1303
1858 2073 2235 579 2123 1283
1186 20 305 514 970 2084
498 1006 551 1119 1299 139
1336 1712 671 1655 912 676
573 668 2110 1567 2107 238
325 2242 1257 2405 1999 2315
2006 913 2482 746 1247 637
592 2126 297 553 1011 2004
1825 965 1498 759 1336 1242
219 848 1932 423 1554 589
1852 1091 2223 1413 806 141
7 226 1872 2498 1766 567
380 2348 1676 882 1663 1374
2148 721 1762 954 1401 2197
1404 1936 2130 2310 2062 2474
899 2276 2229 2435 956 1017
1487 2273 1585 27 2423 355
1838 935 2494 1417 829 1965
578 877 184 1669 1140 749
2249 1508 649 1330 292 2419
228 1686 39 843 92 879
706 1614 1176 1950 2453 544
1249 1148 777 1973 214 1449
2318 635 691 1154 487 235
1008 999 347 442 1367 1065
299 1573 1551 1341 1671 2197
612 672 1104 2208 1026 333
1457 1003 2349 443 550 1230
47 236 88 1410 268 1902
2340 128 1385 569 2297 277
876 2205 1701 944 1426 2152
2390 2131 2104 1914 1709 1615
2341 804 1290 888 1936 1301
1786 2292 1697 2311 159 2100
210 857 176 366 1856 967
822 860 1442 1411 232 1969
1323 324 1004 2458 1978 1899
1659 2217 1552 1867 677 477
2460 591 364 1189 1245 678
1761 2376 1303 1023 1013 2081
1548 314 558 570 1096 460
496 426 1937 2447 717 440
69 1205 1692 1603 265 1967
1751 2187 2343 2034 362 240
1787 923 647 1221 77 1865
1881 405 2398 1036 1537 2159
1536 1278 1004 1874 2141 584
746 1976 2157 593 2414 946
2063 584 1507 341 58 93
756 1598 725 1092 187 422
1216 1175 1277 1175 1560 233
916 692 494 1146 185 2158
2293 1295 1335 1800 1364 365
1362 33 611 2385 2196 1054
2246 336 1253 2480 1092 2364
2251 2359 1067 846 1468 1810
2219 1849 2476 2443 2498 171
1736 1816 594 2402 1871 1239
1033 1457 1543 1061 365 1281
1559 330 332 1327 2223 625
2331 2302 1732 211 1959 1159
811 1986 285 2041 1184 1844
1586 2300 1885 1227 209 632
2321 2142 1687 94 1688 1033
1455 1806 1396 418 1569 1214
542 2470 1882 614 747 354
1195 2196 2344 1020 1670 2401
677 699 2366 432 547 993
743 856 1369 2195 1056 1897
2153 1606 585 1294 2424 579
722 1444 2171 1066 1929 506
221 792 670 1047 720 1214
1991 622 1975 1780 1155 379
618 1250 51 2077 58 429
1366 1632 362 101 1960 2493
642 2044 423 952 1632 1527
1729 884 574 852 936 1472
847 1873 2412 1226 2086 497
2061 79 2232 1887 148 51
40 415 503 1750 104 1333
929 1365 853 529 1302 1740
1979 261 1440 1740 980 1907
2167 866 1012 1559 1319 1591
1220 2499 1909 2120 537 2425
1589 1283 2278 1851 2002 8
1307 638 1082 2193 1467 2467
520 444 1874 1088 1065 1076
246 415 1236 995 1801 1086
989 95 672 803 1050 2389
2288 2109 1998 1333 1833 1354
1393 432 285 1145 2186 219
1613 1884 1565 970 408 73
1489 742 2429 2464 2128 2364
211 657 586 1421 192 51
220 16 1383 808 1691 1900
29 460 276 1836 2192 1306
2252 1351 1084 2291 2413 1393
1272 521 1896 1934 2263 2240
2010 829 1826 1961 1842 822
2014 2303 2182 1073 1753 1343
1860 498 662 1375 280 1235
1434 117 1698 119 2176 2080
736 1536 1237 2231 1126 555
2140 448 1395 2304 1625 909
264 2489 1515 1895 1891 1217
1379 1595 1132 985 835 2140
1815 635 1752 2371 1207 2370
2105 2322 1539 1833 1209 2298
759 472 2195 1269 71 939
1611 239 1972 943 1925 1410
2161 1504 220 1985 1998 1245
2323 1127 2096 1452 1835 804
2156 13 2322 436 75 1344
1884 2401 831 115 304 1520
1366 659 2226 1424 2456 2450
381 100 870 1087 2015 2328
1631 2335 2082 1771 2288 1614
757 372 2230 621 1224 1187
1972 1634 920 1968 1285 568
2243 146 2442 1115 433 1919
2008 318 290 1483 1809 1289
246 1788 1308 1481 1849 1007
807 1863 2407 1464 1317 43
686 341 2293 1469 1178 1895
2003 364 2448 2126 545 1564
2355 494 1556 1877 1492 854
726 2070 990 1253 1979 401
2370 685 486 164 1793 351
1080 2382 1432 491 2014 2065
2085 1162 2307 1635 1562 123
516 1810 207 1127 390 418
753 364 205 1831 234 105
1155 1527 230 601 489 1230
1770 374 575 533 992 1324
651 1226 1315 180 714 1662
685 1292 701 1116 1076 267
274 109 414 2129 1739 295
2424 1805 725 555 2479 978
2445 152 142 549 1173 1111
1589 1992 2409 1914 1849 283
2076 335 1449 1049 1395 2058
1531 1733 168 1646 1148 95
174 2353 71 1437 1456 2395
224 1730 1715 1100 1063 2031
1964 1059 789 1114 754 1735
376 1938 1616 513 130 111
918 876 745 606 1405 778
1781 1013 2158 271 16 300
135 1941 1987 2110 1101 542
1958 653 1765 926 1855 787
1019 2321 1259 1189 1685 1262
2206 266 939 111 420 1982
679 2378 2028 1345 2000 1350
851 1014 1495 13 2368 2043
1845 202 707 1554 1555 282
2477 754 948 1924 288 1179
433 668 2062 94 1024 986
579 711 1032 819 1272 1824
280 2049 145 2230 1869 121
2384 1522 1124 2293 274 603
40 1118 1596 449 1370 1125
1523 565 2102 977 1324 533
1238 1538 983 2432 682 1467
432 764 81 871 109 1251
2310 77 1977 191 1952 284
2159 1749 1811 1221 2135 447
1201 2449 847 526 2241 303
2434 2129 1561 1515 2336 2345
1730 2217 593 1492 2425 666
1408 2286 2106 1113 1539 2283
2203 2281 350 133 1150 772
845 2152 1435 1594 1996 361
733 42 242 508 413 1469
1818 457 1794 2182 2045 960
300 1459 2400 1995 843 787
126 345 1859 2012 537 2162
658 2192 2195 2051 797 278
135 1010 2374 1753 353 193
1704 597 2045 1085 259 1329
2115 651 32 456 1566 1141
1383 418 1647 827 2408 298
2002 1657 1198 1480 2236 821
2453 795 1982 2448 785 1468
2271 1065 1352 2096 1427 1792
72 102 2075 2018 168 883
1857 1216 1107 1971 1542 1406
718 1846 1943 1346 99 2295
929 958 531 455 156 1284
181 147 2245 1628 2455 1862
2218 1186 860 573 195 279
1737 101 735 774 876 166
313 112 1297 352 1216 1055
757 1362 1477 2400 779 2431
2465 2133 2443 832 403 24
1386 2141 1234 1151 970 1617
893 1758 472 400 255 2246
296 1572 512 2144 1011 506
56 1368 1526 1960 1084 2365
1390 420 1904 2491 324 1990
85 833 1723 540 1068 1388
1040 1066 1555 1967 1834 2045
1018 2114 2008 1933 1416 1274
1133 996 2127 548 2247 2011
1286 1734 2392 780 1304 103
1163 2403 1278 1276 1302 1317
696 2029 989 541 2261 2411
1989 187 1913 629 1718 558
691 2457 1952 2149 2090 799
451 1735 540 474 1672 1703
2346 2332 938 4 1511 1449
2239 1683 138 2166 435 231
1269 2262 2010 2047 234 1094
408 1523 2048 297 508 2308
404 1041 1012 2300 465 182
1497 1133 133 642 1143 1581
1102 833 1944 2030 35 2123
1170 1162 711 594 96 945
1779 661 949 638 1144 2073
1932 1695 1279 2046 788 2122
849 329 1527 1275 2374 1780
1644 215 445 2310 818 1296
295 458 1372 2438 825 548
1599 322 2491 342 2440 919
2461 2178 1333 2282 205 1246
140 2077 178 199 566 640
513 820 1397 1856 683 1984
393 1787 355 2115 1192 1528
1934 563 1905 941 1662 448
885 446 425 2142 890 578
885 216 1704 1804 1615 1005
335 1166 1411 1714 644 794
644 1883 834 705 1676 1829
1474 978 2206 101 1249 1903
108 73 372 2091 1949 1047
2241 2272 217 1507 664 396
2420 1563 630 1617 543 1621
255 1413 1358 147 2047 2115
216 2495 2404 1524 349 1340
1547 1915 1649 2265 1774 2256
735 2170 1003 2109 242 1912
1161 1803 975 2500 2169 1789
623 354 2184 437 2076 16
1955 52 2395 716 506 1501
1809 1001 1538 2345 786 1401
1437 2122 1160 439 2207 771
2375 2105 700 797 854 1889
295 484 1687 1473 104 634
1638 1230 2468 1811 2444 1875
411 511 2179 2084 1539 718
991 1111 1016 2064 605 1433
1654 2480 1656 183 853 1112
2384 1185 592 500 2011 1887
1052 1222 320 2200 1892 199
1588 538 1445 2287 1373 1900
1666 248 778 1399 747 2002
1643 1988 247 2058 2409 457
78 1010 1353 694 1579 1455
59 2343 357 1332 901 738
585 2301 2431 2418 553 383
1537 1324 741 1934 157 158
2475 1906 1422 741 252 107
1115 320 653 681 1990 1398
967 1237 223 461 369 1471
791 1382 2205 1358 495 639
2318 841 2486 1154 1502 2086
10 464 1472 1793 816 1752
442 2039 446 403 2422 892
193 1911 800 1320 554 822
698 1552 1839 1761 979 273
528 1233 1599 2356 904 2023
1570 2490 1221 1847 1690 1090
2348 504 1069 689 1203 1769
2020 1473 2358 855 1913 2376
287 2462 467 2288 1461 2083
614 2299 98 1706 1044 1503
545 867 1135 1760 837 160
1451 562 428 710 239 861
2496 1966 1963 150 2123 949
30 1644 43 639 1085 1530
1280 791 1563 103 327 845
356 1243 2429 186 1274 1942
743 986 994 1944 694 1042
1022 1853 64 2006 2160 1549
1909 2339 21 712 1461 1762
1968 1438 842 172 873 1976
2348 1390 580 695 2465 1582
976 2499 1359 455 1077 963
544 2279 1761 2224 1099 205
1958 1074 1331 1871 470 1649
1035 2118 367 2166 2491 1550
665 299 714 1664 307 2258
1302 855 2399 1950 1256 2139
1069 1646 1283 1486 1453 1370
795 1583 431 2349 2218 760
1001 1160 1813 1635 142 2276
68 75 2057 1843 303 1777
686 1518 823 1266 671 2202
2114 913 784 634 2025 1992
1086 1213 978 565 1766 533
331 1400 957 878 2353 2365
676 1902 1534 2469 2072 271
722 509 1907 509 1882 990
296 2268 619 2028 177 1653
2010 2272 1350 1000 1965 2299
1460 858 427 810 1982 369
1372 1709 2416 2161 60 801
1674 1824 1735 1678 1863 1093
2042 1176 1335 169 1211 1655
293 1965 1911 829 1732 1064
2352 649 2428 615 1444 1771
2338 1164 1242 306 1258 1652
529 2036 1705 1060 1310 867
1633 800 1596 2447 1957 1128
2001 2364 1473 330 303 1374
1529 1705 116 488 1927 1686
469 1076 935 2169 466 1080
1796 901 1715 2489 947 2089
925 59 1009 2394 2174 824
483 1279 1222 688 1731 41
14 674 2174 44 505 2405
1021 167 2125 1157 1165 371
1275 1809 212 181 1429 1388
367 2031 2039 750 1886 2463
437 2237 1738 1679 1613 1910
1768 637 2469 45 1478 207
1088 318 1206 2472 587 500
598 1443 749 241 1251 820
754 1678 1447 2274 2327 336
336 84 1171 691 1414 217
2397 1617 510 767 2295 304
2144 662 2337 564 912 264
2102 858 1273 732 1951 1123
786 515 1666 253 1246 1951
1590 1197 2117 1697 907 1967
2173 960 550 1307 2261 1341
2227 368 1893 2330 1533 2254
569 483 1098 208 1235 135
1510 1348 902 534 257 534
915 1834 1549 908 1835 1721
1756 673 2377 299 2094 699
1540 1889 1940 85 1122 1823
2285 70 552 1316 419 2466
1666 643 2246 153 1325 1959
559 1250 306 32 915 1089
262 2460 105 1315 1488 375
326 60 1888 2396 1470 2250
1834 1517 1689 1782 796 1850
1511 773 1345 1160 256 2191
728 1814 654 1914 1765 2481
2090 1167 1495 774 136 190
748 1532 1304 519 620 1812
2479 1181 1386 974 1974 613
940 1383 1491 1170 2450 996
271 2250 870 2253 1202 794
817 1037 1027 2474 2208 309
2155 2233 1842 1501 2214 982
1611 1519 561 1058 2272 1195
669 591 1425 2427 702 1404
1741 1746 775 2214 388 2319
1575 2373 1355 225 191 2328
1545 1705 394 560 2096 1366
765 861 510 2154 1330 1773
2177 33 2233 406 2389 148
276 470 837 2029 700 1282
1013 2066 339 1371 292 1744
953 340 631 2490 2379 2200
660 988 1829 452 2297 1922
1313 899 917 951 2030 2102
1186 2201 2165 1670 2067 355
2373 973 2393 1415 1372 607
1434 456 2098 411 1421 134
103 1238 2321 1193 953 209
942 325 1356 1027 2495 1342
496 1417 1661 270 721 2300
69 830 1743 1433 86 2286
1781 1919 268 1252 2044 2065
1203 551 1608 2053 985 2276
1145 2212 513 500 1932 568
603 2427 2399 1276 482 1593
2059 598 1110 1876 1517 604
630 311 698 1841 2258 1357
2392 578 450 272 1183 576
1440 1475 338 793 344 1671
436 1681 560 2436 377 234
212 452 19 2009 2326 628
1109 2386 332 151 1358 288
1121 2457 650 1037 2221 473
1544 1725 1788 1725 2305 2081
2067 682 1619 1215 1838 2320
2107 1530 1520 1486 170 1377
346 1802 696 2313 1674 46
2240 1763 1807 772 611 1728
729 1576 2268 1466 769 961
283 1843 2305 659 1347 1288
1232 1006 48 740 1702 625
2032 2390 1428 1165 900 940
1628 927 1640 1991 981 1709
282 88 1163 625 689 1494
241 1248 1858 693 2065 1443
237 771 1610 1505 2463 1614
1744 208 17 405 647 811
982 856 360 816 1057 2248
333 1988 2204 1699 1886 2017
1080 131 1783 719 263 1255
936 2459 1773 370 179 2335
567 538 464 1266 1804 1106
2247 1427 556 1769 2168 377
1728 1565 473 198 2391 65
104 469 121 1611 995 2082
636 124 769 1516 1145 2368
2243 1821 660 1300 746 1650
2395 2191 2465 784 2180 779
407 34 430 593 2244 1305
450 675 2474 1309 1180 1320
82 2291 1537 673 363 1700
400 1451 1415 690 1719 3
826 1592 8 2311 638 1062
1888 2358 224 146 1379 1474
153 341 236 2209 1806 2
14 262 1308 2053 1119 896
495 1742 322 1641 2496 2444
2376 774 2388 1388 254 349
1 616 2398 766 1843 1690
842 287 1310 326 645 201
2402 1916 275 36 178 410
2328 74 1435 1842 1317 539
2496 1724 1391 731 1496 238
864 2414 1139 1067 1450 2137
1663 376 136 1881 1014 790
2409 2182 670 1078 176 2275
1355 1035 1423 417 847 462
2387 1746 1978 35 1046 706
1797 971 2441 862 556 843
767 1057 210 1595 1083 2238
1028 382 1947 1497 345 149
1823 42 1168 1944 1869 2451
543 1747 1607 1486 491 66
1510 833 1228 904 742 1717
1360 1975 296 1602 1651 245
67 1575 85 2120 680 2248
2484 1427 2094 2308 858 757
1428 1995 1566 22 254 897
704 1437 547 964 954 1357
378 2458 9 734 449 1032
616 1576 561 1644 1345 704
832 1263 269 1918 1490 557
1633 962 1548 1516 2210 622
1 2089 2403 2145 1864 392
532 1210 194 1420 2494 206
1463 1117 1424 1533 745 348
1211 18 1027 2452 310 180
838 1243 54 2485 565 2264
1089 2175 347 433 924 595
226 250 1158 1113 2397 1867
2391 64 981 476 210 2192
848 217 290 429 1041 1738
1673 2410 912 831 492 412
2390 2222 209 1813 951 452
1412 967 1791 1596 2263 907
524 1801 1169 266 2092 96
2480 459 305 2191 1096 414
1418 420 2079 1118 74 406
2111 50 1933 530 1999 1916
1948 2116 1560 1262 1130 1489
1607 2424 924 383 1878 1499
386 2190 863 1452 1993 2378
2212 196 90 2302 1850 2050
1111 960 1199 2040 417 828
2347 1172 2056 66 1031 911
2061 285 1074 2074 1706 674
1450 1625 588 373 1410 2118
606 1929 2369 276 1299 2186
1334 1250 859 485 1112 165
1420 1832 577 198 1396 1510
1392 836 1094 1966 1558 2201
430 1707 1594 1784 1848 2301
521 823 87 2382 1546 2221
41 2199 826 334 1601 490
1847 1822 1774 2082 1702 1104
30 1836 351 1697 607 2022
1493 176 1135 1344 1652 2377
1239 229 507 1431 1927 2032
2069 959 2407 1919 1343 891
673 2194 2441 1791 235 2301
1684 1686 127 575 1099 766
1509 753 2134 1741 289 1380
402 257 2019 1551 2338 384
1214 737 2079 1072 1119 1192
599 908 2399 1406 2280 933
391 1540 2325 1703 2176 1733
916 654 1854 878 2451 1831
952 1925 986 995 1819 1021
1482 206 1675 2455 485 1433
917 1192 963 1387 962 1390
1228 172 571 2336 1535 1315
900 151 1381 527 2140 2005
672 1405 268 784 1717 2113
459 1593 795 1671 130 117
200 1053 1138 2415 1356 583
1379 1082 1123 844 1204 169
127 1432 1338 1385 2400 228
426 519 1945 2172 1763 2066
612 1620 1798 387 1941 828
1097 1305 2449 294 1638 2190
1138 1336 186 468 224 1020
1897 2187 992 413 340 310
2388 526 1484 824 1948 1402
150 1200 887 1942 1868 1394
1033 2247 2157 1884 1442 1807
1282 1574 1000 904 2184 1172
183 2088 1193 2285 2083 2085
607 1822 1190 2438 2189 897
1296 2009 14 61 1450 1408
2132 724 445 1904 1609 2174
2175 1873 1483 227 1459 252
1955 2044 599 1626 2357 1775
1337 1865 1939 332 1755 2128
1819 2116 550 2432 1137 727
1051 1057 2190 386 1804 621
106 985 139 440 1922 614
448 1928 1872 1991 2422 1649
1184 1707 1499 684 2488 2041
534 1305 189 2168 487 359
11 1030 518 2454 1668 204
516 397 1244 522 1412 2467
1574 11 1570 2235 709 97
870 1373 334 1378 898 1813
1778 1672 129 2433 1580 2339
1973 1254 1921 372 879 646
1516 1272 122 2150 1759 2074
1005 1886 404 1227 1512 12
1714 1060 2452 1926 472 2287
1100 705 2411 906 957 886
576 1105 961 730 2369 1753
137 106 1022 2414 796 1168
1264 1308 601 2454 737 860
2171 314 315 1181 406 1573
1844 623 598 2172 2146 1575
2471 2185 1025 1101 306 1301
1172 711 227 605 1550 1161
1749 675 1280 2106 2173 1179
1384 1348 1592 482 617 684
1525 1220 1376 1687 1268 802
2181 2024 1138 1476 132 1284
2266 1414 2493 2285 206 1392
318 334 1062 2486 2136 1582
2233 2220 248 1911 114 2492
1071 1940 2124 1521 1557 2330
836 589 2015 2470 639 1063
1627 2408 441 1653 220 301
536 1399 769 1853 118 2372
1841 975 1179 1718 736 2259
219 173 348 519 2003 1861
1959 1682 1821 2055 145 862
2021 2354 279 1784 1384 1620
1837 1479 648 55 979 2423
1586 2473 2274 1034 1839 1782
710 1696 1487 1107 2306 516
636 1836 15 425 1856 1543
1328 761 478 289 319 1420
426 2154 1506 666 2172 238
1706 352 1044 1915 2492 2152
2254 2207 1224 316 2 2317
266 1043 162 1286 955 2438
1365 819 944 1985 293 2049
401 1827 1899 327 1107 728
1751 2245 609 1874 1331 2158
2160 1052 1124 2091 1024 1673
79 866 1491 2013 267 131
2431 930 179 588 1962 439
280 726 1877 2030 2199 2053
895 2081 2268 718 475 1779
608 2179 2177 1385 826 302
17 1275 536 457 2198 38
2333 2286 1264 925 697 274
2236 1578 2340 466 1695 1167
1277 2476 342 357 600 1604
1908 1371 2397 568 366 818
1968 744 110 713 262 1862
543 79 817 2351 1042 1125
2016 869 2406 256 1300 272
580 1711 880 542 1612 2485
2434 345 2154 827 1330 330
317 855 1352 1123 1821 250
552 574 2363 1002 1178 2193
137 1419 1746 2497 1479 1770
1744 9 1579 2035 517 1544
852 2057 2437 25 2131 1633
282 2070 810 2104 2105 329
1812 1381 1747 2184 1148 968
1519 1528 2064 1047 2417 308
1828 2249 832 2047 1665 1920
34 1656 1943 381 610 2270
1403 2211 1630 782 2468 1789
82 2083 1960 1190 434 1621
971 31 2475 1464 1782 1055
198 1098 623 652 419 1281
2240 428 1342 237 1716 1389
1285 1268 397 789 667 1311
1684 2361 1696 1213 1768 100
1694 1351 1458 1577 1599 212
739 2210 2200 2088 1135 2099
244 2029 1442 1339 846 363
739 1890 520 1619 147 2392
1045 428 2298 1786 479 1156
2282 1257 2261 316 1682 1656
1682 80 2354 132 371 586
2309 2196 2283 815 248 2302
275 2034 2315 2078 1264 2361
1424 1639 2117 447 1240 2204
1750 523 278 896 1009 1609
1907 1067 253 2051 1258 528
790 1926 2317 324 1209 2062
2078 395 2391 1373 1855 838
166 1602 1863 1972 2225 2497
1952 1905 786 1078 1528 1005
2269 820 301 1736 1054 2026
2164 807 1091 1389 1034 2350
1409 2383 1297 2379 736 566
2197 570 713 2101 1064 879
951 2325 770 758 1879 451
875 2226 1478 1880 1673 22
997 272 49 850 483 1260
2389 1802 1788 1217 922 1683
326 1494 1553 1225 585 2456
646 1133 2068 611 763 2266
546 1347 632 896 807 1786
270 1097 1637 1757 144 930
1608 946 338 1535 2054 1924
1496 1587 1126 863 1918 311
1440 374 1719 2021 983 1845
1395 1485 2333 1023 67 243
232 2250 852 405 1876 1693
1144 13 1407 2324 2336 30
218 2327 1859 1783 515 1290
1896 1253 170 1618 311 1949
1661 812 2068 2160 1399 1861
602 1062 1796 590 1461 2135
780 1693 2410 476 412 298
1938 1402 1462 2222 2038 1157
921 481 27 2482 2064 1306
1115 308 349 1631 2453 1468
1582 441 1823 2211 2136 631
1312 2406 2418 1071 1448 2439
2238 2379 2332 1676 1720 560
105 1173 1040 780 18 1858
945 1669 866 1456 693 1719
1764 293 778 815 489 1441
1426 1602 1983 2346 2205 1409
953 1690 2319 1938 798 1654
1090 1282 523 1419 250 2133
1212 1166 1792 2202 914 1727
799 2242 1915 388 309 785
2164 2103 1847 1722 1748 1066
159 2156 1580 200 2181 98
937 1524 2487 1748 190 1413
1848 375 1994 70 804 717
934 2147 1368 1993 964 1462
849 1207 1543 1889 471 2095
1288 2100 1132 809 164 2312
2139 233 2357 1341 1001 1646
1571 781 2185 132 2215 232
734 123 1818 53 1131 2420
1894 618 1498 798 1668 1223
155 1050 988 2303 479 1820
2132 1241 2107 1116 492 856
1158 2147 2038 1457 1103 386
899 1979 2060 706 2222 492
926 411 2058 211 1039 2113
1824 150 687 850 1925 2372
2314 1291 1477 1767 1854 2094
2052 26 1893 664 1548 2040
1245 286 2354 1872 873 308
1313 1606 1493 1007 2134 1930
1568 880 1795 1699 1132 181
2098 1075 2308 2219 2497 1996
2239 937 2334 1770 1613 595
1159 686 2289 2489 1974 1929
2456 2320 1131 2193 2487 126
118 1713 902 749 31 1504
1618 407 108 567 1955 2326
841 1734 675 23 740 1648
2381 1977 2418 959 2273 976
563 827 664 2111 2059 1700
1108 1509 2068 1930 915 1956
498 1150 1817 291 591 1954
1688 1127 1447 730 914 1738
724 788 1122 687 697 196
689 36 395 1764 1945 239
15 1083 646 738 2180 1623
1258 844 1512 695 1898 2038
1837 1598 605 678 1562 1973
1563 1200 1514 1733 1240 650
1223 1636 1236 2473 174 1535
1789 2050 46 347 1581 716
1567 1739 65 1481 635 130
2211 1344 2329 608 1754 1274
1692 2363 803 1231 1500 1210
961 221 1293 1106 2460 553
1291 1036 865 1651 258 278
932 1090 424 2449 803 2267
562 682 895 309 447 813
2470 1497 2485 379 2014 302
763 2277 809 2447 462 789
1108 1321 221 1807 589 393
91 1909 252 984 1784 1970
320 1476 1438 191 1295 2387
2337 1764 2443 1581 680 1800
1222 1987 782 748 117 920
2263 910 368 1055 1209 1817
546 2001 910 768 291 554
2235 859 1197 1087 1586 620
792 2126 510 2484 403 1435
657 1519 392 1349 481 1218
1827 1685 662 1300 1384 451
871 801 2008 1790 937 2469
1752 2103 1674 2352 1658 642
1488 1326 1870 2292 1645 1759
1997 862 1028 1078 703 1177
1500 1692 626 378 1504 633
2309 1894 175 1072 1152 314
2023 1265 783 891 2429 2355
259 903 582 1841 2357 443
114 1404 2275 2305 1243 1454
343 1610 2052 2452 2483 48
143 1756 1522 1694 1854 1008
2006 1667 950 1140 17 203
2163 773 2018 1002 2416 2244
155 1147 450 26 1299 1101
497 928 966 1745 821 1580
2412 2499 2095 1281 2181 1980
74 1597 321 1208 2421 2
125 122 762 2026 344 525
648 851 1008 794 694 1074
125 2033 2277 663 1795 1398
1942 1352 1273 2040 596 1136
2415 1304 2266 1547 1501 881
2013 1267 230 20 1014 2254
1010 2063 241 617 2110 1322
1851 2381 1639 1500 7 382
835 34 1208 2162 1651 1529
273 1860 974 167 966 525
1259 2423 2019 670 96 1312
669 647 1117 1815 2420 129
1928 37 436 696 1170 1265
1612 666 756 1878 1407 2412
2071 532 1647 2290 544 2269
1572 1878 50 1755 380 1643
1285 2411 2093 1637 408 2016
1670 825 72 1286 12 1867
1767 1922 1597 2360 281 2271
987 959 1140 587 1603 410
2221 2287 203 1460 2210 113
1448 517 518 2306 1134 1261
640 2334 1484 707 604 2225
1591 1864 1947 1234 587 1830
872 1316 1049 2478 2284 1970
1244 1224 2144 1710 2385 2074
2093 6 1016 409 727 2075
199 2262 153 917 83 1883
2488 1760 1455 626 1191 1990
1711 612 1920 1120 188 626
2131 1607 2228 676 1564 938
368 1240 1895 1659 1642 645
1445 2124 1772 805 2146 1855
922 1480 361 2244 1643 437
1197 969 2472 197 1038 2314
531 1584 2189 1814 99 616
2151 1346 1025 1297 708 1876
659 2473 1935 2227 834 1758
1905 226 1068 159 2416 171
1857 1156 715 1271 835 2281
815 1667 1225 721 257 1182
369 2120 1174 1309 1072 244
194 2331 2050 739 353 1439
160 1128 814 1306 2143 1357
1038 819 1632 1689 624 1678
1293 1106 2051 1325 84 1153
1311 124 2121 185 1603 771
1962 275 927 1349 909 2090
2386 1648 1228 1999 136 687
641 2360 63 911 409 1363
740 581 2046 1045 727 1489
1526 481 64 1229 463 2109
1402 222 1232 2071 1970 346
1805 1332 1837 7 208 1722
2419 1717 1571 1830 113 1969
175 764 463 2256 319 1408
1604 389 2464 844 281 2245
1277 1429 1269 840 2425 2319
1931 1403 1986 1566 2137 2445
2339 997 1626 2194 231 1802
1161 1592 1723 2367 1898 2048
943 1143 1811 102 887 1980
1218 2284 503 1382 1142 1954
387 2212 1448 1772 1875 158
1547 1363 1636 2028 1176 139
1503 760 1890 2380 62 1425
1852 934 2478 569 1102 1684
1298 1254 1661 728 1234 1085
2430 865 245 24 998 517
660 458 179 231 1754 1826
52 1962 2119 1765 1479 1618
1031 490 557 709 677 22
2164 2203 2198 954 319 1081
466 929 1871 1270 911 338
1291 2401 1597 2165 6 381
790 23 333 849 956 1105
705 18 2486 2228 888 1939
94 145 752 2151 1840 894
164 251 1756 1832 2251 1212
1356 2298 652 1205 2000 1157
944 100 1845 1502 627 958
531 735 733 1361 57 609
2046 1610 2323 667 1077 2356
2252 2202 2307 249 1862 115
1149 1263 999 2355 974 1125
1526 2349 2439 144 1615 597
2163 1237 435 2290 897 2178
207 201 350 684 2430 351
1046 121 260 977 55 1058
2198 539 31 996 984 2279
385 1998 1303 775 1019 1409
2371 312 1917 688 765 429
2161 111 289 380 1099 1732
