882 148 200 1048 1010 1103
176 97 766 193 1071 190
162 1190 1049 791 558 1176
793 130 192 865 655 186
1096 738 674 381 1093 928
174 185 338 190 6 1113
1129 1104 18 249 1082 1155
742 1082 45 977 1190 209
197 111 71 294 79 1164
1152 877 628 415 1150 803
877 1127 91 297 13 282
57 1187 207 94 542 145
673 603 751 159 813 11
740 1144 1138 810 1047 812
571 126 1185 671 566 866
76 545 1105 1026 329 17
588 535 1173 1087 1154 1030
968 49 1198 162 156 840
489 1168 193 103 102 708
922 795 554 851 1065 1107
924 967 3 1098 890 152
1171 95 1083 1179 20 624
1052 839 996 590 140 346
96 118 100 169 100 519
26 494 378 31 51 726
53 889 995 38 397 1001
1125 990 444 48 602 400
481 188 144 1187 1158 1115
200 60 257 40 1188 109
732 1155 648 876 790 984
61 618 78 133 40 936
908 171 650 212 672 197
960 135 506 1018 113 231
1138 91 1159 980 1200 1141
149 1157 166 690 1062 681
693 21 797 1180 1074 1188
1115 198 1069 1002 937 53
1168 584 856 1083 254 219
96 475 914 105 136 325
1147 1150 178 287 918 1139
1070 16 299 134 162 1142
128 974 1117 85 773 104
128 1080 1132 998 1025 173
1082 828 682 981 1109 30
1179 1019 840 18 686 133
1144 141 764 1141 892 308
814 540 275 1083 172 22
837 825 903 956 206 93
290 1045 12 430 88 1167
135 818 753 35 1098 1028
1071 1107 957 623 625 830
1128 1121 129 321 670 1123
1187 117 281 169 954 1076
1058 817 1101 1158 19 1103
847 92 508 627 1188 933
106 913 8 245 893 785
1064 87 23 83 670 889
942 90 866 2 446 167
101 675 1075 7 838 750
1137 976 1160 18 69 1139
1069 121 881 1158 393 379
1143 399 1023 680 1014 1073
248 718 1127 16 217 1115
914 108 171 46 500 455
295 983 905 1020 480 424
144 86 1183 971 226 151
9 264 91 57 137 124
550 113 663 52 704 439
1111 52 886 411 1192 253
1197 726 939 805 659 1191
829 1000 112 181 1200 1110
1141 959 899 75 366 143
27 438 1152 344 25 523
154 92 1197 620 986 1174
961 743 185 102 52 646
18 910 1079 132 462 952
593 975 313 127 367 3
870 827 972 692 1067 856
1093 1090 1071 108 135 181
326 639 61 1106 40 183
490 665 1094 1033 1047 720
915 214 1114 709 1194 282
742 1189 1161 1128 7 1089
82 1196 157 1143 951 30
383 792 182 1025 797 63
43 156 846 1135 837 472
1105 484 902 307 956 958
1074 205 767 125 1129 1165
908 429 161 285 515 146
801 898 365 745 1022 1113
228 88 1084 1190 976 182
614 45 1102 858 172 357
86 178 309 494 1003 931
578 198 1181 283 102 359
97 810 123 154 1024 145
43 302 113 710 1116 799
704 789 578 946 950 930
5 32 1029 429 277 819
1059 215 57 1135 619 119
236 423 736 787 368 168
1142 546 1008 190 1152 1163
22 45 339 130 878 16
61 696 865 921 708 776
868 254 991 202 1180 1106
601 1119 652 775 1155 84
696 440 59 1026 26 1170
1116 117 198 1128 147 924
76 1052 800 1197 1107 962
78 239 53 21 1021 1144
793 130 1164 427 481 505
1119 721 240 1165 379 61
74 1132 192 42 101 968
1118 115 740 141 925 1067
425 982 1044 1098 234 1156
683 894 191 105 577 727
359 189 403 93 991 122
56 1142 187 820 1144 857
944 188 58 503 84 662
926 877 757 44 549 967
73 353 1028 1054 941 205
176 116 1008 63 752 1099
244 134 1121 574 204 197
1110 61 205 741 27 561
804 921 642 443 1113 754
1043 98 1034 62 1181 37
311 191 30 1063 1060 1156
666 492 769 1126 1102 37
298 1042 104 63 598 823
1156 253 717 695 781 22
58 1200 1097 1187 41 143
980 854 1127 111 772 568
700 666 1017 59 133 925
9 125 74 1081 1 582
6 18 469 653 93 75
1091 175 943 124 345 170
168 1079 14 981 1041 74
62 153 1194 108 135 59
141 1021 475 1195 177 1137
1186 978 1095 195 190 118
442 860 376 1043 1057 544
766 109 403 783 1124 13
17 1076 120 565 684 8
956 236 249 271 73 757
300 159 994 63 726 86
191 1137 743 533 1142 853
778 46 4 183 1149 111
155 59 1108 897 976 458
219 141 833 35 615 739
388 1193 1177 1101 33 210
807 389 950 1140 1155 922
675 132 1189 85 948 194
314 22 135 11 173 242
893 202 1165 69 151 688
189 23 55 744 754 382
79 1120 589 34 164 215
496 866 460 984 715 163
216 93 16 78 80 1082
217 975 846 43 186 14
175 767 238 493 145 966
826 73 1001 1070 163 1040
1190 310 467 949 833 145
417 1148 42 1014 477 591
203 165 612 1088 1082 1198
782 192 182 1135 193 711
127 1087 94 327 73 72
42 155 519 941 216 57
66 233 223 9 1119 529
919 88 1017 146 1156 845
454 131 260 591 203 122
67 920 621 116 1006 76
7 1018 1097 84 103 677
1075 142 423 1181 1175 146
147 162 216 1169 171 930
1064 210 679 803 571 470
419 552 1150 49 853 49
1050 927 755 175 903 215
1086 82 151 276 36 1077
468 215 776 184 1100 1191
1062 92 98 771 416 988
580 62 110 1165 195 955
66 1192 9 143 725 1146
23 1184 160 218 925 328
194 1082 38 1073 169 553
284 994 1110 463 1156 1060
91 510 218 279 824 683
1085 960 673 886 264 969
136 151 607 94 29 203
529 1011 26 369 58 1139
813 406 234 312 970 829
711 811 1084 829 85 458
1139 131 259 1178 604 88
959 198 999 55 103 799
81 16 1117 606 196 855
387 205 959 204 1086 448
211 149 474 206 94 741
1166 1199 962 880 1022 68
707 417 1013 1000 1103 1190
901 450 657 575 1011 219
501 153 199 76 1148 1190
117 976 1031 86 1028 1069
163 131 153 923 72 207
1162 27 1130 484 1080 782
137 859 943 47 154 1081
1089 363 122 885 550 852
78 100 995 197 152 197
530 998 1117 131 1124 1134
6 204 1002 33 954 600
1077 576 1171 392 1133 210
1143 56 572 667 1188 195
1196 1077 915 332 1114 133
129 1170 1109 375 727 1074
457 112 1107 1085 954 912
189 802 999 685 200 1189
408 679 1116 515 60 151
122 748 1118 938 1150 32
75 152 1120 937 47 176
1053 121 312 289 170 180
1076 80 111 181 7 1072
2 1170 118 709 2 832
25 1131 377 80 95 1141
129 214 605 1184 150 865
615 269 482 265 167 668
42 1071 1175 62 1061 56
1110 160 1142 109 196 175
442 1112 4 1151 1 1146
935 71 897 108 162 721
309 897 808 161 545 108
1128 784 1189 251 54 1152
1 318 497 1196 12 109
15 163 1134 48 842 64
1075 192 764 107 441 331
990 32 180 505 145 77
1163 109 348 758 52 557
1135 1085 133 175 304 38
167 1120 684 1070 1083 204
852 160 87 1145 1051 15
202 722 752 7 46 1073
949 749 80 1123 158 218
166 19 594 1130 771 1080
961 1045 1021 1192 402 10
117 190 1103 664 1007 920
714 1192 71 712 118 336
87 7 1071 890 914 512
1139 78 83 1001 277 184
208 353 1100 452 839 60
351 1139 119 274 1073 186
327 63 715 95 195 731
17 820 986 1122 117 187
785 84 525 850 112 1122
445 11 871 1185 1052 491
448 178 1037 1113 89 1172
110 17 232 87 1076 1173
96 984 399 214 1085 207
997 964 69 951 361 886
1131 817 1181 1167 986 352
623 1137 1031 219 433 214
1130 1004 951 320 843 1056
19 1169 929 1103 185 1184
1066 1012 1016 248 114 320
56 590 610 109 32 1121
119 410 43 931 863 283
1000 343 779 381 974 158
1110 125 1185 848 121 907
124 1079 105 1091 528 732
547 205 1039 134 1001 137
1116 1095 120 145 1106 701
1111 941 867 211 1020 329
171 998 1094 780 1199 263
33 194 121 714 911 880
356 1024 77 1106 120 159
1136 143 213 956 404 47
21 142 3 1096 271 326
747 1179 717 1106 800 212
1076 581 879 1174 113 59
211 1035 1186 1105 1115 1169
930 464 978 375 39 91
72 2 1086 827 1194 115
1183 518 218 459 2 208
1081 1141 181 39 165 836
737 189 155 66 899 1171
435 642 933 363 409 75
1090 244 99 760 12 211
209 1102 42 77 876 630
964 1049 395 1155 1172 368
20 1138 397 401 274 1086
88 770 861 802 179 536
737 160 129 483 170 1055
585 788 230 216 182 1196
867 1199 354 1 91 215
182 110 98 36 1060 1149
180 45 1124 472 186 756
157 58 1189 20 1126 17
50 65 1125 936 828 1177
105 412 1131 61 762 1180
749 736 202 1172 1142 126
172 201 149 134 856 195
316 1132 140 1149 1151 98
1009 798 70 116 8 1067
32 617 980 503 64 25
788 835 1101 200 1119 193
355 841 1179 418 150 466
884 827 805 948 10 166
150 1192 1112 391 858 50
142 247 110 1121 177 562
71 702 101 174 633 734
807 1088 1073 52 449 185
125 536 123 16 164 889
171 6 258 1040 1017 888
184 92 1085 74 65 462
1082 13 859 770 850 200
1174 31 1173 1197 126 993
319 1081 1149 451 730 723
45 90 1092 983 214 643
1088 436 508 1068 849 464
1151 1072 460 1158 1090 304
573 750 1188 255 161 341
634 168 734 1190 863 118
166 843 204 1056 1141 952
138 390 110 807 1156 31
1102 1053 75 905 565 438
138 183 107 1013 32 83
308 432 879 770 1199 115
14 106 1196 173 1092 414
127 1172 730 388 808 99
1112 444 1117 1161 913 420
218 804 1193 68 1123 1121
572 1107 1122 79 114 909
314 881 37 654 372 292
1107 12 1104 756 161 524
268 1006 54 6 1184 391
160 342 1189 701 199 100
398 1093 1012 979 201 15
171 997 197 190 301 61
3 130 46 703 278 8
142 123 987 104 221 102
763 876 152 207 199 971
1131 132 921 507 955 177
140 157 39 179 723 113
1093 627 938 174 586 731
923 208 656 69 1026 180
1136 1127 989 511 394 1162
605 155 166 129 576 884
821 651 144 67 170 915
187 1195 188 965 638 14
585 912 221 95 966 251
878 272 534 549 3 1038
137 305 216 774 19 456
71 801 1086 868 58 1124
1031 964 958 177 1161 660
224 857 1133 1045 34 140
587 1178 76 1173 556 9
287 44 288 113 626 1147
470 184 988 324 194 250
1108 14 613 1171 1050 1072
10 358 116 1138 273 846
1083 784 446 906 148 502
910 106 1046 1025 1020 207
1163 160 278 1143 179 28
875 1006 616 408 186 78
188 91 73 1091 566 143
1151 1140 1019 1056 904 86
916 21 1033 84 1111 87
918 872 843 817 114 932
1075 1000 1153 1117 1125 335
546 736 1164 396 1080 1134
50 755 115 509 184 172
1154 531 101 1027 134 8
102 1114 428 1041 25 720
523 133 614 436 1104 45
504 906 1176 315 1177 1161
1143 729 76 129 998 809
1087 1089 106 310 421 36
707 101 284 811 29 1134
1180 1108 874 498 1037 892
60 731 125 1004 543 860
93 183 1167 174 119 920
182 151 31 371 66 1170
819 691 92 215 280 1074
43 584 1120 90 170 316
88 121 617 89 917 51
113 191 1095 968 240 990
1165 17 1124 816 107 183
1184 13 739 409 385 195
810 77 213 184 256 1085
1084 949 979 895 564 830
1079 86 888 574 1077 211
1117 128 744 995 24 747
845 513 55 99 1057 46
17 1180 537 996 1096 894
134 298 1124 818 1018 1195
161 697 1036 208 169 97
963 948 600 164 486 78
826 1149 786 486 406 255
1016 167 176 626 488 951
1137 59 908 85 613 1160
1095 16 1003 728 870 963
792 216 891 340 241 33
358 638 751 169 521 178
1193 776 1169 285 903 530
139 1106 1036 1036 560 883
718 1154 195 905 164 1140
65 760 41 1030 973 87
1187 224 1046 48 1094 185
52 1163 667 6 815 1164
1055 152 1112 1155 1066 527
1170 939 1115 170 1146 204
270 5 555 65 522 1022
15 155 1146 1048 1136 68
597 674 1015 252 197 119
173 233 1076 1037 259 1072
174 229 202 63 153 99
1011 987 68 67 1162 28
1159 961 949 350 162 880
1074 330 1057 724 24 962
1159 735 1110 735 818 425
149 133 161 79 65 1119
772 1 416 99 706 434
87 1013 99 1009 103 124
138 156 222 109 87 41
1123 186 38 595 1166 5
1143 30 1157 1185 344 53
1179 763 43 608 68 188
237 1086 132 149 81 174
27 1123 132 660 935 194
541 1084 765 1069 441 228
847 1176 389 56 1041 72
1098 511 1165 140 1153 1015
853 243 725 837 176 97
32 103 130 1186 1127 179
189 1181 551 1176 861 871
492 1151 67 114 159 570
91 873 931 1005 286 753
467 206 146 1150 1024 360
644 1113 32 1185 750 75
332 813 1177 235 946 437
333 1180 599 85 592 1025
217 1099 910 99 1145 110
1198 1166 67 48 112 1121
1174 1077 117 302 733 728
97 787 192 959 1126 1052
83 1042 1081 393 28 227
1090 68 1174 995 351 411
1145 333 168 372 141 306
822 110 603 23 1059 169
1092 631 208 330 797 158
19 1027 176 57 556 133
537 131 1096 477 457 1152
85 59 1028 851 415 527
146 719 698 38 24 35
181 437 653 945 1002 686
1070 1036 64 201 195 790
800 1047 1010 661 217 498
169 78 822 1186 187 217
957 2 1192 978 114 1054
101 955 1109 831 974 121
611 201 172 872 26 917
943 120 35 81 1195 66
1090 450 83 1138 1145 1172
699 130 974 1103 80 208
266 958 177 47 147 105
1020 149 935 136 165 491
68 98 171 147 983 209
848 1185 1048 836 154 706
85 125 42 1182 1012 82
680 1060 46 982 25 213
1200 256 544 30 539 17
120 798 258 985 997 812
203 1058 469 167 191 819
1163 158 994 98 987 594
779 71 122 4 63 1090
1162 697 361 70 569 1175
929 65 202 1005 445 97
187 497 147 452 101 802
1044 1122 123 811 934 716
115 187 54 635 909 190
454 386 690 1132 96 1033
55 1182 158 86 637 293
139 1040 1030 1034 407 459
2 946 167 54 814 516
148 137 768 120 156 142
36 581 1077 157 68 1134
140 1051 159 495 1165 1116
543 751 1047 175 107 28
1134 201 156 1068 1017 1138
118 11 779 422 773 749
43 218 141 1061 79 604
178 63 630 1104 1149 499
765 1118 28 612 1039 1129
1129 209 562 563 1039 39
319 1160 197 11 476 633
496 69 77 1034 343 777
55 552 43 144 513 410
118 1183 1118 1056 977 165
1148 963 39 280 426 146
21 90 989 153 143 1170
1140 548 1198 76 27 1094
210 371 984 1120 944 25
1041 89 194 206 297 34
1064 100 773 337 453 199
152 4 1101 1062 1176 150
156 962 59 568 1065 657
148 891 1100 1032 606 103
70 44 105 597 782 227
1015 661 928 874 691 1070
303 165 890 209 933 124
1192 902 934 163 196 762
646 1095 217 1191 833 15
567 1188 269 337 64 109
1098 108 25 648 1153 622
1133 1061 6 177 579 1038
1090 153 659 70 907 45
1128 794 1055 382 1122 142
806 207 163 1059 911 92
760 225 1078 257 294 841
1187 127 29 967 1137 901
861 504 1099 1168 345 14
812 803 883 798 522 743
1187 172 208 806 912 821
1050 762 783 720 1170 952
213 213 725 966 885 655
894 694 641 806 938 231
830 187 1098 1196 825 265
687 996 815 339 748 376
1103 685 929 243 136 1147
1029 1081 588 900 569 179
212 158 521 526 953 841
601 47 352 1191 495 1160
64 1182 28 57 212 5
761 179 73 1096 656 746
640 73 1114 978 815 940
1104 107 983 82 102 510
1157 145 723 26 1125 694
46 116 1053 311 748 219
199 208 89 81 1024 1136
1182 104 641 1131 1092 942
205 335 1199 791 80 144
1130 119 13 1093 229 864
122 692 953 242 1174 88
407 296 1093 386 795 507
1198 336 1126 987 658 55
23 1049 261 689 919 864
1030 1168 50 299 456 969
1145 1073 1066 1105 74 29
56 893 745 961 520 89
971 1089 1086 733 124 1163
1014 139 619 212 637 201
1014 1167 1158 1108 554 138
49 1162 66 5 172 138
322 781 241 1050 148 198
985 993 29 844 262 62
1004 331 1071 1144 82 1117
31 1184 196 1032 1063 490
1176 116 551 307 209 478
169 1141 1072 19 80 1193
1133 51 180 557 766 896
482 11 194 1181 989 322
168 1169 898 907 374 218
60 1079 844 41 716 131
1186 79 263 1130 1186 768
465 159 67 156 213 1166
583 155 1032 102 828 313
1126 275 155 70 1066 1101
144 758 20 1147 96 83
306 999 15 1194 937 1167
665 1078 203 235 1018 1105
207 23 538 202 1128 106
814 1008 981 705 1063 435
579 596 1054 473 196 1146
479 139 198 7 49 1182
895 842 50 700 992 272
1145 957 973 126 1177 559
506 1010 678 246 107 1105
1138 139 433 238 744 973
1100 1143 1133 629 561 127
1175 107 586 164 144 365
936 1171 788 185 70 862
1074 356 395 752 239 1109
769 1114 1157 121 149 165
220 1009 1167 488 394 346
1132 1087 928 947 186 1064
1131 136 1118 1162 1088 72
101 189 1128 1174 1091 982
799 609 767 1045 935 896
944 745 1104 1151 1119 121
863 198 111 883 592 305
972 150 182 982 1193 111
81 466 1046 1164 1067 71
126 279 882 1107 1171 1087
42 185 854 923 49 24
1176 206 267 184 215 1145
153 1126 212 93 174 645
347 1123 1156 851 66 780
24 823 945 173 1179 774
108 517 1173 4 977 526
150 980 728 129 211 954
114 1109 1198 1004 845 183
944 5 471 461 190 323
1071 651 173 558 1099 1118
629 719 199 904 420 103
1038 162 1046 1102 761 1040
