10 850 996 1067 1076 1039 1163
538 1181 1024 733 154 926 707
977 505 995 474 874 746 1017
916 1012 1026 255 803 718 458
917 813 1042 1056 825 1073 656
1148 68 1199 997 693 389 1167
983 1015 1051 1176 1122 980 1024
695 1109 983 1139 443 947 539
846 969 392 712 889 983 554
283 954 671 625 934 289 721
1166 1107 1022 1122 197 602 1080
308 751 1002 1093 455 935 940
1069 1118 589 1147 1178 1066 905
210 1111 968 206 697 629 1121
1194 674 1140 1033 756 909 1176
883 324 1163 861 1102 1162 804
1027 43 180 1104 465 964 600
1142 929 1079 259 1173 1096 96
1171 696 1043 404 473 938 90
920 745 1030 1113 946 1030 955
821 969 1032 1162 772 834 1007
1186 65 1171 966 1077 1011 948
884 1018 150 832 927 1102 1027
900 981 935 608 661 502 121
708 98 1080 454 542 1106 828
945 1123 1171 985 563 1070 553
1083 1049 1046 848 1098 392 1125
1047 878 810 1033 1135 533 1126
290 1175 958 1065 929 1062 1161
867 934 1107 1078 970 702 1012
1061 1120 816 960 956 1022 171
987 1098 230 770 646 967 951
174 1158 413 973 389 940 886
1049 1098 1103 1075 802 535 952
892 553 200 1108 1136 1090 227
671 1048 915 1048 1154 905 149
770 1093 1175 1050 418 790 1011
894 1154 852 277 1109 1101 676
1142 977 348 1050 1058 939 156
1006 433 806 934 1027 99 956
939 873 589 1151 200 1081 1077
1074 981 1169 1136 913 1017 909
904 1057 967 945 670 1077 133
953 912 996 1151 726 1167 973
995 1062 879 962 594 1197 1137
1083 959 929 1141 1044 978 990
592 1044 1127 461 157 737 1097
800 986 927 1185 412 237 1071
846 72 384 863 506 717 706
903 950 902 950 33 1130 1173
290 413 1152 563 622 1050 1169
1187 932 1149 1122 241 974 1046
181 1154 870 1052 971 967 978
479 1188 972 797 949 857 1121
790 930 1113 1161 1123 1186 462
1193 693 1027 354 1109 1113 695
1026 1167 342 1174 986 1048 607
681 600 865 684 725 983 1194
675 955 1128 919 1000 1188 296
1034 1087 673 310 1161 982 720
817 1182 1161 832 1020 192 503
1106 213 971 1051 28 798 961
698 1010 515 1197 1134 845 1130
1104 1191 908 815 1176 64 992
1092 534 979 1134 984 1174 1096
1138 829 1143 1066 484 1199 1063
868 953 786 618 1003 713 1127
964 605 738 126 992 942 642
1060 1024 492 780 475 1070 932
686 992 1100 1125 1189 1002 1055
981 986 957 174 835 993 982
758 1017 996 1153 1108 1179 1045
868 1190 643 723 897 472 977
1073 48 1124 1200 550 846 1035
282 1091 1044 798 1071 824 973
1193 243 1059 783 1114 908 1074
890 869 1157 816 991 973 982
1092 713 1081 436 705 698 797
1189 957 1120 1190 1197 1026 774
528 9 937 940 786 962 955
1189 703 909 246 1001 1061 1097
1153 525 1198 1089 2 31 1132
1044 812 1002 832 691 1051 1185
1126 985 1078 846 696 1057 837
1158 1006 1120 1137 122 998 1157
885 488 480 744 712 1018 1071
588 882 717 1141 665 1082 670
673 603 612 216 1159 925 1078
839 993 663 1147 1142 1165 435
895 1061 1173 1075 1155 581 957
949 794 406 1020 845 239 1054
1152 850 1121 845 726 1145 996
1148 390 469 863 1195 1153 1184
1133 893 917 902 60 627 776
938 1010 1045 1057 1038 908 1089
898 238 936 930 936 1153 158
386 204 1108 1111 1185 66 16
471 718 713 1129 177 1163 359
953 921 1125 851 1013 526 923
892 1021 877 922 998 1041 1189
845 460 909 82 911 198 939
746 1036 489 1169 970 294 953
338 1125 985 929 992 635 708
898 29 1115 993 996 894 1005
856 1064 828 1118 84 1096 1156
606 1154 109 723 1117 630 454
520 791 1083 1135 1129 1036 690
1040 914 203 326 1170 1115 782
123 1108 1058 1027 320 980 953
1060 1060 1132 1135 524 602 1140
1144 1114 634 776 1181 707 774
864 974 697 601 206 1080 1166
304 562 207 1077 1194 963 1194
218 986 1059 959 1185 637 807
805 1042 932 640 1010 52 678
1151 667 1190 1057 535 916 872
947 443 1057 1059 43 1035 1012
602 1129 953 1023 943 312 1115
1102 706 874 98 1119 813 1105
798 799 228 564 961 1123 1159
842 1110 407 1093 415 1174 852
258 915 474 1002 1156 1005 1167
598 584 858 461 969 685 1185
317 952 1156 312 1062 1180 36
1005 1063 967 35 1064 1147 1009
1139 1026 1129 892 173 757 1117
737 336 1168 11 653 1192 1087
1028 483 784 968 1066 1056 1197
1107 1196 88 1064 720 970 480
504 208 962 639 515 940 820
956 830 714 104 888 711 1141
176 155 1023 117 36 747 1157
962 1129 1025 495 927 1079 1197
1183 1030 1043 1004 46 1011 405
849 1132 634 556 1156 713 1065
102 1152 593 880 1122 984 538
994 859 1071 1124 1049 144 732
965 495 1047 298 1087 1148 785
1040 943 1095 1022 728 993 241
1059 398 1058 679 1083 745 1181
1016 408 680 860 1035 1036 1038
929 917 1087 1089 106 967 378
1097 1129 212 1088 847 424 1047
1065 1068 1097 686 853 1177 431
846 1165 1115 780 981 842 1104
1123 1021 449 801 333 1133 684
971 456 904 739 504 978 816
970 1074 942 1148 1085 648 930
1040 884 233 1054 1013 1004 1027
444 992 1039 1152 1125 248 321
944 961 1148 1195 547 687 1069
767 815 360 1095 272 895 164
1098 940 771 571 1076 1107 1055
1145 958 1040 1020 1123 886 848
959 765 1026 932 1100 935 898
972 1008 1077 1116 1104 1174 1126
785 936 765 169 359 1044 650
1105 858 1083 819 715 1027 1144
1008 1068 586 1140 1045 939 754
795 1010 986 974 1119 937 895
1091 810 725 891 1176 1002 451
401 145 1065 1113 870 1086 840
1186 961 941 230 782 927 1065
1104 1110 1188 260 1039 874 1091
1067 1142 1178 1198 1073 1021 529
1001 971 860 993 1188 543 1079
1013 155 1053 67 1046 932 866
251 657 481 943 931 604 988
1002 1190 879 149 1133 1159 1055
847 825 742 962 1132 914 749
1093 354 603 591 590 1183 960
224 1190 257 921 470 649 1162
729 1060 204 1013 1195 94 1029
628 815 802 1183 1015 960 999
943 781 1056 385 755 932 1119
919 1141 196 948 819 1103 205
700 859 1136 805 153 1132 1072
1011 1065 705 1178 556 1100 339
507 849 951 1181 789 128 1090
1029 997 1081 1185 584 1126 1003
675 328 81 1121 1111 555 1124
1038 1115 340 391 366 971 1197
796 839 472 1098 1021 19 878
140 984 796 1044 1143 1157 87
942 853 96 845 746 1093 963
1000 482 715 1051 21 603 1196
904 936 1136 661 1059 1091 1071
927 1045 979 856 757 849 804
293 1118 634 1046 689 959 377
419 1192 942 975 82 176 862
1084 703 1132 1055 886 1170 1014
1138 450 653 169 1200 1099 926
372 944 875 519 664 1082 764
60 1157 69 908 595 1115 967
1180 1156 1106 1184 103 683 1101
1088 937 383 938 1003 1112 1013
1138 163 548 1057 935 271 1100
730 668 303 1000 938 1194 1095
286 1079 651 1164 760 1012 924
942 1135 970 1199 447 429 573
1013 1139 1108 1126 922 899 1032
1126 784 802 1014 1060 608 1199
644 933 595 1012 47 382 1113
1033 1066 889 1151 1035 1089 913
1030 185 1188 1121 1039 916 747
1121 717 1169 1116 1099 1167 928
1055 737 1024 869 998 741 1087
1037 977 1052 935 1183 1183 826
1088 1075 964 983 583 1099 273
1069 37 640 929 1109 1073 412
1136 1177 1093 723 118 892 1053
274 738 969 1031 1188 981 571
1151 307 1110 473 632 1042 830
399 1036 1094 136 926 478 341
900 1200 294 1009 1152 977 1000
1177 267 839 930 957 1053 1165
642 1066 701 1004 755 891 1131
1068 664 1195 940 37 1004 1010
1034 885 1163 931 1068 554 702
842 1075 954 649 137 1176 1084
991 1058 1158 1078 973 1112 1131
346 309 1017 420 1166 1029 927
1029 1091 675 50 1039 937 627
678 659 1017 410 1164 1175 808
1082 1160 1159 1098 981 951 432
1083 666 403 1176 637 1159 991
900 1081 963 1087 548 1072 679
1129 1129 764 345 1007 1139 847
911 1066 1132 560 1169 499 864
1037 625 1151 614 160 1066 1177
1029 894 609 922 154 967 636
80 1115 871 904 1133 1083 1099
1027 1097 1036 256 1096 1113 1188
968 1085 1093 660 110 750 725
949 946 894 1193 890 1200 933
871 706 774 597 422 1114 882
761 952 1164 535 58 1150 1106
1124 955 971 842 171 956 139
1084 966 373 1091 1073 963 638
1190 844 1047 934 1104 1111 893
947 1042 1195 1030 702 1166 1092
1084 1161 1191 1101 1060 991 881
937 839 559 905 1140 935 544
1186 476 831 1041 826 888 1127
1027 1140 967 725 158 428 231
1165 679 1050 969 1014 964 1004
1123 667 1023 1079 885 920 748
329 942 1056 1092 1061 1161 1099
739 1147 805 893 1019 1004 979
1196 1023 520 980 1101 1028 975
1172 64 564 1094 1037 1130 1174
972 691 892 540 886 1200 1117
1131 15 632 315 1005 595 812
1045 995 444 855 1122 1175 1128
789 1021 1164 885 1167 753 966
1076 1178 1170 645 997 567 1133
827 516 1064 1036 1064 900 909
467 1110 792 949 1053 876 966
883 965 774 291 1065 771 1001
1177 965 1023 980 956 1175 860
1018 55 824 775 926 566 1058
1173 330 1101 1005 798 925 275
1192 979 42 721 903 987 1051
978 1154 284 809 1179 721 1155
1162 980 947 1058 1141 567 94
1015 12 352 1098 645 906 560
992 1196 1177 1103 991 807 1037
1081 269 913 1160 537 974 1137
699 1050 865 986 1160 266 674
581 1026 1147 604 1191 319 1091
1045 1133 1007 1030 670 1064 1133
1000 828 188 44 1087 1074 166
1035 947 987 6 1077 829 923
1134 931 1176 756 31 922 925
924 1048 700 811 928 1151 974
1126 1145 948 1109 1085 1162 1045
620 1050 949 694 1051 1131 527
1038 999 876 1190 1028 1033 1162
623 1055 1082 1198 993 1149 997
97 358 351 992 1195 1096 888
1062 512 463 558 766 914 612
727 545 1117 927 936 976 1106
228 1076 1195 952 1069 983 175
1162 951 1157 957 902 1043 1004
990 779 1014 808 902 775 990
926 1014 857 332 987 802 1049
1167 1140 647 1105 522 492 776
1090 442 18 1046 994 721 963
855 415 808 1097 50 913 943
1118 526 1150 73 1040 226 1072
1079 151 990 1138 793 615 820
988 985 1031 1025 1078 991 830
890 711 957 937 811 1138 853
214 919 486 1022 908 1146 708
596 1137 930 1173 1086 1010 594
1038 952 1034 1082 1194 1182 1162
1042 924 1111 1113 852 788 182
1072 967 962 719 1161 1120 996
1007 1168 630 129 379 884 1054
1058 1003 123 987 381 1014 1147
797 1028 958 820 1070 904 824
370 1148 1092 1199 1058 985 948
579 944 1175 1126 1137 1131 1001
969 552 950 526 835 1137 975
1171 65 945 951 1140 444 1092
1036 929 787 1185 833 987 1115
1063 1057 282 944 1133 951 1014
818 906 528 5 684 839 481
407 1037 285 750 1165 1154 120
704 178 1185 688 1033 1119 780
862 716 1174 1179 1004 997 179
83 709 896 1189 1014 556 608
1125 1133 744 908 836 1039 1011
218 1117 68 1001 1184 1135 1048
865 1101 468 1000 906 1047 1110
1055 868 1086 1186 10 1014 18
735 829 164 599 1156 523 1184
1103 1104 1062 779 1007 1086 1155
549 1104 213 749 1112 1144 519
1169 640 298 1103 826 1017 1183
938 932 905 982 264 1172 1174
955 1096 1024 1043 305 1181 1181
632 825 1123 1171 834 929 1129
980 1037 1047 1116 69 614 924
1079 1015 1005 588 1009 301 1111
769 985 1054 1089 462 993 1067
998 954 1197 1103 791 960 1084
1043 858 1106 1064 439 1026 965
1085 1192 1009 550 663 1021 639
1052 759 404 928 178 968 1014
1158 770 1178 887 865 605 496
1177 834 1128 758 1024 1085 421
1150 891 965 1097 1124 1176 1026
1197 810 723 1144 1158 768 1016
922 1164 1052 1153 494 731 1134
1034 420 45 573 1163 1090 1195
25 773 473 993 777 1013 1150
1186 979 1145 224 1131 1106 984
945 693 610 834 1121 1070 924
933 958 792 1118 825 898 996
699 1013 1146 1059 772 1080 1046
832 989 1069 933 1080 424 1158
1056 1065 1166 1101 113 548 1083
1115 1086 1125 63 945 923 827
1023 1119 895 430 750 1167 1096
1007 638 244 460 915 1189 891
741 944 1110 1075 988 838 686
859 1164 956 530 1072 425 1102
438 714 1097 741 1095 729 763
756 984 870 496 999 692 553
1071 961 76 547 1192 406 1030
108 905 756 215 749 346 589
752 410 1128 878 1142 1118 856
86 657 975 925 1113 955 746
731 1113 1028 1108 306 1136 959
1046 525 946 274 1032 882 1150
1115 883 938 1172 1026 1121 1194
1062 1187 990 1174 1076 966 730
1193 885 752 715 1182 504 787
1170 956 1188 1200 205 1089 1015
1077 907 445 1033 931 752 806
428 976 1006 1126 709 924 1165
934 1117 217 668 989 1034 342
300 1073 732 1187 1028 1033 1094
1112 1048 871 1131 1020 954 926
777 964 411 1178 365 1115 1171
1168 108 521 964 897 1128 623
585 1198 968 528 1064 1021 1093
958 1114 1188 1171 975 610 1199
970 1073 1032 1185 397 1082 1034
448 494 1098 976 1084 1160 954
990 451 923 1181 1172 1051 474
787 736 607 279 41 1175 1045
1067 823 461 529 1081 1135 1093
610 236 920 901 723 1190 1107
1023 1198 838 631 1033 743 926
970 629 963 475 1015 222 62
546 799 1122 843 805 941 1139
655 1144 982 895 227 1082 997
1169 1094 1143 1120 984 824 977
817 889 168 428 604 396 1159
252 1138 1128 1044 1041 892 838
847 835 1106 1064 1111 417 633
791 1062 1147 658 840 469 1096
875 1055 748 1083 693 1039 1071
1109 1146 836 1146 1131 813 1131
1131 941 91 1024 1190 1196 715
931 1116 1143 927 1080 508 1069
1175 191 935 1029 1012 1126 1019
409 1006 1063 237 105 990 928
1046 1081 8 1050 987 708 1074
778 886 990 630 840 766 969
953 479 951 1131 814 1198 1139
994 579 1090 976 1095 724 745
1106 1155 1019 1067 1019 276 1070
962 1106 130 819 800 1154 897
923 1026 772 1079 1154 1020 1091
1118 990 141 955 1081 870 833
532 572 1144 26 1018 1145 59
1166 1010 672 151 1149 961 967
1168 1149 1136 1173 1077 803 912
476 942 367 101 628 30 1179
983 901 1156 1051 1012 910 1006
767 672 994 1136 966 1036 1160
518 898 888 938 1150 820 1191
1096 485 843 32 1180 778 793
287 802 1072 700 555 1169 66
972 1088 452 734 982 910 1021
1159 544 903 779 932 1160 818
1036 355 250 1019 981 719 1067
652 695 413 1137 1107 1180 120
1000 592 741 659 751 1077 1104
930 419 812 717 1086 1141 957
884 1037 1149 175 576 1157 1196
991 540 1011 430 183 1007 240
1055 783 612 536 606 960 1162
759 552 1037 678 1173 1143 972
937 429 998 385 950 875 1005
1069 475 1022 1071 1152 790 1144
989 465 1155 1065 616 234 347
1066 1021 1150 861 1074 1010 1166
739 621 1065 1165 990 940 973
1090 1039 454 1102 796 1109 876
1068 997 1173 1160 1006 1189 641
1146 1100 102 211 415 427 766
1177 305 1193 631 571 952 238
847 786 1154 1188 268 1188 1075
1031 1080 1134 1133 647 1155 948
648 1193 719 1079 1087 954 1094
1149 1085 950 989 1046 1087 1065
1015 730 539 1064 1174 1038 673
748 873 1197 1034 1019 1045 1184
1170 704 978 1024 393 1025 276
586 1099 261 732 858 1081 1139
945 893 830 797 971 1069 35
394 127 1043 1172 1075 1045 742
1181 1156 1012 985 318 648 988
8 917 856 861 615 981 1009
784 937 1161 443 904 1108 531
853 737 797 933 919 1073 591
683 1189 1080 867 989 658 447
1045 1191 956 1198 1043 969 781
1062 668 1076 1180 1013 55 1188
711 967 718 514 617 803 1200
1032 1128 1172 633 982 994 1082
1118 1162 243 1189 1183 1052 1051
1154 600 909 1198 1036 23 1134
834 726 1162 907 914 1105 987
781 631 1085 517 848 1056 1187
287 334 740 1200 1120 1006 1079
984 588 125 1145 924 1009 759
1119 874 985 899 705 1065 465
1187 622 915 1051 1175 1002 597
515 993 738 1143 744 1031 961
1 784 749 922 939 711 1051
1079 983 1152 283 623 995 714
1146 726 840 211 1048 775 1108
1058 786 1062 159 1200 1186 1096
1129 1014 1015 972 249 1100 868
734 887 418 1096 860 1172 308
1070 1158 1101 1116 954 979 587
935 966 409 1128 1004 449 1144
1096 1099 976 1116 1014 654 790
1122 1101 358 629 1174 1097 476
1127 478 1073 1057 1190 1068 1091
1066 727 807 1078 857 860 1049
78 760 1047 1049 142 1198 1149
1182 740 1009 1007 933 1067 1010
841 152 1044 989 833 688 512
926 983 331 882 161 434 764
1056 1054 886 1186 1187 937 1020
1095 1059 921 939 1116 945 170
1149 1059 1035 582 959 1035 1120
649 1027 970 980 698 1086 1189
709 607 291 788 1184 852 1102
70 659 1140 907 1044 736 1085
1118 998 1194 1005 870 1172 1006
1127 1012 662 989 71 39 1113
1190 966 925 768 1026 1116 310
195 907 1033 1150 929 953 1108
1140 1105 966 957 1180 913 1039
89 1033 1183 1016 999 1113 1182
803 322 199 928 1018 1155 839
977 1182 991 1030 838 884 861
912 3 1132 1150 974 1050 1143
1071 1059 1158 503 1047 1031 380
976 786 941 954 1126 1124 566
967 425 1088 861 1156 1090 981
59 1095 103 973 1022 1069 1130
1186 961 692 966 1183 1158 925
1196 1163 1062 973 242 946 1136
24 710 1013 965 767 869 957
624 812 906 1182 981 780 1033
1000 1152 398 433 300 795 1073
757 877 801 1086 776 1057 768
1168 260 1029 569 1031 1140 1175
669 635 875 621 922 1168 1057
1120 1170 1025 1114 1096 998 932
933 85 751 458 1193 968 1083
677 509 939 1145 727 1101 1001
764 1022 677 778 716 872 1130
878 1003 892 1102 946 610 927
1068 995 1124 814 940 856 918
1111 484 1020 1081 816 495 1181
921 1072 851 1015 1052 219 1085
1149 784 929 325 861 783 950
706 1182 1139 1181 1065 1153 944
1157 1145 1017 899 1031 1083 987
951 931 742 1157 782 877 1153
1101 1199 1168 941 284 736 964
210 1019 1035 946 1125 898 931
946 1004 143 1109 935 767 984
1152 924 1040 1165 1067 578 911
1141 186 924 616 947 1045 1104
958 122 1119 952 292 896 901
1196 1025 1035 1114 728 1054 1169
554 1039 14 940 1159 609 665
851 966 836 1160 313 837 1020
995 742 367 1132 561 1024 1060
925 872 1191 576 1091 954 583
320 1066 539 659 677 427 962
958 997 235 1126 676 613 709
863 934 1167 955 1074 1126 1024
815 843 129 1038 916 1096 604
472 1030 1093 994 1152 88 1187
1077 998 1084 503 1044 987 935
887 167 996 962 708 1041 1191
1105 581 1089 445 1166 1149 1071
1135 1150 965 1114 248 1016 750
1037 971 1169 1016 778 1166 747
499 660 1124 1113 81 951 1018
942 1099 1130 1011 1071 1005 1085
941 416 1105 718 1185 1194 470
574 748 1098 1154 998 1095 1090
868 1199 1039 1159 381 1200 1111
952 849 828 626 984 1008 654
1157 1017 501 435 1043 1199 928
1102 1016 311 1022 165 1140 1008
967 1049 781 596 1027 1059 498
914 589 1099 272 1193 934 722
984 1045 948 159 492 987 894
1081 1002 1133 1023 849 1167 54
364 999 1179 962 832 1141 1182
1067 1078 1003 1183 674 658 572
1173 431 1084 1100 958 793 956
965 844 975 658 107 1110 970
1035 1119 1148 947 1180 831 352
1108 1052 646 1173 929 611 1070
1088 1042 869 1048 1027 771 1196
1171 974 787 1107 626 357 667
510 883 734 24 877 912 818
949 1032 1014 1026 545 974 264
854 1059 1096 1114 933 506 605
761 106 1191 858 977 423 895
913 831 1193 1019 1103 722 1130
1180 147 699 841 1091 924 927
349 1164 666 934 1035 926 898
826 1028 1082 1125 637 949 513
979 948 1053 787 1127 1121 1150
1040 1024 1173 408 991 1002 1100
1062 632 1041 388 1177 990 1195
371 455 1059 808 939 939 881
1070 32 1118 903 1095 1030 641
853 765 229 1061 1192 1001 827
1109 1093 1025 999 1100 876 788
262 932 1169 955 864 1054 857
830 542 889 1011 387 875 1004
1033 946 1199 1097 1106 697 1051
1197 586 793 1086 654 1143 1089
699 863 1189 419 517 83 1130
847 1160 581 996 946 1108 761
1055 1112 1076 1078 1061 1075 1136
514 1088 1066 778 920 871 328
838 812 1163 861 943 959 1179
304 1079 774 1019 597 933 53
1136 1175 791 1178 1089 720 587
966 740 28 1022 1112 1053 923
682 933 1072 130 1128 1181 1183
5 880 899 44 1184 765 932
1061 583 930 1101 1188 735 1044
979 1180 750 1026 943 1153 223
1119 773 919 999 1129 910 842
1067 1031 840 952 911 789 1130
118 710 414 1049 177 1049 372
918 1024 758 1083 1016 558 1056
1032 486 584 1113 375 660 63
1100 1146 1152 1133 1016 1124 438
7 467 761 1147 768 1012 818
1056 598 1001 21 1098 640 996
986 1106 1016 192 774 1042 685
673 114 1054 749 1060 923 703
804 978 446 1136 994 953 1175
1017 1047 216 1191 875 1164 690
665 532 1145 801 1063 990 958
1098 1144 754 546 434 752 701
651 973 1073 863 1178 1046 1186
946 587 1037 753 418 1003 999
753 738 1139 46 1161 7 56
996 1155 942 1074 902 965 950
