151 148 847 142 52 144 163 781
142 136 112 976 187 145 1000 1185
1136 623 1193 1013 478 78 26 41
42 65 1166 137 188 301 909 57
923 132 379 1120 208 541 31 738
131 210 896 1188 193 846 1177 1164
155 539 85 23 1055 501 875 984
7 190 48 89 1094 157 1 218
30 1120 687 18 728 11 1058 64
184 101 163 15 101 1034 1093 1093
196 922 1146 187 156 480 1107 170
81 371 78 1011 175 214 51 190
1179 38 6 1107 1155 198 137 1089
955 81 1099 979 1181 1191 153 20
1063 986 892 966 58 141 203 845
682 226 453 1096 1185 11 216 591
999 727 185 167 725 191 184 60
799 190 1179 4 61 218 164 877
190 129 785 69 122 63 457 161
1141 221 131 130 276 166 1148 117
1047 67 31 104 66 41 21 1064
91 116 97 182 986 974 1162 964
967 1170 1107 282 112 89 1189 1118
205 225 112 768 1198 1084 198 159
464 417 1095 126 58 876 158 576
78 27 9 1020 980 963 107 45
160 96 106 1137 161 704 1036 35
1070 80 137 60 41 10 376 47
42 205 1101 103 720 1178 79 55
695 20 99 948 536 1156 206 93
52 76 14 42 105 323 1185 7
1114 128 1063 223 489 126 105 1039
147 116 40 1065 16 182 875 108
2 1172 210 851 1112 831 343 1117
83 198 1128 76 189 219 171 1115
979 137 176 939 93 200 179 886
215 113 80 112 103 946 61 80
13 312 819 119 36 962 471 197
1061 156 382 38 96 211 1061 202
801 955 1054 671 928 843 143 1163
616 69 134 1190 971 983 26 672
931 292 152 780 72 639 97 134
34 121 53 1083 1079 1174 5 33
126 34 194 73 200 86 28 179
1021 854 317 159 953 815 822 1116
11 162 777 156 103 40 60 579
189 997 830 83 12 936 218 1196
175 1178 89 196 158 121 446 889
167 1151 110 80 1133 5 339 342
236 1183 132 9 22 148 71 796
30 1149 1020 1077 186 149 1002 57
57 74 1059 99 1178 1157 135 101
161 129 1129 1177 28 62 36 37
1112 126 920 186 868 18 55 129
1104 192 107 34 24 90 1089 17
602 38 205 1127 205 122 191 1137
985 183 632 176 200 56 178 300
706 14 210 204 340 1072 851 3
919 314 1094 162 949 1091 1173 104
1155 121 144 80 1127 106 12 1184
102 1101 13 2 98 79 1084 75
1028 1067 1041 717 34 138 327 12
556 73 1144 171 65 185 85 1133
35 497 940 1167 79 1007 133 59
572 170 15 142 862 600 114 66
1035 31 79 94 84 433 1138 97
1079 958 1178 63 1190 1022 20 1048
1128 53 1088 974 863 201 145 170
48 741 915 907 764 84 1029 64
108 827 169 205 1103 79 206 173
692 599 796 135 120 208 104 726
106 89 82 15 64 137 1075 134
71 917 17 205 5 811 210 46
28 144 829 897 206 658 670 1161
191 1058 74 1196 561 24 129 47
63 1103 1067 178 1100 1138 43 682
601 1055 870 10 86 1076 109 138
87 181 1 146 83 214 1186 37
1100 42 407 50 102 1087 1192 149
1142 37 822 572 1115 124 145 29
103 58 141 27 71 819 1058 2
182 106 1198 134 1146 130 69 28
13 802 52 7 17 1129 163 84
176 82 736 17 1096 124 60 47
14 146 137 3 25 3 193 1027
88 71 76 119 759 563 29 1173
1014 226 725 50 159 1173 40 155
112 220 1154 1087 143 889 98 153
1151 169 84 853 113 66 25 845
100 179 133 31 47 1153 1020 104
895 1029 1007 1005 1022 528 208 1006
712 7 24 973 618 1063 1136 1115
50 93 927 1012 174 119 1072 223
125 206 63 124 1118 112 123 139
26 1070 164 721 31 145 1016 82
70 115 45 150 1033 637 65 21
34 832 962 19 735 24 42 102
820 128 1133 1089 581 149 11 529
882 196 774 1170 187 53 155 1056
1073 90 182 1130 105 162 447 345
213 1146 25 90 840 674 169 53
200 68 1118 1021 972 123 39 14
212 73 208 1086 224 1099 89 624
22 23 75 150 55 1033 151 863
890 189 30 131 592 1017 180 206
1172 1117 996 1003 1038 86 134 1161
831 1100 130 540 126 180 1148 56
8 899 1020 57 748 3 757 347
139 2 111 35 1177 97 904 1069
206 178 225 976 169 1175 80 306
688 1062 1055 147 1043 1066 24 123
1121 1011 46 1012 669 120 224 206
118 130 13 209 153 10 1068 51
50 970 39 47 52 280 936 226
1167 128 436 191 765 133 45 113
494 138 16 358 1146 160 1073 129
899 988 558 121 66 1059 110 3
1044 1179 67 149 197 1048 772 94
1199 403 100 336 118 1060 2 1174
1185 527 146 1041 19 24 1047 69
622 190 49 172 1072 209 26 99
72 135 1060 36 580 958 103 1191
1009 47 138 1198 84 363 107 71
65 1190 102 9 60 1134 95 1156
180 52 1147 515 26 163 215 88
1111 81 103 170 1133 129 204 747
152 1097 1006 176 69 147 205 63
217 946 938 95 18 1025 31 204
1150 1074 1043 353 1177 1154 769 1198
820 609 3 223 17 1023 1088 165
135 70 29 839 21 62 44 726
43 982 1118 117 197 884 211 1127
707 959 1140 55 151 73 115 223
39 31 164 1118 59 1129 51 2
517 54 161 955 738 118 1189 744
207 312 43 206 481 47 1124 180
1128 686 119 29 764 296 85 128
70 127 987 612 3 217 720 1077
43 37 1155 1016 107 1170 26 107
574 1135 129 986 201 215 1049 1073
150 75 147 745 783 1088 81 514
132 1057 54 929 138 1063 211 307
173 102 1122 815 196 181 178 156
229 755 155 56 1051 125 109 1129
653 112 1047 1064 201 138 53 25
166 1140 1043 79 911 134 570 35
1100 199 102 915 1069 98 72 2
889 1030 136 68 1192 93 1144 167
1 108 149 56 343 162 108 1091
123 97 998 1040 1022 1199 382 123
24 189 1148 886 997 52 566 42
989 1042 136 1179 3 47 64 116
32 13 223 880 128 60 638 225
243 1060 1 1047 197 983 1099 48
179 165 143 152 192 13 164 81
48 40 210 25 914 183 111 80
15 211 225 193 225 176 184 107
200 219 49 142 195 913 1054 142
64 133 153 1026 46 1117 12 1065
11 136 190 48 1102 47 23 510
444 884 52 195 109 42 1015 146
1156 1012 208 1011 690 1185 867 209
1139 183 147 1142 57 118 5 114
108 965 1077 1152 105 843 3 568
125 1091 6 1081 56 1023 196 516
483 180 142 208 39 703 55 1045
1083 118 466 1135 212 97 121 932
192 1132 775 124 37 56 691 1130
953 1021 207 179 179 193 1064 1161
1077 15 18 144 84 1088 78 82
183 93 1165 1011 826 191 1116 215
1006 738 114 963 87 77 62 114
891 849 70 1114 901 1054 105 744
1044 57 90 106 44 775 188 118
124 791 795 521 753 165 5 149
118 126 999 122 6 69 471 210
95 2 5 66 166 625 171 400
143 862 1043 390 85 982 1198 27
1043 84 116 1024 1060 21 29 847
48 129 1048 146 187 84 1108 1002
356 121 37 103 951 124 35 1144
160 1002 876 150 77 189 157 143
1148 1080 213 142 73 144 864 911
196 1081 106 1005 880 1073 67 232
32 703 81 83 46 487 199 59
91 1122 1192 1015 1155 942 904 16
99 1167 48 71 51 35 141 83
463 636 729 146 876 183 1117 2
27 149 1000 169 1008 1078 151 55
1080 334 111 69 33 50 1146 78
381 130 49 25 194 123 219 172
1130 86 122 1030 113 206 1146 578
1150 39 157 20 32 41 172 36
201 1108 508 6 1061 286 1120 130
1107 1017 52 1048 29 553 771 898
123 95 957 62 132 201 1090 1166
96 120 27 1096 26 198 922 1092
126 13 1121 1026 101 40 203 555
102 165 168 1191 557 954 47 1187
182 891 408 30 182 126 117 165
87 209 200 136 139 49 146 81
1028 43 750 864 1057 31 142 906
91 35 29 33 555 1112 78 198
1021 58 5 1063 74 198 3 2
194 182 1122 1181 37 891 118 183
119 22 832 163 985 1012 220 163
214 90 979 851 35 172 1010 215
160 49 210 192 116 703 741 946
22 185 971 142 176 200 1036 902
108 768 1125 11 775 54 10 136
786 993 21 156 1041 35 116 1068
195 1179 237 580 27 24 615 18
1115 535 92 191 90 82 187 1008
1105 119 762 198 840 914 1091 216
28 700 141 145 126 72 1130 193
12 1104 146 79 48 147 885 82
897 1072 547 1031 1183 213 711 54
25 916 1102 12 131 138 226 157
198 36 68 105 206 589 71 695
32 145 225 665 67 740 766 112
107 1036 1015 165 1169 143 756 219
1002 821 220 46 181 118 73 42
649 1021 214 956 1152 157 141 413
1005 204 1184 747 438 24 905 42
788 60 147 17 18 194 189 34
1177 203 73 648 28 107 38 137
166 84 44 19 122 263 516 81
1097 11 73 515 174 716 91 129
699 595 223 185 94 1003 125 153
83 128 100 142 643 38 388 215
199 205 993 9 295 162 210 210
725 96 138 202 744 1176 1138 162
137 991 4 175 1130 99 182 109
153 1058 63 65 30 1195 1037 155
180 214 44 217 14 1111 125 22
1140 1169 607 1180 199 192 158 145
1056 313 154 1016 573 848 1083 123
161 860 1023 952 648 307 90 51
319 98 610 191 11 1154 562 32
95 223 9 453 53 113 1169 189
203 2 157 773 178 849 117 597
200 128 337 117 170 905 1165 220
50 86 203 177 201 90 1008 774
27 178 73 938 95 794 1031 88
1099 804 1167 122 110 225 76 8
281 160 874 177 49 959 219 25
23 138 218 158 142 190 110 138
230 1140 96 955 150 865 150 55
1024 183 36 134 118 905 1165 524
1089 130 215 76 217 71 39 156
98 441 923 1086 945 1006 800 2
1079 80 124 785 446 224 220 72
121 222 925 1069 1006 110 202 1076
118 33 68 65 1153 120 283 1122
941 118 197 61 12 1075 45 41
128 1142 125 112 106 126 23 226
197 512 1115 95 1153 185 896 1107
1192 576 175 120 968 65 61 178
1089 1011 93 87 460 1184 52 1188
171 166 17 103 109 924 115 1186
202 957 64 1174 104 874 1132 1195
668 58 897 171 158 1046 92 88
97 14 170 121 43 39 23 971
139 41 73 123 14 123 49 1193
56 42 31 807 206 954 409 193
59 963 1162 197 1 13 97 152
182 43 702 210 167 668 95 92
855 118 525 1136 11 418 112 1086
99 44 142 1165 1129 43 157 1031
1028 1059 1188 176 906 1172 197 726
1033 98 575 193 1157 135 18 39
67 1124 699 744 1191 118 251 1044
134 1122 815 946 1004 509 601 53
640 168 115 25 75 39 24 1037
51 209 990 179 185 1037 85 903
625 201 146 59 1075 1148 914 1151
218 1141 1057 104 98 36 117 733
73 152 373 43 110 26 32 225
563 1075 867 61 1061 229 31 1008
158 218 94 142 718 1176 127 191
30 136 91 56 41 535 218 451
163 47 1090 9 122 185 111 140
1024 190 8 64 96 341 917 1011
78 49 82 205 37 1121 1087 1061
144 476 96 184 9 156 201 16
1006 199 215 987 564 59 617 969
182 1086 223 66 1123 1179 35 942
104 25 105 221 262 1168 167 1014
322 104 214 170 1159 253 160 190
125 11 132 18 1025 147 144 1061
545 977 69 1038 149 1067 533 818
966 969 133 202 386 1093 35 724
1129 51 157 202 6 356 162 897
48 101 1095 52 181 186 48 1160
160 218 21 1183 82 665 132 1171
170 225 594 139 270 16 75 1132
9 137 1068 129 1128 52 64 1120
165 256 149 1025 222 91 158 220
569 140 22 57 52 56 46 14
40 100 67 166 199 222 85 63
1155 60 968 1024 1181 244 1127 96
1138 87 62 50 946 626 131 122
102 118 1195 55 190 1141 1122 85
11 174 971 663 50 126 1037 109
180 127 1156 183 1026 175 100 1046
574 904 66 90 366 51 1116 994
26 1064 1100 930 996 1029 138 172
21 412 140 1140 9 203 226 1143
58 33 1135 633 1112 430 309 121
21 21 102 160 209 756 33 56
85 438 35 207 126 1094 221 92
160 100 123 1012 40 24 761 1093
757 447 66 1088 933 1011 147 1156
1026 308 835 183 168 245 212 147
185 1104 41 21 193 105 1003 105
1147 191 141 20 92 146 833 1078
164 187 172 223 530 1053 1110 193
1037 408 1095 938 48 22 295 754
96 224 722 1090 135 1100 108 223
200 358 1172 1176 174 722 503 1053
93 23 165 58 886 838 139 1138
45 161 1106 960 1030 1 603 188
791 579 194 1110 992 59 52 92
25 164 140 130 119 1192 1126 1084
219 48 657 30 923 930 628 212
114 831 374 1130 1065 30 161 99
167 46 869 181 177 115 650 224
1000 156 47 72 17 219 1199 138
110 34 1026 216 367 1150 13 1098
1109 60 228 223 1140 525 784 108
1059 1095 185 879 1120 118 141 1117
1115 15 77 1133 867 39 1020 4
195 90 17 1035 861 159 1116 73
575 761 3 146 1162 181 917 120
564 157 78 60 6 180 202 907
44 5 101 221 176 1 131 46
43 123 31 79 9 1163 606 116
485 1113 217 219 179 825 38 1131
119 28 908 1153 169 148 1016 1149
161 1127 152 729 114 1107 911 112
428 62 195 1021 128 859 62 223
1164 964 1 103 351 3 1036 218
178 91 27 996 129 28 963 149
1119 1137 90 207 917 195 468 1047
199 470 119 506 34 1125 877 204
778 99 199 1007 72 100 90 97
947 42 170 866 326 217 44 1196
31 3 711 738 1104 170 1066 928
86 837 99 753 1113 864 6 150
1172 1119 8 120 44 1028 988 103
207 1076 101 1049 980 197 5 551
59 1143 1156 87 111 145 1159 163
341 85 47 1071 11 634 988 105
187 63 805 767 1188 75 98 917
916 103 685 99 849 900 941 1039
163 991 391 220 185 1173 1059 496
194 173 440 131 224 117 34 1034
64 181 14 38 77 145 102 157
1189 1027 175 718 202 180 205 162
33 973 28 146 1135 206 983 67
18 606 98 197 638 348 102 19
74 77 172 104 126 671 181 151
420 55 620 733 1028 158 727 203
59 203 87 1167 660 101 1042 1042
173 838 69 166 151 135 1013 207
197 983 1108 595 378 214 153 226
1022 76 76 570 584 999 174 15
153 9 170 27 987 86 993 99
1145 137 750 857 104 917 1072 198
1139 1189 111 1010 675 1073 143 70
661 21 95 52 1110 1184 128 15
178 980 1156 530 1087 424 1146 26
846 999 50 18 107 684 194 473
122 918 298 194 152 262 289 222
117 151 175 1002 152 1054 1140 1068
1024 177 790 1179 154 333 104 1081
605 144 400 697 140 763 196 1062
205 426 143 117 32 123 79 49
642 58 786 618 968 47 160 543
17 1063 754 1070 104 754 97 982
39 396 135 1170 1043 985 987 139
187 114 121 21 1139 185 199 175
1184 964 1088 752 215 1088 4 598
85 170 147 162 36 337 167 1020
577 1067 1032 35 157 997 887 69
115 1077 1056 99 1082 1145 646 854
7 131 592 990 1002 48 1000 65
659 1025 21 1191 185 57 1118 135
821 48 59 18 1041 250 188 208
907 185 1122 782 875 4 120 1149
940 157 173 1124 813 6 1051 808
155 24 85 1195 204 1138 838 850
200 1073 1076 167 714 114 61 163
158 884 216 577 215 1006 184 84
96 156 36 1037 436 89 1042 995
949 126 49 48 49 217 96 145
1053 162 1051 25 143 126 181 1091
758 159 419 957 893 107 1082 189
902 1168 659 25 919 1083 1185 161
73 559 339 204 993 65 198 894
1084 877 321 896 913 193 825 182
1080 220 921 863 87 1028 670 116
1176 1004 19 103 1013 182 1191 169
482 92 294 165 602 219 651 155
192 100 145 1023 182 79 1192 209
1137 614 956 518 208 16 59 139
25 15 7 201 184 1127 203 15
1018 176 951 127 1009 100 783 630
81 118 1160 1039 870 19 58 976
221 810 605 1092 164 4 365 23
679 134 147 1164 62 1108 1179 143
966 143 37 98 929 748 1194 778
106 103 22 360 98 1048 100 1057
947 864 214 224 34 1147 129 554
186 1200 1074 214 87 1148 20 830
96 215 81 338 1186 199 219 110
1152 1188 145 197 1089 58 35 1011
211 23 1068 49 877 598 90 111
22 636 32 213 1158 28 103 162
133 170 297 173 83 1143 27 226
75 189 98 191 191 982 1169 387
153 1176 75 216 996 190 411 1135
156 859 82 220 4 139 123 1128
1035 1019 53 98 62 35 45 612
71 1119 782 21 87 1076 128 1194
967 1072 952 1106 37 1022 1 127
992 459 791 1124 100 1143 196 1157
126 1119 16 170 1034 25 23 35
136 1065 794 194 944 77 881 94
111 70 175 101 268 214 1009 174
139 691 142 736 66 890 141 239
114 724 1109 707 749 359 95 1134
1165 53 179 157 1082 164 746 883
213 1167 71 1040 21 189 82 1168
26 121 117 83 7 881 154 171
843 8 16 76 171 78 113 1181
705 21 91 104 91 527 1076 940
19 101 177 66 215 72 101 179
171 82 222 155 226 201 210 37
199 130 196 702 23 21 113 28
143 379 879 513 152 124 222 59
124 6 723 1184 681 94 1083 99
148 174 1081 108 88 904 57 1095
737 150 1178 573 784 595 1076 128
8 135 68 818 128 1100 804 116
34 941 981 583 1166 1146 74 1155
99 178 220 69 1073 160 1186 110
144 111 176 274 168 1162 643 190
803 142 88 82 105 17 1030 106
690 201 17 1045 12 89 201 117
189 398 77 1095 954 130 132 58
164 1044 76 1145 1085 203 994 46
1137 1126 146 188 1067 845 62 79
144 1005 1008 170 1085 6 108 804
15 148 154 1182 483 197 215 933
218 836 137 271 10 154 844 50
930 989 51 1083 194 104 150 169
1019 202 170 259 959 1179 1030 489
1071 76 1120 68 729 372 195 11
46 210 1085 169 193 1125 99 1050
222 1003 1129 137 183 1171 171 175
16 78 60 219 57 1171 175 1082
92 223 1200 69 89 1145 234 30
1197 41 68 44 46 46 389 167
121 16 212 23 202 40 1161 75
135 84 67 82 1105 1024 14 2
40 68 159 644 120 853 94 193
176 120 110 1066 1084 221 448 226
20 1038 767 106 273 179 56 1115
30 45 125 139 1082 91 93 58
1102 145 152 1104 98 112 320 105
173 120 1023 148 1095 249 1137 1109
1169 39 674 142 32 130 32 656
1075 1028 44 1106 10 124 22 931
176 1067 880 211 191 175 162 90
213 100 55 126 5 154 219 102
1001 1066 26 160 128 36 155 116
672 106 40 164 1196 191 1052 200
682 1184 212 47 315 78 1162 108
30 215 1010 52 187 225 95 93
631 1063 180 17 168 1181 291 42
83 1136 203 101 89 76 208 368
1163 909 1144 53 199 213 1069 792
623 7 370 1070 1145 155 137 710
224 225 9 225 938 162 1092 21
279 1187 129 166 591 100 189 115
122 180 38 1031 70 200 1061 884
54 69 84 179 547 100 546 198
415 192 189 208 96 150 1198 93
587 265 109 1178 4 1027 221 176
941 53 1126 92 186 336 48 218
593 1186 1098 33 115 74 1189 944
1134 872 152 1000 93 841 32 1135
544 5 715 76 13 60 191 63
226 1172 107 1164 1017 11 1099 73
203 87 209 1016 276 1136 1095 153
44 872 1177 39 1014 214 185 280
30 1103 69 792 5 54 37 867
49 477 175 119 204 178 1037 77
186 7 47 162 141 1108 939 1010
104 1094 973 34 28 158 38 155
1165 52 870 899 392 903 968 125
88 162 1158 332 487 205 1200 872
170 75 83 1009 1180 1153 34 80
107 1147 76 210 1170 69 38 67
70 49 77 1078 203 105 717 429
224 981 1103 21 1117 761 109 182
57 1105 1003 46 63 174 8 1147
119 189 156 194 1071 826 202 106
85 1032 87 1097 84 183 33 101
207 890 410 94 21 219 816 579
636 14 742 19 1129 48 8 935
93 219 1041 116 126 57 931 138
192 168 1037 1004 94 241 57 76
834 68 85 810 1161 1009 153 153
1115 166 69 4 848 585 150 93
912 140 9 861 1188 885 1131 55
46 124 104 865 151 160 985 84
1094 10 34 1105 1009 333 39 882
62 709 116 132 132 19 1040 17
1197 193 615 134 1146 868 174 844
1027 200 1082 1167 65 39 1126 3
1014 73 12 191 9 1027 7 1007
710 94 967 192 964 114 56 1007
45 1141 2 175 1168 198 808 44
1170 127 1000 1129 1 353 109 104
1080 394 948 102 1176 928 827 196
98 1033 35 743 944 1167 559 1123
204 113 25 11 132 49 151 144
29 1025 1048 650 421 177 48 98
59 373 99 1195 125 184 56 48
16 144 72 44 1052 1034 1081 89
30 122 781 1072 817 129 1029 67
1043 1193 67 20 18 166 1115 159
56 1150 204 1131 478 1029 13 1066
149 1142 902 87 130 1145 138 631
528 166 646 186 105 1112 507 50
28 1 152 155 37 179 121 1154
51 133 141 1069 127 197 83 134
1135 492 204 139 462 905 218 11
94 48 109 860 641 117 903 376
170 198 749 19 202 1007 439 961
1077 89 1111 200 115 183 67 150
35 1071 1075 194 617 1017 61 66
35 1016 63 1102 199 990 1103 161
639 43 80 375 1050 790 132 29
42 544 108 166 1017 103 731 1055
520 211 132 78 50 161 941 762
25 843 78 87 218 1152 220 1113
205 104 1189 1039 215 46 112 5
127 6 60 1005 187 30 226 13
164 123 32 55 965 186 144 807
500 10 215 1032 1130 1190 1053 181
42 216 1116 224 1044 1190 173 1131
1123 191 834 199 7 679 599 1158
212 207 82 183 58 226 1001 203
84 20 163 53 1021 918 1111 140
1002 109 1097 129 192 211 123 1139
205 119 179 978 858 27 58 219
166 30 10 998 147 26 1196 156
259 13 24 855 474 186 186 142
990 859 177 193 47 771 1143 148
84 1162 186 195 215 126 916 2
127 157 1095 1 75 216 205 153
989 951 1044 211 522 1074 1200 804
780 1089 1113 734 414 130 216 216
1200 1050 155 222 75 84 68 1055
778 1103 224 161 523 84 324 700
166 1062 219 1138 853 481 23 829
18 929 140 8 110 7 909 102
54 98 198 1 510 62 209 127
589 65 1015 698 77 48 26 225
206 796 176 1040 128 801 246 824
6 1162 106 199 82 132 194 8
59 72 65 135 970 10 189 109
886 435 58 121 47 978 1197 117
72 160 52 1035 1062 1037 1010 442
851 986 1197 1096 57 442 327 55
147 76 153 997 62 95 190 132
70 117 366 33 139 511 50 676
184 1176 1009 43 92 208 441 931
64 52 195 1095 198 7 21 168
645 115 1051 1005 182 101 876 156
60 204 856 594 1137 863 103 201
67 125 129 76 137 133 1022 134
175 859 841 82 121 178 911 1123
190 1175 773 18 731 996 1075 255
1146 38 1017 187 1075 934 28 785
86 81 1044 66 1054 871 156 205
1072 1173 6 121 560 1169 1113 9
38 1076 74 1180 55 115 217 125
43 212 110 1155 1058 657 103 146
116 1010 59 1004 223 207 111 38
219 148 866 435 846 238 1080 308
140 4 1101 900 103 924 47 1083
223 210 206 33 1027 735 1163 53
189 148 196 892 32 34 54 145
25 53 188 149 74 32 840 89
211 824 143 686 1056 958 106 152
1 215 91 163 193 155 44 105
