219 1173 126 724 80 996
167 670 189 144 132 1123
404 1197 200 1070 1071 31
1158 192 58 322 1189 1070
2 26 485 308 459 111
119 1071 604 157 21 20
115 27 207 768 45 1021
172 85 45 1074 790 756
1164 512 327 64 193 182
156 958 740 989 131 157
59 740 1155 122 81 293
745 902 157 1195 872 96
899 158 344 958 1086 57
804 1179 129 886 894 970
1077 136 1016 1123 1093 710
191 1157 807 1178 167 933
611 590 493 164 173 200
1177 210 1172 1183 822 934
1037 124 117 1109 1054 504
1105 1091 163 321 63 132
709 2 80 916 1052 29
965 916 1011 1160 247 185
201 471 939 1015 136 950
1089 1140 988 750 779 77
1112 165 1148 278 104 755
37 549 1156 611 983 65
443 1102 514 356 517 976
1161 918 712 459 731 181
112 42 884 363 215 19
217 1109 904 1091 1146 49
138 189 1032 208 62 90
41 78 937 145 46 489
183 1191 423 914 499 66
112 19 142 1122 464 138
772 201 130 394 753 170
1167 978 102 1073 935 1067
1002 397 769 100 137 1173
163 1022 738 631 843 167
112 695 853 729 191 194
1071 781 1093 64 1019 1124
73 92 640 1097 691 949
213 844 1072 763 202 89
882 286 1108 1050 770 1018
164 43 912 1152 106 1098
633 566 726 882 702 310
142 122 40 900 1076 1049
152 95 56 1027 208 637
516 32 218 736 415 46
562 943 965 43 58 139
455 289 564 818 1179 576
1188 109 49 1160 1022 790
994 1193 805 143 10 625
568 126 1066 234 70 782
97 155 232 1183 1151 334
6 1063 836 252 406 973
1167 38 560 867 646 73
830 1104 1046 306 645 63
1175 1190 60 127 725 1098
983 832 931 841 954 434
1075 980 28 104 1111 1190
146 187 265 1008 41 267
833 839 54 727 806 1136
1035 119 176 846 56 461
62 208 457 955 118 308
1143 1191 60 663 722 1153
889 1080 3 372 933 26
782 809 1058 738 751 400
1181 48 198 340 1101 90
96 503 571 67 186 244
539 206 147 197 1170 1092
196 128 20 215 1038 169
94 33 86 1199 619 1100
847 134 1198 2 588 160
910 387 13 842 189 960
160 128 584 778 499 1089
146 816 205 8 776 958
614 261 1076 138 62 103
892 121 813 201 102 599
1002 1133 1014 154 73 67
197 841 987 210 756 912
19 575 206 1146 983 1194
935 174 142 848 136 1109
350 960 1178 1111 620 54
77 69 68 192 188 97
988 654 115 999 53 328
1186 196 20 456 306 153
624 1200 1105 178 1120 1200
212 95 699 734 337 1040
1150 123 235 50 854 775
87 1175 967 798 1088 187
1080 52 117 1 323 673
11 550 1125 68 366 821
1063 146 343 364 207 159
743 969 767 437 386 156
173 390 26 655 1098 1068
88 586 532 216 1059 787
295 202 968 275 597 837
1121 9 235 47 807 1081
905 319 930 313 529 991
1167 938 643 232 279 444
907 141 169 508 48 173
720 175 103 239 1110 952
663 887 71 267 723 783
1069 1157 966 643 32 42
331 1085 87 148 1071 3
767 607 486 40 792 938
1101 59 1032 815 176 472
184 612 118 535 349 618
1031 922 47 24 528 72
1161 481 659 34 172 107
45 97 757 1039 152 758
200 191 307 1180 776 182
100 952 113 36 667 724
658 1173 280 125 839 140
105 107 135 62 1108 1159
1150 719 641 1148 1069 173
795 14 67 524 895 33
1046 93 218 1121 200 430
162 1131 1062 315 386 1125
1165 412 1090 1028 866 823
937 101 125 851 962 1094
934 713 120 631 99 103
297 890 1052 846 880 1087
275 426 53 913 1199 1183
1031 109 187 1070 1136 474
193 955 819 219 407 674
80 273 1108 29 1136 1035
57 1176 676 794 568 579
145 1144 61 937 1175 1159
368 1117 1011 138 1069 281
35 1101 563 470 281 24
186 761 1116 1050 42 1170
214 1113 45 1174 127 217
44 722 1145 9 968 1022
878 1063 773 1168 1107 1076
729 116 537 995 1039 116
1134 862 104 139 1084 81
1188 725 20 152 867 376
336 373 378 562 371 1018
892 189 955 998 1142 1142
828 124 100 513 1093 1200
44 1146 681 581 1043 939
455 212 770 1019 114 626
1178 1087 11 149 1192 1126
607 54 170 473 1111 1122
352 76 273 1169 1070 843
82 163 57 388 1032 35
913 163 206 1138 1168 196
175 68 172 441 259 957
153 1013 154 1031 1105 213
1153 1030 114 33 1107 668
787 824 154 6 83 453
189 214 141 419 1122 204
820 117 140 67 79 1073
1165 101 163 189 923 9
147 577 1023 1026 249 78
185 11 1076 1115 2 604
1117 213 211 845 78 754
205 31 62 145 1083 571
1110 300 677 138 853 1115
1084 219 109 1089 205 825
811 91 69 410 103 86
1168 92 33 486 1155 1170
99 739 320 1164 763 1188
1149 1185 198 1029 1102 2
793 298 58 317 1081 1052
201 1016 865 118 478 395
1194 129 95 632 718 1146
1199 689 1198 183 176 721
25 327 948 110 1058 1008
44 70 1053 1118 1173 533
204 523 837 298 714 1180
606 1048 1155 34 497 178
1157 891 850 153 197 1100
1068 521 362 75 1188 1111
136 1132 179 160 192 671
1141 1085 489 417 1004 116
735 151 83 1094 94 260
45 932 1050 1093 974 708
137 262 1105 974 148 128
151 756 416 541 20 336
827 933 938 75 926 573
1047 634 16 50 143 534
1181 506 752 788 128 115
68 873 846 1154 726 143
188 966 1059 908 622 1088
462 211 1162 1142 1026 1184
469 896 1011 224 148 676
1136 1131 64 106 831 683
965 942 1113 735 996 1117
1007 83 650 913 1083 576
177 88 161 81 1063 1103
1017 144 177 1118 159 54
120 112 1159 65 154 819
1074 224 50 71 429 982
750 1163 61 37 1093 1004
1001 795 98 104 18 1087
870 107 473 1042 73 963
95 818 171 1070 37 188
461 94 118 802 49 392
230 165 293 546 208 1129
769 558 975 121 986 483
1120 77 215 610 153 911
436 975 957 136 357 396
1186 996 881 142 97 311
69 227 855 36 135 727
1130 1084 36 711 1170 1
22 976 219 75 49 179
1053 928 704 638 350 1134
716 125 144 874 1105 304
317 1072 102 925 569 686
596 155 539 149 70 812
113 1092 38 677 660 779
967 158 809 1118 1185 1124
81 266 1193 553 328 615
832 425 437 980 402 1137
897 371 807 930 3 1179
13 1148 343 1111 1135 43
179 510 171 124 1195 1021
657 305 875 883 986 3
98 811 484 1114 596 811
79 88 1166 990 216 972
1081 551 1183 143 177 1045
104 77 893 114 990 1133
229 109 789 1141 1161 287
154 1097 35 664 10 1148
1195 242 598 1175 1199 291
155 730 555 1034 442 520
196 1174 548 436 736 3
180 64 35 181 1143 1158
540 1062 507 690 963 487
1150 557 453 145 735 20
1095 71 1096 813 700 125
774 397 1177 1021 51 194
93 73 39 82 981 1121
1158 1 87 405 942 1107
1130 490 380 609 187 51
633 593 361 199 1004 214
721 1157 325 156 1025 127
941 139 749 253 1094 994
1149 1176 673 233 915 1028
1072 675 623 89 137 222
175 1006 783 1001 1190 337
3 21 509 144 61 175
53 265 536 82 157 1081
1072 1197 105 221 951 136
408 572 158 479 14 1044
50 419 858 618 603 780
1064 70 916 727 334 1128
1172 832 134 150 741 382
1033 326 110 168 37 7
236 76 550 1054 1169 792
51 786 1064 1040 433 1173
1198 110 1094 1161 181 161
997 856 1056 95 518 55
188 922 712 759 421 801
762 250 207 122 850 1078
808 96 579 199 4 675
630 107 1126 1186 410 72
595 38 1198 71 530 425
121 1187 1088 502 879 920
1118 1060 72 1029 1008 985
710 110 680 216 111 760
243 159 30 786 179 692
1079 1003 866 841 732 1083
1164 1142 212 35 52 43
684 216 1109 104 977 95
27 305 982 790 953 1028
261 956 47 89 1066 1191
838 106 685 32 47 113
1084 76 388 775 142 985
349 195 912 741 54 174
147 925 45 106 1041 1170
179 438 594 1144 556 182
481 365 64 135 753 911
1189 1057 935 1085 962 986
1024 91 169 263 1187 288
873 132 973 824 972 318
1041 218 1079 168 59 309
830 1152 3 1014 567 162
869 1159 210 582 367 1187
112 1075 9 1032 6 77
544 156 725 28 2 511
1073 323 1019 338 1144 13
909 74 810 1128 1005 131
815 358 696 981 1097 545
129 955 743 395 173 897
1025 1099 25 585 364 177
672 558 718 207 76 1106
1122 493 201 1152 1155 18
1141 1171 301 800 694 190
7 511 9 149 197 115
168 749 173 178 1096 42
927 1113 187 827 130 929
645 257 648 765 814 865
212 755 838 869 264 1054
181 1148 335 967 962 87
929 1085 1181 705 259 360
881 23 1097 80 121 695
302 454 824 1077 1140 84
79 757 92 1020 167 222
145 38 988 217 640 346
271 166 198 874 926 15
190 247 889 223 610 1071
194 432 734 1044 1072 849
665 154 543 665 1192 214
420 885 10 647 717 164
254 411 1067 674 1051 100
1075 1167 1185 32 52 140
11 59 878 1129 1173 1098
43 1090 307 155 661 403
936 662 35 1184 70 1047
1100 271 1129 1059 245 900
422 460 1080 829 1091 188
190 1100 153 439 1126 944
1190 1113 915 198 74 129
1069 144 1101 19 63 176
156 1190 117 248 1052 166
183 134 500 737 49 745
746 714 959 1140 578 103
1047 654 1082 1134 209 903
1198 1042 1119 112 987 692
204 1164 802 530 89 237
130 120 182 178 12 66
474 148 133 1190 218 1
1023 554 861 332 1054 25
907 1148 121 209 7 982
415 937 182 1174 110 112
84 215 141 427 1139 380
166 715 1034 944 130 174
1079 119 617 1147 19 1064
391 158 101 885 1131 203
57 940 74 64 120 875
1103 1112 68 521 356 1060
869 23 918 861 147 11
1075 153 119 1119 206 864
1187 90 888 975 1098 55
102 1091 379 775 40 1040
833 1051 196 969 146 958
127 1109 160 46 228 141
805 1108 706 176 185 1171
784 6 1121 485 132 126
1195 12 182 966 131 1197
1078 1044 121 1125 1096 589
1036 205 944 65 51 1193
185 335 206 138 193 150
1033 173 909 29 32 199
1027 32 1163 1021 169 66
122 118 494 754 949 26
837 150 116 355 123 75
47 312 1113 814 98 798
1038 1146 231 1137 1153 889
429 1006 444 56 969 144
255 699 495 716 66 340
74 1110 70 1095 450 1160
542 1143 1024 167 393 1040
994 111 1137 146 600 1113
1061 671 206 1127 14 754
124 1091 946 968 1193 171
805 54 821 139 128 133
347 1129 769 895 51 14
848 1092 733 154 942 1018
1166 251 93 608 64 9
162 979 1029 211 170 1075
1094 1153 470 914 1006 220
136 1195 796 1133 768 981
1015 538 488 1057 75 207
264 890 12 5 37 1082
886 554 42 258 577 283
1099 498 127 740 636 209
784 1108 150 130 100 1143
191 786 1160 359 1120 885
1200 1087 60 67 601 27
67 1166 192 829 110 471
52 74 1189 1153 51 12
1090 28 914 860 557 157
1168 600 1055 1165 1026 559
179 1132 940 973 160 91
22 133 1160 279 183 129
1059 1102 1106 377 22 393
752 1089 759 1181 1189 294
731 90 1082 1126 67 406
947 1045 7 1022 23 134
162 518 197 1065 1177 742
1195 1121 237 1043 44 240
1133 701 171 102 1086 210
497 315 1074 697 347 8
851 218 304 1111 466 84
135 1086 74 91 215 71
711 214 961 797 33 877
79 1114 1074 359 134 932
592 166 98 29 750 1139
985 26 171 345 53 125
207 619 105 984 354 1162
1083 418 1147 346 1109 1172
839 483 34 94 1178 1154
428 1056 1020 108 154 170
1200 348 836 155 204 1184
1099 1185 82 589 367 15
624 167 947 170 948 78
475 66 300 776 211 219
1183 4 134 30 1114 204
360 1130 1110 546 792 108
781 43 964 928 751 623
1190 1185 845 831 612 376
55 161 1159 672 354 1095
165 943 609 159 17 1126
43 934 133 148 197 58
1125 208 156 625 1115 1182
1076 770 200 123 203 501
1141 597 183 1168 373 777
787 906 1128 1097 580 1090
816 515 384 871 445 833
61 139 861 694 1037 1045
217 174 679 748 396 526
24 69 835 5 730 36
1180 1066 151 74 342 1193
578 101 942 979 1110 99
394 114 947 463 55 876
210 1119 856 1119 83 921
1161 132 890 203 4 62
945 51 263 1158 85 998
1082 1124 351 1156 1182 457
939 917 962 143 1174 920
115 1176 849 1006 516 1048
170 101 772 14 1182 39
1078 21 216 153 97 982
6 201 1055 953 512 1135
113 993 815 77 141 953
16 26 37 1050 1141 46
81 229 1073 537 16 853
55 910 1065 151 1104 36
963 593 924 1 162 1138
98 583 702 1023 1196 1130
522 1123 137 1106 965 519
12 324 387 1090 1024 1193
454 23 284 1072 54 842
105 22 693 1092 116 588
18 994 7 234 817 1009
1171 639 372 995 1070 649
110 531 1060 449 30 529
1181 947 1091 570 1186 69
1150 168 1039 820 201 768
766 122 1163 152 817 282
1069 1141 74 123 989 1127
859 948 345 808 195 954
1170 1141 342 1174 1161 945
977 1151 1134 858 698 1026
105 810 1196 147 42 928
1072 155 655 15 549 251
199 1033 150 602 859 1125
943 1082 1128 809 1118 534
165 66 1143 125 18 1147
57 894 50 274 697 972
760 1085 814 1114 778 91
801 136 761 1082 61 169
101 246 1057 1187 142 726
189 1138 492 1163 180 137
777 15 698 1140 1002 586
435 1115 23 157 1192 187
211 287 777 1095 1131 1199
1127 156 80 1007 1086 375
613 1107 65 1067 218 575
746 569 81 109 823 1146
917 1137 524 168 446 285
39 587 105 123 66 44
1108 908 314 140 949 213
823 361 1124 551 301 59
157 173 1138 186 715 151
744 158 140 1115 202 1088
1074 320 874 810 852 957
401 184 1133 519 986 30
1154 303 742 111 196 870
383 1074 456 713 1102 141
34 860 707 102 651 984
5 313 200 1143 56 491
83 221 847 527 71 879
682 95 204 971 38 1164
194 909 194 1027 33 28
1123 91 685 11 1105 144
1127 1194 151 1043 1169 23
16 290 1139 17 834 92
856 943 162 705 496 85
738 243 9 399 33 115
94 1151 280 187 642 186
413 1138 466 65 118 81
177 527 28 1186 963 210
58 682 215 176 872 330
582 381 117 1009 1177 1158
168 109 757 38 120 12
842 1186 1153 598 216 403
803 1168 244 87 1077 1194
338 1188 971 966 1011 1179
1189 167 128 34 254 614
135 181 92 683 164 1171
1036 93 14 81 905 172
155 283 168 169 382 465
472 326 1151 36 445 341
10 104 87 88 1086 1196
184 434 85 5 1116 72
895 1177 953 31 478 822
420 1012 825 13 1086 262
946 139 56 384 114 980
199 563 24 547 10 629
730 10 203 1189 197 1083
1179 1134 659 960 678 72
339 48 1165 223 69 1154
143 1 1100 303 42 1127
60 68 99 514 257 1138
159 847 1144 1117 46 1123
1182 970 133 910 780 647
45 1111 1109 1197 199 192
8 258 1165 739 134 1078
762 1197 1077 302 480 202
961 903 591 219 1166 717
868 90 961 15 964 108
1078 1119 561 1120 93 137
1183 1145 580 1126 7 1168
166 1125 299 1003 1152 97
39 934 172 1067 80 774
451 36 72 195 85 1083
1107 140 1163 826 447 1159
53 834 284 931 736 458
19 873 48 482 1145 911
50 1194 83 113 592 414
505 129 658 628 145 84
182 270 1030 668 1112 1080
365 1191 2 902 73 181
1119 1120 188 106 819 1041
992 428 202 732 984 113
941 1074 878 1092 850 1071
603 424 28 1178 635 1155
859 178 143 1140 1080 1089
971 1124 560 368 104 60
89 595 141 528 184 169
548 931 70 1000 1123 217
1065 1179 904 1135 56 178
693 1191 868 851 1184 8
46 190 39 358 976 96
718 1003 1096 152 208 240
196 803 959 127 63 1076
176 1174 82 121 998 18
1037 50 40 319 978 927
217 63 124 193 88 617
744 820 385 930 791 82
1081 312 1049 96 193 992
170 893 56 1061 993 147
1033 637 818 135 741 79
1131 1087 101 47 194 901
906 184 184 919 230 719
1007 131 8 678 1081 253
553 1151 1123 58 6 90
185 27 241 1149 954 91
949 29 950 1062 108 214
1172 218 185 984 448 880
893 408 771 731 845 870
573 35 48 728 69 383
1087 48 452 191 23 555
151 1114 14 82 541 761
22 12 1183 123 4 152
1131 166 180 17 209 1117
143 57 1023 496 1112 1172
591 906 109 525 1084 414
941 192 670 652 215 71
1199 62 295 638 918 1058
1099 747 129 82 282 36
465 72 1051 525 87 974
213 829 211 800 195 83
799 1145 15 160 78 32
175 1166 27 990 765 1014
1039 236 1002 620 503 29
758 1091 450 174 216 1016
830 863 432 764 993 849
1189 940 463 490 1025 806
59 99 813 145 187 657
706 274 156 139 25 898
191 852 217 771 1196 142
1150 85 270 989 451 1131
781 409 797 795 208 8
248 1154 417 1089 93 176
1176 1154 111 278 1180 1192
691 91 794 1179 133 289
720 68 53 891 1162 49
1061 65 854 227 938 205
341 688 540 60 946 979
4 1077 158 163 159 52
165 999 131 1130 1185 650
1187 476 296 1005 1065 178
513 501 968 2 1156 547
855 24 660 260 536 1099
44 504 34 120 195 1092
225 56 1104 119 522 1143
468 58 866 634 15 892
25 353 967 117 690 1101
116 239 1112 205 118 630
964 1196 190 211 778 765
888 452 1034 256 329 446
629 808 642 681 791 108
192 1073 581 644 1194 269
1180 13 931 112 40 723
