764 577 370 194 133 1090
848 1121 1127 24 143 1071
139 670 127 116 1132 868
1083 963 26 622 217 798
123 300 8 35 1108 36
1125 962 430 1116 208 410
836 1096 845 179 877 599
155 216 44 51 663 41
206 434 677 1198 1100 1084
217 1089 1166 1186 430 303
1005 1092 1010 993 151 1144
34 1053 162 180 202 188
543 1047 217 570 61 859
189 932 849 185 516 565
582 1094 224 45 1181 756
730 1057 990 751 791 903
967 195 75 876 350 809
31 447 207 254 27 77
1113 40 832 860 911 1169
499 58 371 1077 118 735
546 890 998 1170 779 831
142 18 180 57 223 1162
242 1180 528 173 119 626
568 833 819 148 189 127
735 803 159 1059 2 1128
1062 1056 919 236 690 1011
176 80 318 993 1181 26
1119 807 209 188 1058 1078
1135 11 201 317 1000 1198
587 136 17 6 958 196
1123 250 1075 1189 18 169
212 566 976 181 191 44
1193 549 1019 700 1159 152
607 31 1194 667 545 1069
1131 889 19 218 135 340
937 193 1155 1187 1182 793
1106 1149 1063 111 479 12
1111 64 576 992 614 950
1109 1106 722 308 322 413
278 960 665 1146 952 895
775 73 645 148 201 126
983 361 926 595 123 879
26 158 20 71 399 550
639 768 138 1058 355 1105
878 915 1153 125 118 556
5 538 199 872 144 65
840 789 232 1184 215 954
1046 797 1054 422 90 1157
1189 34 742 660 142 326
85 620 15 208 767 287
39 109 188 89 894 123
490 927 393 1125 193 805
1076 596 91 734 198 19
1179 78 948 1078 1198 174
847 720 156 1115 277 98
1097 1085 507 125 1128 451
347 129 849 1198 772 696
59 1009 1023 82 727 40
1155 1050 990 40 964 147
84 1093 1175 264 213 196
680 94 200 129 134 989
15 1172 1129 1084 1086 948
1061 958 318 5 62 440
47 337 283 155 956 87
104 113 674 1156 27 219
138 386 609 1146 1104 215
211 1037 1083 1081 207 829
554 1066 765 952 154 227
60 479 618 415 1084 288
118 751 266 1024 167 173
721 96 777 533 1143 869
225 1159 1041 730 1117 53
555 459 758 1050 33 913
1000 875 24 68 708 547
80 474 180 630 186 842
827 1050 816 1038 1181 29
1015 928 955 1028 1120 137
720 741 90 1030 1187 61
51 794 1088 223 1176 1159
139 718 948 837 80 464
232 457 1107 41 854 458
1107 1003 146 57 768 157
85 169 144 1114 1002 1173
271 748 1127 217 201 20
1070 770 965 97 206 594
669 1116 1059 152 17 1179
156 1123 928 440 506 894
1105 197 1063 72 208 1075
243 8 1080 963 185 1034
1134 12 978 605 23 435
675 448 181 222 239 493
743 666 901 209 987 178
72 1197 369 1120 45 1199
406 1004 535 3 774 384
311 1160 936 997 143 39
772 128 985 214 1137 200
75 890 867 107 4 328
1167 95 1135 182 1093 17
186 715 77 941 1176 164
143 11 1090 879 103 1082
99 447 210 746 1172 15
127 428 529 925 936 1127
1011 892 870 778 1033 157
1060 24 377 64 1060 724
926 123 698 752 1010 323
61 93 169 22 1173 108
807 781 151 199 1152 790
209 161 1151 49 54 937
714 544 44 327 80 66
1044 1133 561 923 7 52
184 1153 420 1 381 195
102 167 762 228 35 178
154 1133 755 1169 363 1068
1022 252 971 1061 28 1091
773 569 1167 1054 1040 189
51 65 131 814 260 657
741 104 1195 1139 59 840
101 353 981 348 437 82
1194 1151 977 717 1092 1157
12 128 119 1178 1070 1112
571 84 827 1055 917 167
460 979 1076 1137 92 1075
1187 106 931 195 216 174
158 258 7 54 715 1186
28 591 325 186 1150 1083
1147 1175 973 1082 1065 1098
74 112 1191 391 107 780
1180 1102 133 1098 200 841
986 46 476 140 693 555
1121 14 1176 903 814 489
1109 312 1127 587 169 214
1142 345 813 925 1020 174
525 832 1044 62 1059 163
66 703 438 172 16 1185
375 775 179 73 1195 60
372 27 30 8 873 655
137 464 719 818 122 84
142 711 1107 67 178 957
257 16 92 450 52 84
1019 1163 847 147 782 218
669 766 50 1088 787 3
1155 1077 38 192 3 26
379 77 200 1043 700 132
99 1 37 10 6 551
632 559 1165 1111 810 934
147 652 21 584 1186 1105
806 837 119 401 339 324
1110 1054 1013 866 964 486
1143 929 435 527 77 1146
1169 146 375 1025 298 117
1026 1086 382 1143 1005 921
31 1107 118 215 189 18
249 1135 469 156 58 1073
517 213 78 736 883 80
226 1145 1040 1093 963 166
548 123 998 21 846 32
142 9 964 206 171 1113
1200 1069 154 816 169 1014
1127 723 32 1188 977 1138
218 1052 270 780 1102 1157
745 49 44 101 514 574
954 295 831 1070 898 1188
287 97 498 145 1177 297
951 962 279 1168 62 196
126 209 750 160 52 1160
620 210 1075 75 245 520
551 1174 179 171 426 1119
32 431 1124 25 127 182
23 180 21 915 1111 113
175 926 639 102 220 36
833 27 341 123 1032 52
730 1170 1087 201 136 1036
302 255 12 549 130 74
1158 1151 706 173 216 1014
114 351 1039 1095 896 79
17 845 5 1121 902 994
468 853 1094 969 1104 674
947 150 256 43 76 157
920 766 924 190 128 155
168 916 315 198 105 865
105 823 949 21 1109 307
301 1114 8 83 956 31
1126 153 169 1148 1052 719
193 1103 1128 162 1167 251
933 117 689 44 179 192
404 1136 957 954 804 122
424 1088 1190 968 811 593
41 212 4 367 1102 856
864 296 35 1008 999 981
129 1182 88 164 115 1152
35 134 1171 513 1081 1066
874 880 1107 1185 414 1133
488 637 1104 14 159 973
1182 1074 785 1 245 69
406 918 1178 1096 872 22
946 1031 1105 91 130 660
887 181 1121 1184 340 467
882 68 1098 648 1154 1047
343 695 170 1057 644 1172
69 1076 734 155 1048 214
114 20 188 530 661 684
1126 769 962 213 30 1113
107 791 1030 207 1117 101
663 1106 60 231 179 482
1093 95 45 111 199 43
537 943 931 304 624 825
1050 146 206 71 1081 628
744 613 238 942 148 256
131 445 852 292 376 885
1110 151 701 52 216 1154
163 130 592 44 1154 291
128 1013 511 191 759 1200
83 132 47 438 899 25
928 14 374 770 1145 299
503 289 10 908 122 203
163 1190 688 55 1067 1146
274 1177 13 797 471 206
1189 138 174 1196 1084 1198
258 267 642 1077 130 1069
922 86 47 487 52 216
1182 119 1111 953 504 954
1114 210 1102 158 844 830
891 766 286 201 109 76
809 25 311 1141 758 1001
972 149 260 1150 151 604
952 81 2 466 33 955
454 918 443 263 83 22
986 924 1144 883 38 534
54 143 7 1155 14 104
124 979 738 1037 961 590
188 1063 263 37 988 740
945 777 320 39 788 28
305 1198 301 1036 277 1138
878 168 550 1086 55 88
145 38 217 1108 1094 548
145 871 936 73 675 1141
144 161 157 23 198 949
860 93 158 1133 1171 215
1151 1103 13 1135 101 1064
868 691 109 9 94 1096
1098 189 2 1150 161 28
302 7 795 599 1133 193
1035 829 292 148 155 402
203 800 960 1044 1160 9
1123 1002 95 742 156 1021
1148 1169 378 412 161 920
808 59 138 75 1017 11
176 988 1090 1122 158 162
638 1142 861 987 465 197
1018 1019 184 203 381 122
910 122 574 1181 1156 106
796 115 721 171 1187 1131
1130 466 896 1095 204 983
165 55 1199 643 1141 1177
1165 261 1020 783 207 1182
56 411 54 812 575 92
508 387 155 1081 789 79
177 992 423 89 1080 211
113 1021 117 1103 1125 24
7 776 16 140 298 1032
978 900 757 208 1024 1092
564 153 181 1039 658 63
1085 1022 191 105 1018 1074
57 1078 520 127 472 648
1109 1085 519 138 793 554
1072 274 577 69 649 973
632 1123 118 1167 884 745
207 739 102 1168 1042 1045
1156 330 799 1052 359 1195
1110 1129 725 149 881 1171
757 478 679 1174 562 139
893 164 168 1133 545 98
115 62 1151 821 205 650
1079 1194 586 731 108 938
979 855 1042 607 202 426
314 771 1087 753 516 1101
835 742 1187 405 715 190
1042 22 297 1000 355 1047
449 332 818 308 875 43
962 1130 1007 201 810 305
191 37 1 107 37 184
167 110 282 1090 1124 100
788 1163 796 1073 1 103
201 18 983 747 203 210
472 929 191 79 1091 1176
230 284 240 899 1122 970
1128 1095 346 229 616 1085
284 153 1163 1124 1135 514
172 1074 397 637 653 13
148 508 1138 1093 994 857
182 807 849 1129 36 278
43 1149 299 481 118 997
1080 608 50 1069 627 12
1154 122 943 1183 1127 647
1160 113 906 491 668 652
895 985 8 736 182 1064
183 180 89 1114 67 51
507 168 137 890 735 912
121 194 1149 175 1072 752
111 1116 697 1087 935 27
1107 70 462 207 612 16
1051 853 635 625 563 1126
98 139 218 124 128 1186
1197 743 946 110 147 214
1191 1059 37 109 889 1072
641 838 67 362 792 989
912 91 1177 1145 94 1158
331 1192 572 1197 914 635
455 135 1010 634 129 1085
110 181 116 213 433 942
133 218 190 132 65 222
677 22 63 523 283 1148
6 722 1116 1077 1097 105
976 401 833 150 935 1086
325 76 134 204 997 944
120 1173 802 42 1016 244
34 72 16 166 1189 190
783 1151 898 132 989 87
829 761 824 752 100 92
863 309 1180 1074 1121 154
1097 75 1093 1088 184 531
65 1031 1134 20 1029 1160
1027 1029 1102 605 776 1163
187 1103 205 56 1147 141
16 737 1128 365 816 1006
221 354 27 25 45 349
49 1007 187 943 633 970
110 27 603 1188 181 273
800 419 137 405 433 109
210 188 868 1018 1179 631
1176 1067 503 901 113 272
66 190 76 187 923 50
176 1158 101 1141 885 966
55 28 963 930 1037 832
671 57 737 428 421 1014
911 140 1112 60 521 182
1158 1044 718 111 886 553
120 187 63 33 583 781
1071 1071 38 130 141 93
199 703 304 581 485 211
71 74 61 1047 1114 1117
909 373 869 335 815 1180
633 768 265 177 1135 173
356 131 1071 160 604 349
1191 187 1095 179 153 159
774 247 884 804 1043 984
88 839 415 78 592 206
1148 329 1185 601 944 1142
702 1008 974 213 202 980
1088 1166 475 177 309 8
57 101 707 1145 1170 1162
84 47 1134 218 456 416
130 63 178 41 442 146
1094 86 751 777 457 540
734 30 121 89 1139 1083
1126 196 214 143 215 29
112 511 120 482 971 1051
129 57 1188 7 39 42
1100 338 159 152 156 1079
778 53 203 64 1148 26
978 1056 619 1193 532 562
578 1038 436 40 749 665
571 152 643 822 863 1156
1031 546 70 144 1030 1116
857 125 886 1140 53 1153
190 352 233 986 745 595
235 1128 86 1012 1196 31
147 775 1166 531 4 107
1192 784 424 556 1003 250
1006 1082 598 173 1108 685
1200 79 1119 1178 91 139
57 92 82 803 9 848
756 867 984 1162 384 1188
361 840 1161 921 661 1134
497 1009 1001 105 947 294
163 70 35 584 9 974
388 59 136 211 195 249
921 87 34 1132 87 109
530 172 826 939 1000 957
91 202 988 290 1098 64
1181 900 129 235 961 53
207 1130 1167 1096 15 1080
613 66 13 205 322 896
1174 148 7 950 173 225
271 146 1103 317 1020 170
341 929 188 41 1032 83
850 1094 1069 409 1164 102
165 17 14 863 352 1070
134 1175 477 1165 619 484
3 1174 1074 695 61 610
856 776 159 779 1107 1158
158 158 408 364 1118 657
58 50 917 425 880 64
980 51 995 1177 140 208
1180 891 45 762 55 171
913 1173 1194 418 24 636
1136 1140 210 1161 905 108
454 101 1172 114 1098 100
58 416 390 624 106 993
1085 238 1006 13 939 90
1125 654 1173 1124 170 820
573 115 497 1189 59 1194
1131 30 183 48 1089 682
127 2 512 1134 933 444
62 24 10 1072 5 1135
961 107 959 817 429 10
525 446 91 149 115 630
218 961 109 38 1088 749
1163 945 160 1080 376 133
626 159 368 265 897 4
1167 615 1046 1034 106 142
909 578 496 1102 74 1175
672 68 1154 51 1115 169
68 510 615 929 204 2
654 709 837 6 681 831
42 137 1131 136 212 56
280 1156 667 32 569 18
1087 498 796 838 596 10
940 61 732 1082 213 383
1001 526 728 42 1054 246
650 699 319 19 196 194
110 217 1002 105 1011 193
22 19 3 1058 1092 195
50 175 1162 395 970 59
217 944 200 22 1023 96
1056 138 1112 290 114 85
456 272 23 1125 522 541
906 935 1184 1137 763 205
510 63 1041 135 366 262
252 149 979 557 640 1166
999 1142 164 815 1076 726
1193 1051 83 321 4 902
165 1027 86 922 121 971
945 33 924 204 910 338
981 858 102 1116 1144 84
156 191 919 564 1196 452
853 716 211 874 82 202
162 399 834 824 1128 835
894 112 1191 84 140 671
967 1091 214 1012 118 132
82 1193 42 765 68 1036
332 345 175 726 183 155
1118 1174 905 686 947 48
933 862 1011 1071 409 253
130 88 1185 729 1052 55
324 931 1048 16 121 171
181 958 946 212 190 171
1016 495 32 606 100 1008
543 1002 759 1069 94 141
95 80 1049 1100 141 943
841 617 646 356 1139 1081
542 1057 1158 688 851 1073
145 334 47 1086 54 839
57 1073 36 98 312 166
481 1087 12 126 29 1031
585 152 806 566 93 445
994 1003 1162 495 74 1033
65 1035 85 938 754 129
1184 124 765 581 162 14
823 1185 906 787 100 940
1070 1118 959 76 1134 949
81 1168 21 622 696 103
47 153 1098 394 709 165
13 1199 976 773 1075 1097
368 484 739 1162 897 205
1197 275 1179 558 1125 1122
90 55 198 194 687 140
178 638 536 747 1178 65
1032 366 760 1101 1099 177
54 701 1119 48 1137 316
982 1168 1006 610 33 350
179 35 787 744 1179 69
1175 40 83 1153 82 53
367 820 862 1017 46 1170
1183 400 739 121 987 750
1083 28 1004 1008 1106 575
61 102 138 932 728 513
1083 15 195 910 160 1110
407 104 117 189 204 876
893 4 988 237 1079 145
144 1090 653 196 522 62
864 56 208 174 147 133
1146 1130 1129 48 96 72
1145 900 842 262 1141 121
1053 733 541 131 160 89
459 523 421 400 220 1015
172 149 959 830 682 153
42 363 974 1099 835 99
1139 1131 145 1138 1116 1168
87 978 1157 407 216 1138
839 1105 331 760 219 736
194 1099 1192 463 1147 1171
976 61 93 1163 50 380
148 519 905 259 1003 1143
670 1028 1142 67 126 758
237 501 94 1183 248 86
206 11 506 771 740 1165
916 1152 100 87 461 1183
1104 473 676 267 342 892
154 17 152 589 37 1004
1070 30 1018 285 169 859
77 194 455 291 1090 1095
1136 1016 1085 705 990 945
1177 1136 1037 558 95 1142
1180 827 1005 97 390 655
234 251 932 135 15 171
113 527 315 141 1121 901
46 134 96 151 88 360
834 1154 940 1186 540 942
396 94 65 959 732 1193
941 784 1150 154 1077 12
68 73 53 656 1097 579
1190 1134 227 771 58 213
103 996 233 310 991 319
756 180 647 817 120 597
628 122 885 544 257 1112
1160 1123 972 621 1132 150
938 114 1040 124 953 769
907 157 48 281 1114 408
194 1176 861 494 1065 119
938 99 81 195 1199 561
1112 33 1166 300 717 559
62 66 219 71 75 460
1015 1178 1034 374 678 1166
453 1129 67 755 969 944
553 1103 552 1081 1094 534
933 125 1139 1183 353 21
684 914 955 70 927 1191
499 779 150 576 1087 1147
1155 26 1197 1138 957 49
772 178 6 179 12 659
645 1194 1048 451 1046 186
932 1113 1091 427 67 1045
158 953 124 1140 1181 211
623 1020 24 48 1092 106
702 873 1 1108 86 187
977 53 538 64 70 423
34 1077 108 68 965 174
176 28 334 496 858 1199
29 11 199 1192 98 166
1097 710 915 860 917 1126
385 664 1084 336 203 526
111 565 106 333 694 973
141 133 492 1094 112 121
753 969 413 1152 786 1072
755 865 611 1004 761 1051
103 855 66 41 790 808
191 712 5 951 918 1157
811 992 930 111 505 1152
110 1170 1131 176 873 167
1111 140 804 343 539 470
30 336 439 953 770 44
989 112 31 950 1159 172
330 216 786 1156 912 144
930 212 866 1111 124 125
1073 991 419 1164 841 893
123 904 11 1019 1141 116
94 493 1113 822 886 996
164 216 864 166 92 1123
1066 1140 1110 90 1064 836
36 690 77 560 828 1095
83 213 781 211 72 266
1164 82 1053 187 1138 1195
1177 877 1067 1161 18 98
1042 882 116 165 261 164
20 856 161 1194 382 879
814 731 114 854 100 820
1165 713 616 219 36 625
85 1073 515 56 811 580
398 1148 32 846 1026 142
463 880 706 821 936 328
178 567 229 760 203 43
473 631 941 1179 1163 1174
975 128 70 1149 1074 1024
45 1164 25 830 269 160
95 241 99 724 254 888
170 434 149 125 1143 39
1123 1024 1115 975 69 150
774 813 205 913 377 928
103 1100 116 410 31 91
1147 678 81 1161 984 50
65 847 1039 1130 181 128
1147 859 754 186 93 651
927 627 437 1184 108 852
1106 1178 199 1172 733 489
6 165 10 747 215 738
77 1025 46 125 952 450
115 113 66 137 103 228
993 146 379 17 197 192
805 941 81 611 491 1
1115 67 1168 1122 163 72
404 1127 761 1090 725 789
683 658 1056 59 600 10
1055 85 769 99 580 219
810 1096 1188 1132 1049 1072
500 186 764 200 102 618
762 253 168 883 192 18
1091 448 1190 243 974 1073
273 170 138 644 1105 131
218 608 509 211 819 582
