783 1018 257 617 478 693
988 1050 886 1115 255 50
161 168 987 1162 118 33
1155 8 180 126 718 1085
544 775 1088 758 1075 164
988 1072 687 1 716 1048
646 188 1170 463 74 500
109 1154 1141 210 203 741
1068 194 984 1074 96 166
679 1053 21 117 1092 153
560 1106 944 623 68 985
1016 1102 135 762 146 990
875 802 1134 930 94 216
47 874 1105 88 765 340
532 1087 190 1152 979 1136
191 1056 1095 980 207 90
218 263 71 950 693 1066
39 940 171 512 1168 170
1126 1137 895 150 27 324
638 5 1197 594 48 1147
1014 1132 763 160 132 193
287 129 148 658 664 492
1081 133 539 123 105 1161
166 1134 1073 189 215 1189
91 1078 1070 299 367 141
53 573 38 203 1200 617
993 132 1109 20 1089 1191
990 602 1094 788 191 32
167 209 979 1146 567 1184
350 211 1199 1108 812 1150
1002 613 1077 1198 490 161
59 202 339 440 652 114
65 77 127 242 1116 1112
1194 1073 196 108 199 82
1195 178 359 1038 12 1183
592 521 68 69 125 1114
1144 485 992 908 170 456
930 145 137 620 1181 1128
391 1140 96 50 1125 77
1025 98 92 526 1132 315
212 223 75 50 1090 9
89 183 1107 970 832 684
29 1086 964 164 162 1087
760 71 913 1161 795 48
4 1141 1030 975 435 23
640 404 639 219 1003 186
85 86 16 1003 1132 726
75 78 513 80 175 187
138 973 967 994 593 878
4 213 172 196 1026 91
269 755 1171 212 116 95
1163 1162 999 945 57 844
407 58 131 775 581 452
813 94 177 904 1119 887
1131 964 744 1094 60 14
207 1056 84 106 72 190
40 1141 317 211 94 188
732 176 978 428 92 201
497 209 301 211 197 739
114 210 1176 32 181 1096
633 21 488 708 1081 96
64 1126 116 457 1160 1146
28 59 52 103 175 1187
19 205 136 1011 439 27
403 133 1151 724 10 851
717 1142 138 13 62 960
512 1158 741 666 544 200
389 486 25 994 464 210
167 828 774 1037 1050 38
988 89 1152 170 22 767
862 1154 720 160 845 250
202 59 55 467 840 143
26 376 176 967 1078 190
137 1174 1121 1039 540 614
379 159 24 1073 187 120
27 238 21 121 63 946
286 1063 850 954 874 160
1077 728 138 1188 114 1194
1080 1168 125 1112 1089 1197
34 1097 1039 27 1007 114
28 199 561 1070 1105 1190
1174 1171 1148 1018 31 219
718 89 365 482 1074 46
542 102 902 98 1078 799
216 1107 1120 854 72 130
179 366 433 65 201 81
746 344 764 1190 189 800
205 744 17 769 79 36
191 1106 1151 1069 423 884
636 254 840 1068 7 109
1055 232 790 356 123 71
239 1072 73 1090 1118 172
28 133 214 801 197 43
529 1039 304 60 192 702
188 1191 194 959 414 1009
953 353 865 611 826 210
526 1038 170 1181 1162 1123
107 961 1113 17 510 1052
163 728 120 1181 504 873
831 766 951 145 272 916
834 29 1129 111 615 378
691 249 173 86 811 54
126 786 32 82 1168 1111
1069 965 188 94 1016 627
180 98 1162 7 412 1084
149 1131 69 1192 14 176
264 142 141 260 583 1104
941 705 1161 162 1027 98
27 936 909 754 762 396
145 19 921 547 628 560
1098 12 528 605 1197 285
47 212 144 163 348 54
169 1041 385 206 1069 992
31 1012 354 969 149 484
310 786 798 231 1183 11
948 1183 1084 195 13 768
901 129 1178 1167 890 174
163 127 876 1174 1069 936
49 151 689 10 377 1040
116 276 851 1134 1192 221
130 1125 997 548 836 200
37 976 522 507 38 35
1053 479 1143 218 939 1042
857 1187 817 800 955 370
259 1134 156 1108 82 426
179 149 655 869 1125 827
290 1183 48 1133 946 1165
1030 760 837 6 509 909
25 1093 152 59 809 773
603 752 954 885 984 1035
225 574 899 16 522 1049
681 1000 534 943 806 1130
968 178 1141 5 177 1051
332 57 696 1155 123 19
740 1105 104 131 952 738
179 1160 1146 1185 308 852
559 126 794 83 538 879
65 204 546 418 151 1015
8 401 1046 1084 716 90
215 928 180 294 808 1024
990 647 62 1105 62 877
920 441 951 727 12 1115
205 781 336 1098 927 961
183 1137 824 1025 132 331
214 1082 238 102 43 939
213 167 141 1153 532 978
1063 29 111 23 947 401
493 937 941 112 1036 1189
691 1045 334 1131 11 122
1023 1128 1177 383 868 86
777 1064 164 1070 1145 896
166 810 935 42 630 1169
849 258 146 972 252 746
230 263 498 967 8 926
636 773 358 53 954 892
1193 1182 981 157 64 484
1046 158 1153 733 35 52
44 190 625 204 974 69
155 621 505 99 14 815
1153 849 192 1004 338 515
21 345 1132 472 1095 1193
156 721 184 853 1111 272
80 1087 588 631 1089 647
469 1098 789 997 597 134
192 1128 942 421 765 942
713 1082 12 323 49 110
964 642 51 147 902 31
855 777 1114 872 1160 835
158 87 157 953 186 56
197 513 265 124 310 471
1194 183 1180 420 738 86
34 763 67 194 807 1169
1197 743 1069 810 1174 510
164 121 53 1111 178 1080
75 311 158 719 812 207
42 100 215 1075 705 176
525 101 167 33 184 53
270 610 1081 86 316 1080
127 496 474 742 633 37
185 78 104 107 212 436
61 1089 46 800 17 1148
164 13 1157 30 358 977
1070 827 983 597 70 1156
1024 956 42 318 1157 359
281 246 710 266 876 768
498 199 208 143 1166 41
486 670 130 971 1114 825
121 342 149 181 5 168
1097 135 1093 157 780 626
7 527 931 447 883 1054
463 1071 88 141 1188 306
993 798 1096 935 518 612
49 1082 1051 790 635 418
126 769 256 739 243 423
880 1138 475 1156 29 154
197 44 841 62 452 94
45 1092 117 976 99 530
120 221 924 349 697 1163
3 1110 1086 1064 100 171
92 929 1100 1135 120 1196
3 200 59 104 140 1059
675 408 213 469 80 91
193 123 958 571 1087 758
1185 1194 1085 938 200 119
1168 871 124 216 1055 1023
405 1054 140 85 53 433
1185 112 575 993 8 850
202 204 847 1135 1001 213
466 721 31 372 202 152
174 1101 867 1136 205 570
664 883 1169 181 940 22
1154 261 1143 1169 23 5
114 1127 61 102 629 760
1005 1013 826 108 147 559
233 180 431 448 1025 673
73 479 583 1172 925 124
519 1065 1188 216 1193 95
189 1183 639 777 1046 1074
726 1073 107 564 539 1027
686 99 210 186 1041 205
1177 69 106 82 751 1117
394 973 830 180 963 949
457 187 199 959 295 588
362 236 690 109 1138 1088
203 1152 53 842 75 62
462 77 108 100 616 679
143 1186 1018 129 76 980
846 63 481 159 1092 1031
772 828 117 88 772 989
75 718 1168 1147 1026 1186
99 487 565 169 494 1128
748 17 1171 824 1129 884
73 1123 61 552 1169 1017
900 1099 875 58 1015 172
18 5 1032 93 609 207
1184 1149 1139 131 9 332
147 1143 217 81 363 95
1173 150 16 222 1110 838
829 216 977 345 523 833
64 367 153 1120 750 22
256 24 930 585 187 1076
170 33 137 218 215 1159
690 1122 51 237 1048 59
68 949 730 816 58 786
312 134 127 684 996 149
770 702 1066 888 521 644
778 100 933 164 836 1072
1020 1096 47 225 101 891
792 171 852 29 211 158
1029 748 795 683 438 887
735 15 807 824 857 130
1154 771 303 1093 1020 1152
196 651 217 1012 335 1014
984 629 172 1060 449 166
40 1169 139 14 84 958
1105 413 1170 36 1074 688
35 660 44 1166 489 905
106 1125 1086 340 434 1158
213 966 545 119 806 998
322 611 103 156 337 1156
2 888 1070 703 234 620
192 712 503 131 40 188
1143 99 929 81 987 410
1157 734 861 844 1165 654
92 1180 598 350 99 1089
122 166 1141 161 64 125
153 937 1163 1011 185 956
185 169 99 135 162 54
398 192 1164 1127 1079 29
329 119 46 1129 36 193
906 787 90 6 388 183
88 120 15 579 622 685
44 149 937 774 1193 395
1096 1156 66 709 754 913
339 791 27 204 823 1187
948 446 535 1101 152 1037
1188 191 289 929 1138 947
1159 374 732 175 802 1130
445 264 1094 782 79 970
425 59 316 215 1010 105
128 198 406 602 203 1047
422 553 1076 1112 631 733
1102 575 1106 32 155 1152
561 116 207 485 584 87
1144 388 983 180 35 947
889 354 461 4 862 1184
143 1188 1107 432 1151 274
110 384 932 144 124 336
979 63 733 926 41 73
7 202 1120 101 695 750
52 123 621 100 779 642
1150 427 1124 944 184 1192
20 853 230 543 2 651
878 453 982 594 74 792
217 16 181 444 37 749
977 1116 995 656 1180 126
1161 57 351 1193 159 971
258 921 682 70 643 991
118 932 203 978 637 910
1161 265 1114 948 31 659
1200 61 1120 710 11 297
32 78 863 167 1170 1173
791 1062 357 292 758 122
80 953 755 838 763 45
10 1146 508 1166 102 54
131 1076 327 735 25 1110
17 1000 940 119 52 218
903 1016 1064 93 1078 933
848 181 735 934 7 1162
10 835 300 1194 867 1190
88 491 114 1087 8 716
1065 1153 766 973 14 1015
134 978 131 77 1012 1160
1018 218 162 818 778 30
874 1139 419 1173 916 940
171 1140 124 837 476 1170
1065 1163 118 1008 802 81
15 472 836 1157 195 376
1187 1090 89 449 118 1071
557 582 34 1013 380 1151
1079 1015 868 127 381 208
890 84 103 1122 202 938
554 239 995 879 152 749
794 18 271 911 44 1191
896 833 138 201 116 82
838 796 153 792 1103 711
698 251 1138 62 207 1095
5 470 55 1091 28 871
146 745 866 61 774 1145
18 725 1082 1106 138 3
307 1187 1114 160 1073 241
1044 584 574 1033 1184 1003
826 1182 493 663 36 1075
63 61 213 673 50 751
172 941 173 132 242 860
556 731 1104 610 30 181
48 825 669 211 501 60
217 607 90 1149 1195 219
794 23 1031 182 864 78
1041 17 995 1127 1118 1117
1129 628 1129 1120 309 112
752 722 895 1163 149 1096
24 821 1102 99 1047 13
543 448 1107 1029 502 989
598 46 60 63 848 970
390 911 19 742 1199 6
495 77 143 822 1099 1083
55 962 810 711 198 1035
1124 55 63 877 845 918
596 108 291 1098 1088 247
952 1112 1103 189 959 343
1195 153 109 84 103 722
722 154 1088 92 542 1185
1145 531 1028 219 1038 101
171 1085 66 1186 178 371
2 791 1180 398 335 107
57 569 145 205 870 424
1051 382 202 872 200 698
670 97 40 955 1132 26
153 103 170 1077 1014 111
37 1103 844 73 1149 991
1 674 846 478 1109 937
804 558 719 119 751 18
92 349 213 134 100 208
1011 1021 106 62 1028 303
283 215 20 199 307 1118
1164 1086 712 425 922 139
1118 1120 64 131 48 122
581 880 1125 899 393 160
121 54 1160 193 586 764
1172 613 686 318 219 156
55 278 1175 1034 1022 49
118 1162 1116 39 999 945
1075 775 104 1191 939 1009
984 1136 145 125 848 57
1147 898 317 972 1200 137
132 1133 38 240 1134 1108
1027 116 246 243 1085 210
725 1119 1117 537 1138 932
1017 337 128 95 151 706
56 648 1185 759 1072 809
100 477 43 190 362 103
883 870 123 920 1164 634
536 742 195 652 1049 1130
1038 196 330 54 1161 39
1163 1123 35 142 1 1109
15 178 269 237 170 384
1184 182 1165 109 969 783
759 896 105 999 1033 370
1129 1199 15 20 1146 28
76 921 331 460 665 223
54 78 185 26 787 1130
778 793 20 1077 1171 505
1050 520 516 142 1075 1174
273 236 1079 475 680 177
842 342 562 1002 151 47
181 640 88 793 994 174
562 130 1072 161 1104 1179
552 25 1167 1190 951 380
1110 201 188 1185 405 189
1150 618 43 86 1136 483
1142 1026 20 197 939 1108
1002 195 906 102 88 201
563 217 1146 375 1032 732
1076 148 275 103 946 107
6 966 780 907 9 606
64 1180 1200 1184 843 1008
630 893 3 1004 587 776
417 757 56 1098 813 551
941 1095 3 136 395 1097
70 23 7 867 1054 142
908 284 461 146 199 502
122 601 67 1045 66 818
1103 117 410 720 482 409
491 1121 117 208 1124 366
801 591 656 179 700 501
1022 146 1101 173 286 128
420 218 1059 927 130 1098
1148 1004 429 95 191 211
87 1137 1096 137 843 1077
548 74 881 577 24 381
118 347 442 56 176 975
666 171 833 321 1127 2
212 1198 618 161 74 439
861 97 288 726 459 58
456 1052 1167 856 138 1150
1006 1079 113 1177 956 1019
323 1091 761 847 784 8
1094 1116 30 533 1140 91
1068 175 136 816 195 84
573 1084 159 1194 895 209
64 667 754 1151 865 761
126 1130 74 63 1083 154
846 326 296 192 52 175
1145 215 694 723 400 135
37 382 21 1132 130 29
1177 1195 49 435 166 473
11 1115 1115 41 165 150
50 87 905 115 92 1149
454 1135 585 85 1122 329
1155 407 109 662 704 143
1155 1090 176 1021 73 589
819 179 41 13 76 935
593 1166 45 894 913 364
373 416 946 1173 88 747
900 120 863 1184 40 808
11 985 1029 1111 570 649
1167 830 102 71 115 17
1088 144 724 280 174 699
974 140 945 3 193 1081
214 1138 121 67 731 84
128 757 1125 100 1099 729
600 26 319 122 926 215
166 299 1125 1034 668 535
101 182 1119 1145 1109 16
313 45 789 1199 1116 1112
641 52 216 961 81 60
1014 1192 328 509 943 103
64 915 1170 1159 886 194
910 109 139 496 1131 1186
191 460 123 1054 1035 1126
589 319 1045 468 250 76
13 78 1159 174 111 871
173 1072 15 1153 127 1128
1081 903 196 932 1078 889
124 173 156 1071 873 1007
524 185 138 877 1142 1152
976 1020 714 89 68 209
876 1140 21 122 1144 1133
1180 440 1157 111 44 115
220 392 1021 92 830 249
1188 919 634 1179 50 355
1176 270 125 622 104 1008
174 1176 59 412 129 119
511 1071 468 1197 551 1100
1082 182 779 95 707 285
805 1020 360 90 168 80
524 50 755 4 287 1189
825 1182 245 1196 200 174
261 1195 194 436 98 68
187 5 148 1135 817 920
1165 966 1111 36 188 1030
955 57 985 114 105 998
1097 1075 119 1006 797 1109
1132 1199 282 28 864 279
1040 494 1073 33 805 129
322 1151 547 201 831 1034
302 1098 257 112 986 1100
764 187 1070 26 1123 199
65 76 48 111 795 399
368 717 85 945 161 20
982 1170 214 96 193 834
1109 178 194 203 61 117
703 788 950 1158 1003 1055
619 528 72 1178 982 224
1047 346 1156 79 644 807
309 665 51 993 96 154
1175 965 834 191 701 925
56 155 1077 924 1058 1103
729 701 1190 140 177 915
942 71 248 259 811 87
67 83 685 66 885 443
952 305 262 106 998 938
1197 961 51 267 121 219
689 1107 1127 56 915 592
1199 7 47 1078 1116 94
115 1113 674 186 507 40
653 208 879 1183 1070 58
341 419 1172 48 1141 1144
859 943 247 151 1126 241
163 52 886 567 947 1157
1052 1036 1137 745 1121 224
132 1136 624 152 369 782
295 736 1051 839 1 851
134 18 955 1178 200 306
172 1010 163 132 110 304
148 1037 311 1189 1147 1115
151 374 952 576 766 453
176 1060 1100 9 801 116
97 139 214 850 627 989
706 906 21 1024 1145 1048
19 415 365 518 554 1173
129 1165 1116 965 298 1160
83 1133 579 1002 917 86
320 662 437 556 525 1080
208 49 821 663 1115 681
198 93 394 1010 1111 68
56 869 182 233 2 578
657 1081 252 1117 595 1057
266 343 1093 756 1175 586
736 823 753 606 198 928
1102 39 206 38 119 1196
904 205 6 729 42 162
987 765 546 1008 599 70
903 182 677 34 569 1108
1196 821 600 89 788 927
1055 1158 37 499 402 1085
150 446 101 34 1185 326
467 1160 129 829 744 15
1009 1190 894 172 1168 133
1119 1107 137 958 831 434
812 341 672 715 293 33
93 637 1039 353 736 856
973 1128 167 1076 83 145
1122 933 972 41 881 1104
173 1102 590 312 43 503
969 1183 396 82 1091 996
654 169 1149 97 109 1196
186 31 980 174 1164 69
672 822 1187 841 1175 62
292 186 587 1083 168 40
1149 56 1189 172 133 154
935 1106 111 1200 1028 144
18 22 953 928 179 1155
1149 117 321 1069 36 296
1195 305 923 1091 868 90
909 1084 1104 988 133 1037
411 140 53 1057 159 346
1066 1007 165 1076 209 1135
1134 76 1043 1154 1182 217
771 840 227 1143 134 151
175 970 6 116 38 1104
517 699 944 1086 772 708
1074 1095 189 828 1059 1001
756 1102 189 781 1196 191
60 804 839 1193 187 815
80 137 153 79 1 411
184 1085 136 820 167 770
1004 725 1036 150 1135 101
1065 188 147 268 301 91
97 545 314 465 1142 882
47 1046 687 168 18 206
7 1172 196 781 743 10
771 761 967 81 780 746
1105 481 827 968 1174 138
480 1124 965 387 226 578
400 506 177 873 113 65
650 186 1200 132 1033 424
713 1080 1127 715 409 51
1108 1156 1086 430 981 1141
313 293 891 277 278 750
72 753 118 866 1062 768
515 646 155 31 624 814
177 369 253 1186 201 193
1198 1105 214 1025 773 158
57 1124 604 741 1186 985
1035 377 1061 89 232 1052
1139 180 1104 892 25 1167
294 668 1182 110 459 2
969 477 1138 65 455 142
97 128 971 155 1030 210
454 549 866 458 986 814
723 173 150 110 193 168
104 1110 390 572 476 1139
1032 1187 676 749 678 121
300 72 23 371 212 168
847 87 1090 653 308 87
387 1117 1147 320 1182 113
1043 429 13 184 1045 1095
145 1175 22 1117 566 790
