196 742 1144 130 601 212
1187 1020 1098 74 209 501
1003 684 980 32 141 1139
170 228 171 76 938 93
36 843 929 3 878 158
983 177 157 696 363 141
192 1193 77 1127 919 182
1142 523 4 1030 54 946
1070 272 869 965 432 148
380 101 367 1128 1035 784
1172 940 705 119 103 189
864 10 1086 736 1191 1092
205 486 159 927 99 30
719 116 1068 652 1171 1083
886 1022 1037 97 932 756
5 263 129 106 1031 888
271 1200 181 592 975 1196
196 498 127 115 1189 162
26 851 1021 156 275 319
1095 11 860 1137 651 147
140 382 137 1143 176 1184
212 210 2 97 29 952
91 580 994 816 106 98
1048 833 200 1172 1109 314
18 563 83 70 354 76
1137 956 55 9 1100 128
838 520 1078 1007 7 210
136 920 1048 18 1077 161
316 1194 953 1145 928 1116
193 185 1003 144 1139 698
143 194 1018 211 161 1046
988 490 242 86 141 775
1161 1076 16 120 1110 67
931 113 115 1151 407 775
1129 139 1100 131 176 129
1191 384 972 157 1042 369
622 1092 89 1126 741 416
1077 1042 858 925 1144 540
340 1101 218 65 1159 59
1147 29 1196 36 746 164
461 473 668 1054 310 99
195 313 1152 1055 193 152
203 1044 171 107 1087 195
1046 788 99 1128 163 49
45 543 91 1024 821 997
998 728 208 193 613 170
456 122 960 34 903 324
599 108 206 1026 187 1132
386 491 669 517 1182 70
191 94 1052 145 718 14
951 2 1151 150 66 1104
225 19 835 869 303 263
1193 64 1052 615 646 753
676 47 1175 1168 1035 80
455 35 666 106 1113 84
21 1120 870 605 174 706
76 1184 1165 1151 184 1179
200 1030 50 466 292 152
855 176 23 4 196 930
802 45 1119 73 80 156
502 37 647 183 136 513
112 1013 213 206 121 1119
273 100 146 188 823 778
1182 612 161 1054 1037 247
26 864 1107 15 185 657
161 1176 129 125 1066 1146
1185 850 979 64 1141 1110
111 603 1029 622 845 538
371 1071 1043 495 1023 70
164 728 1123 937 159 735
1154 826 78 743 478 62
79 1196 115 315 924 796
1186 909 274 360 67 1082
765 33 692 877 1174 47
40 721 298 952 491 439
1064 1096 203 497 990 158
737 216 1193 786 260 1166
807 422 1150 398 832 96
794 926 991 1059 144 107
196 154 35 733 803 254
62 172 689 123 43 81
152 188 1072 1126 138 957
109 444 1188 179 1079 151
95 1128 205 700 650 9
91 1088 578 1116 139 778
1073 333 173 85 23 834
82 1019 258 862 34 171
209 726 721 1200 132 616
736 170 177 807 51 7
1134 1103 704 16 391 16
1139 204 984 1049 988 153
840 61 144 774 1150 1063
677 71 819 29 1085 954
734 182 185 919 1165 1050
1093 259 76 883 80 309
149 778 1082 1147 164 542
901 1124 648 973 609 1135
570 824 954 192 187 1130
139 30 1195 42 329 776
110 266 170 784 962 4
871 107 769 614 898 566
1135 330 22 125 86 199
139 33 60 207 1036 1172
903 1016 139 1170 199 656
33 137 196 162 8 1180
506 896 478 378 16 805
320 1170 1117 593 214 31
75 74 212 262 595 1025
317 48 557 57 195 661
1112 35 544 96 58 180
1173 148 1021 987 374 28
124 5 911 51 93 709
217 403 112 848 63 213
151 87 795 39 1178 197
772 1192 635 5 1005 210
830 943 1097 1107 1001 866
629 105 22 788 1003 722
297 1095 1067 174 859 200
129 932 160 1169 30 984
1016 1192 69 165 1086 777
1196 1070 110 781 54 471
796 1184 880 1111 1144 1073
1127 284 1169 1168 1111 687
2 740 1009 219 39 979
981 1070 964 247 1066 200
142 53 327 1103 479 2
1115 1076 1045 691 1167 167
251 5 740 1086 253 523
1168 134 1114 304 1163 113
485 48 424 135 728 343
917 64 771 1137 268 1199
719 692 128 382 1102 568
244 7 1118 235 785 772
721 1041 49 136 761 372
29 602 38 1119 21 1036
830 720 1083 201 445 40
1087 190 1032 146 972 1050
934 352 975 877 320 126
156 485 863 1072 218 1029
731 1 1162 73 1139 342
101 58 813 1076 1157 447
1074 1003 807 688 1153 991
219 1076 824 754 1090 460
362 594 81 69 955 400
1159 22 25 730 785 150
916 337 117 130 1199 194
292 1180 1064 141 1067 140
636 117 995 100 116 11
1014 1098 1191 924 580 1192
1089 400 772 85 681 579
701 956 467 90 126 633
36 797 104 1137 13 550
1097 294 833 240 294 335
91 37 83 43 1170 852
509 148 1080 646 41 138
433 172 978 191 865 198
18 90 714 884 964 44
426 1097 446 993 825 77
800 169 64 746 376 406
142 1157 197 1106 1075 201
1149 201 516 22 299 890
1092 413 40 1149 1063 104
785 1116 140 88 1075 1182
67 270 459 618 7 756
677 250 1131 1033 679 922
1014 760 119 50 1038 85
59 1155 26 541 609 873
204 381 152 496 739 705
1177 123 151 66 1189 1152
311 739 54 17 17 762
1035 108 907 856 674 52
34 644 83 832 942 716
1093 42 1127 1043 895 158
166 43 433 992 973 1181
8 836 266 1081 1199 171
627 258 28 155 999 909
1149 1163 841 977 114 59
1184 1105 100 923 146 616
1156 234 66 103 161 759
966 621 183 782 219 527
132 903 684 1141 946 165
1126 676 549 119 1113 112
171 821 79 145 1008 1000
1146 835 105 402 895 37
350 641 191 1172 74 639
116 157 854 106 185 440
29 476 188 468 640 313
852 183 16 102 183 227
11 275 98 517 70 759
1195 27 799 143 702 121
1090 878 841 558 1178 118
1187 217 706 1075 91 89
1197 458 59 1177 201 91
18 1004 152 79 203 623
1160 140 953 1168 1007 1118
882 68 789 1103 40 147
1025 14 462 311 727 1162
947 1197 328 381 62 72
518 1030 1039 63 404 162
132 733 1194 361 49 63
180 315 847 154 535 1149
1027 959 823 79 113 197
84 355 105 943 694 1075
327 69 912 190 750 128
205 312 409 12 255 1120
963 826 802 911 1046 1140
171 307 821 99 81 103
140 1176 931 322 1157 1075
181 245 1161 404 1002 359
155 145 786 410 15 1148
1023 43 949 746 38 1092
781 940 71 101 776 944
1094 1123 788 164 38 73
1189 269 53 1155 1072 253
1127 83 100 690 767 210
522 119 1010 1144 1193 1140
983 868 35 432 800 992
872 89 1095 837 188 278
417 36 202 10 287 166
944 933 60 1109 175 191
1163 89 573 631 910 511
1084 97 129 32 1061 624
131 1133 332 773 168 353
1013 67 21 810 1180 1106
1194 1075 763 525 853 406
1131 1129 1185 884 175 481
154 532 199 123 148 9
760 122 147 53 936 477
259 879 114 992 1105 607
1145 147 1120 939 149 1018
437 90 964 264 22 569
693 968 496 556 228 122
63 598 314 896 158 1158
118 1190 47 105 7 181
31 1106 1150 483 8 941
395 139 647 933 276 35
1133 1070 119 738 1081 980
127 88 804 494 46 175
197 1002 28 198 55 1190
1107 143 487 548 194 621
820 201 175 1073 824 218
157 121 1167 726 818 1072
264 52 1172 1109 820 912
31 244 1185 1075 1084 563
1099 149 1028 172 27 856
422 201 72 148 163 398
58 645 96 1040 174 93
660 194 955 1037 1042 124
114 489 124 629 1121 1137
1006 1088 1114 27 227 97
1 993 1098 133 1046 189
168 503 124 1168 82 1094
336 105 1083 875 1060 135
150 49 339 784 499 762
1103 1127 463 350 177 127
302 1047 39 330 627 679
711 133 119 661 845 827
132 904 28 1159 233 1081
191 123 576 103 155 8
189 989 115 1083 45 344
118 161 1177 122 301 1149
702 1200 992 190 464 584
938 284 104 277 83 201
793 167 529 77 1032 184
139 95 1145 1171 642 716
72 682 1164 168 1117 1132
153 87 1158 236 70 374
1094 508 1176 1058 1169 160
62 196 995 531 791 913
78 1160 82 960 1194 1081
1107 74 1079 27 198 701
1102 561 480 229 534 434
207 418 160 914 163 1017
1052 974 1183 437 490 277
399 159 664 206 108 816
1059 279 61 219 138 823
1083 738 134 811 812 474
360 680 17 20 851 125
1198 528 697 1179 296 971
41 194 482 396 365 544
97 1141 198 948 7 1027
1090 1051 567 900 901 591
210 21 967 488 207 1070
331 742 628 1157 209 919
46 214 1161 217 988 158
337 936 36 91 634 349
939 774 110 182 637 1130
494 1180 87 989 505 286
1094 1143 1066 1058 1161 44
1149 256 120 457 1096 887
849 111 1004 1134 608 428
36 89 958 63 882 176
203 105 1173 132 1099 420
156 631 1091 1093 94 1077
37 149 6 1122 500 169
540 946 1166 971 72 583
158 364 1069 183 1068 179
626 945 1106 181 1191 203
985 1135 818 883 141 991
43 108 581 1027 261 1156
316 595 878 1155 34 133
10 1111 214 726 779 1079
213 23 906 1 357 995
1185 1019 69 305 302 216
611 457 159 651 358 667
45 369 87 554 138 1186
436 21 876 780 859 1117
899 197 389 565 1187 128
809 125 932 60 97 1170
1120 370 935 18 933 559
26 596 1132 831 1081 1008
871 649 1175 49 585 1010
1184 545 567 1132 1097 752
184 984 776 799 90 1148
99 924 1064 1088 829 1021
1036 761 164 1011 56 1074
187 348 880 708 757 444
996 300 226 1080 207 681
482 828 20 25 885 207
1094 635 851 62 644 149
1044 1120 342 124 191 69
64 751 1092 58 1038 95
208 1055 835 130 1089 1150
65 1177 578 866 1027 102
809 816 1061 1144 128 724
663 184 33 1179 12 177
1082 713 112 38 1102 213
16 1024 839 925 1124 1162
117 650 211 1113 10 98
3 671 393 967 551 1153
942 145 1106 209 953 45
1047 60 940 976 130 73
974 216 840 507 96 9
963 17 1186 109 87 29
46 808 1176 118 1112 66
1154 100 1195 334 745 806
159 14 655 408 188 109
1150 729 178 205 298 106
60 1146 1050 126 1138 773
453 1154 617 117 477 710
73 797 1053 750 858 438
1101 939 951 1200 1069 575
892 961 810 1198 900 143
1095 453 1142 56 902 139
1048 1082 1143 725 20 187
1060 417 372 189 747 54
65 867 33 1135 1146 291
895 17 1066 178 54 176
1197 1072 331 445 92 1042
8 1113 125 982 917 132
105 905 1164 51 451 1131
211 450 1080 113 27 792
769 429 129 857 150 1189
1102 88 846 153 117 99
1164 472 241 968 164 615
843 891 1187 72 214 415
1096 783 6 749 1183 112
922 1100 449 1148 697 1109
1191 48 934 214 1122 204
40 1152 190 430 1108 869
657 1063 1188 120 368 573
1199 356 194 1104 212 1018
989 3 335 4 951 57
1057 82 209 1085 66 154
204 16 97 279 188 805
32 987 1069 192 757 172
21 319 526 1110 24 154
234 96 56 625 4 513
1163 46 1129 143 1190 1107
242 926 653 665 204 89
200 399 605 1068 504 235
98 186 351 1197 82 219
388 883 628 24 606 1071
864 1145 106 65 178 1185
753 703 1002 1194 132 59
1053 103 1148 986 655 1163
451 155 1070 804 42 1119
857 1100 1112 1117 118 1141
794 206 630 949 1125 545
1080 27 162 945 1196 1097
1140 945 626 183 25 967
994 85 493 157 1199 218
764 1174 931 53 1058 1012
850 293 1174 75 678 375
1168 80 305 177 731 1072
77 962 323 1179 943 996
951 536 1198 76 965 998
973 131 686 976 385 1002
98 1080 21 939 401 1143
74 290 15 39 145 167
95 49 1191 2 827 1007
1171 87 1026 1174 71 806
133 221 401 559 1113 113
603 640 1078 982 935 827
1082 1025 1 121 322 1057
808 1062 46 286 212 209
733 1077 103 363 752 751
196 891 658 165 521 1147
1119 215 901 282 1180 520
962 102 969 306 152 15
9 156 541 1 348 1173
964 1052 42 817 443 1199
321 965 999 1083 564 1145
186 352 790 216 1118 1197
1011 104 170 766 1192 1104
332 1134 803 186 1089 1153
76 232 551 94 1166 213
113 55 987 653 211 50
1110 1017 40 1044 353 467
31 98 1126 208 28 1123
815 598 857 118 106 71
42 20 734 388 952 1109
1132 1061 999 719 181 421
217 909 814 1072 131 1100
755 24 997 43 1186 528
115 938 543 715 841 1108
1115 1005 802 1087 63 1078
1196 1034 906 153 1125 455
161 48 935 88 144 48
190 506 133 78 270 177
77 1100 345 411 54 1144
1009 17 222 1071 135 62
126 256 423 962 84 767
144 202 1149 1017 636 123
994 56 1023 678 396 1105
357 568 216 202 777 99
685 109 181 1154 1147 948
1014 834 160 959 299 288
929 169 1133 723 1143 488
730 1122 1117 1159 1181 1055
424 85 877 1167 30 1019
94 217 137 3 1115 711
274 938 1047 91 65 120
934 24 217 5 588 766
1099 171 34 1195 606 194
60 1194 1015 1078 744 1166
1187 1143 217 1181 113 565
1179 216 930 180 918 121
1158 585 1 867 977 80
649 72 789 169 515 231
926 30 173 215 303 978
1096 1073 52 23 1015 122
189 175 862 1190 448 79
83 257 768 427 1142 373
1096 941 1151 1189 209 814
162 187 976 583 154 1076
78 1097 634 1047 391 30
197 1049 185 44 664 56
696 789 152 386 173 127
441 981 844 188 1065 389
1085 579 507 84 1165 60
819 1092 435 243 1171 1141
208 768 587 1114 220 1143
1031 200 1163 68 63 1151
182 862 59 1139 887 892
344 160 56 918 93 215
179 740 1166 78 1089 970
109 107 672 572 801 441
620 24 894 276 1088 1200
240 153 1006 442 1038 965
249 6 365 682 800 1074
185 907 61 625 208 861
1087 1145 101 885 554 712
118 140 1133 812 1108 1035
309 748 339 84 500 758
819 83 63 698 44 69
1157 811 179 947 897 1137
1173 17 588 434 1192 25
1093 183 362 190 555 1168
1182 836 582 130 764 1093
92 670 980 947 283 1153
796 39 58 191 9 46
98 1041 509 149 6 387
19 659 974 180 515 1183
20 505 93 779 1057 533
884 848 1156 452 1113 20
186 1126 159 207 1198 1011
950 1057 197 707 777 799
527 102 1128 150 133 591
128 4 77 359 192 48
218 55 1136 154 219 798
1184 341 1151 143 801 581
988 1115 130 555 1051 872
831 729 148 170 135 1130
191 923 109 1098 756 159
338 1024 630 1123 976 51
535 1043 1165 1028 1028 211
1166 226 671 1121 927 1105
137 211 1166 221 613 18
308 468 117 56 189 808
127 489 930 1130 723 1161
5 549 31 384 1154 1131
1178 1188 1169 1051 116 1118
1112 803 22 27 4 173
1175 346 168 197 419 1045
560 301 928 645 66 743
991 1152 934 379 126 1086
456 683 870 397 546 996
914 993 151 48 734 526
26 166 764 212 1163 224
134 1015 206 944 142 770
450 927 1121 214 42 601
1016 96 902 1100 69 459
492 207 395 842 1070 888
1182 1164 969 394 1200 898
165 1031 282 95 92 547
278 1134 1156 122 742 87
1196 1153 1045 420 143 1095
249 532 1086 214 1106 1026
1152 202 155 954 1194 638
572 248 366 1121 1064 1091
45 880 521 25 68 108
508 590 291 643 975 814
174 295 6 1099 12 157
184 620 1179 390 943 9
1125 52 109 118 959 195
159 48 510 703 574 73
1129 92 1073 474 867 61
1133 820 1078 632 725 47
1053 94 846 750 484 219
732 614 141 175 783 1193
1125 1019 1138 725 81 1108
547 1187 68 121 347 1154
88 51 771 349 341 66
1005 114 1172 887 855 1108
1141 497 71 1110 193 886
203 1103 834 1134 385 1101
1169 112 383 439 967 1107
238 173 1176 454 175 449
79 93 797 75 59 162
9 102 902 428 36 981
745 147 845 213 654 1155
1144 906 421 1185 11 47
202 1146 156 427 107 931
172 55 892 1071 366 70
1193 688 957 986 1012 1090
716 715 908 961 916 1104
102 534 74 576 149 138
952 1020 722 868 304 921
1167 960 237 958 594 1011
435 714 695 30 619 981
111 77 1123 847 817 782
1190 245 586 145 199 27
53 103 1182 916 1084 536
822 1120 767 88 90 1114
1172 246 370 68 150 1053
1159 15 969 512 187 1164
142 80 225 466 340 394
354 1200 469 110 166 208
737 167 1119 1176 1108 530
174 12 14 43 492 47
216 50 267 881 1115 37
539 163 763 945 413 134
937 79 373 50 33 1148
1126 392 1151 326 131 956
1069 1188 548 1054 754 966
148 1067 611 345 283 1033
146 1127 1016 1128 815 608
1030 970 54 1181 167 1091
37 1069 11 900 1162 971
1164 186 188 744 452 593
7 185 25 1157 123 1177
1125 24 145 792 760 124
1116 185 115 674 28 1160
462 552 1161 1124 641 469
1147 1173 875 1068 787 1190
1134 1089 1012 178 101 985
96 1099 2 60 1180 158
200 844 215 718 7 156
3 297 1087 882 724 204
889 950 531 86 1153 195
689 1086 1160 717 177 19
1131 120 199 440 1071 167
198 1048 86 1142 937 1178
738 1109 200 1029 1024 84
695 134 130 758 261 162
898 1150 890 167 1101 1074
1079 106 915 642 577 495
1040 829 296 1184 667 67
151 135 604 1188 861 564
1036 1033 280 13 1181 856
741 735 680 217 1117 921
1158 73 889 849 47 1
136 18 885 79 19 223
836 879 325 145 1004 198
178 136 1054 205 1074 375
844 999 218 873 55 470
165 206 683 411 1139 25
216 1085 1176 201 230 648
237 980 1135 328 5 1101
377 893 29 265 90 10
886 1065 978 1171 1031 1078
1156 958 1074 135 950 6
1189 169 168 1155 358 1147
905 658 529 393 587 192
37 172 1189 199 165 93
1162 1063 172 41 42 1095
46 1049 1174 730 81 791
714 539 850 1136 1084 447
825 1032 1118 208 1121 137
