437 1003 1104 40 968 18
902 294 145 459 749 1145
35 959 170 1154 1118 1189
1119 967 105 53 758 869
436 73 1023 1015 990 1157
103 17 38 972 1070 539
214 252 812 778 72 20
170 897 25 723 206 285
1030 464 131 963 891 1122
1169 189 1052 1087 886 848
553 1001 49 1143 47 97
649 618 18 991 1099 1064
899 162 1112 494 134 1138
1003 171 130 637 27 239
57 917 1134 890 1171 616
665 94 32 413 11 51
504 842 851 1185 507 599
731 577 29 67 870 32
1018 619 734 1027 981 29
1076 7 70 314 622 741
1058 178 1181 414 819 360
1117 1099 150 1177 580 198
895 859 153 357 33 1031
610 604 175 389 902 1146
960 279 42 335 1088 76
1089 264 385 802 607 11
1197 469 1185 44 1145 125
1174 1007 516 151 878 1136
892 852 124 390 1104 1112
886 1153 949 82 641 376
1170 212 715 1133 1081 1183
837 24 1109 212 985 1060
110 1078 207 1148 1146 28
940 1036 880 935 162 472
22 832 54 764 3 398
526 438 1079 1188 759 35
197 216 1069 800 995 432
575 1000 954 1014 969 1139
159 140 917 792 53 98
8 1048 61 1131 815 738
1195 508 114 315 1084 694
233 216 498 144 169 479
405 404 969 1097 89 875
150 987 561 720 1108 208
211 987 307 997 752 1146
951 113 632 599 952 866
1178 356 210 273 130 1045
775 145 251 1149 1196 1120
713 275 366 1105 167 161
1128 585 27 626 170 52
1184 383 218 1145 972 57
1135 1168 1148 667 83 210
1100 643 149 838 67 641
577 136 43 97 199 83
1095 793 833 1180 151 1025
23 1165 971 186 797 14
266 1169 950 48 618 247
861 1168 554 1063 138 774
975 240 631 908 690 188
329 1181 988 1115 39 1083
177 280 187 932 108 742
1168 586 117 225 722 37
143 327 206 78 95 54
120 237 234 1150 591 1105
376 747 533 131 914 369
45 261 930 652 77 1008
633 866 1023 29 892 1073
1149 1117 1085 1028 1160 1157
178 855 1087 217 725 1062
142 724 994 441 1028 253
134 109 143 1052 525 339
495 579 1148 48 826 100
473 1139 613 152 1156 1199
122 128 16 114 104 200
25 52 1132 348 692 975
770 1126 326 322 318 3
782 936 167 23 136 4
83 1158 1058 1057 871 873
747 975 224 48 1186 33
1171 192 1095 1037 175 159
829 1169 13 1151 123 1006
93 1070 1031 210 721 179
292 966 615 124 1143 979
52 284 227 259 1149 836
1158 84 1163 202 257 199
1044 487 2 185 29 1163
173 1066 1114 574 107 513
832 296 467 1126 1189 798
900 1061 9 916 65 739
168 883 635 366 972 1158
1109 101 1090 817 994 855
700 982 383 764 869 904
589 511 635 749 1070 79
186 17 428 1045 735 946
118 196 1115 1199 7 893
156 1189 90 1141 1125 177
197 1073 1120 1185 1061 746
6 782 1123 1 1116 541
1182 167 673 92 260 1181
738 704 1122 18 1055 791
151 654 455 796 184 1077
56 155 122 1105 316 183
1138 724 995 1160 1106 156
159 206 11 712 155 507
452 167 1189 737 6 291
1004 162 1092 465 615 993
1163 1016 4 851 788 179
188 908 117 65 399 837
14 205 131 670 779 33
1164 205 144 753 664 1062
69 165 806 1190 542 104
195 552 231 1017 754 52
796 6 1110 1138 166 1117
523 792 411 16 173 41
877 219 556 81 187 754
1091 1173 94 203 155 141
1020 243 463 87 1168 42
956 1176 168 942 154 98
195 215 357 1174 1161 79
449 132 934 646 1053 336
468 933 340 472 371 172
1160 1148 1160 916 93 590
454 1079 872 54 1175 932
718 593 1178 834 633 180
162 59 5 51 142 254
1134 14 1136 1123 596 26
1083 199 157 743 1026 515
1083 1193 21 298 77 943
1167 1144 1178 856 1121 1033
206 71 980 408 1168 955
766 1010 880 68 1076 515
963 80 207 1011 1167 752
682 830 1153 948 808 106
211 266 76 478 1057 693
899 604 353 274 86 101
828 143 627 776 102 1020
581 196 418 94 912 207
15 1013 1158 610 9 101
139 103 199 688 988 716
249 184 6 43 931 281
670 297 1190 65 790 666
406 881 418 29 80 1199
352 1024 44 814 20 48
1071 208 54 22 1014 824
754 183 75 1088 1093 448
131 1119 1196 342 854 858
81 1074 1079 545 663 1133
394 91 223 178 1093 190
212 15 1070 271 1165 45
1127 884 53 448 61 278
868 141 1023 138 412 1111
179 62 1013 181 401 638
986 242 1089 161 170 1144
26 554 787 576 903 113
135 784 624 59 22 14
115 1182 210 987 1194 1042
355 961 838 948 1152 373
1070 486 656 766 206 15
16 71 1021 100 344 162
664 111 986 34 1148 328
455 1185 63 853 896 974
176 1156 23 848 34 60
123 85 199 1200 6 194
442 148 573 580 904 981
1172 535 630 107 1104 374
1140 729 1122 1069 349 1129
331 1094 882 62 592 331
198 47 1010 168 460 1069
132 1144 1098 1117 153 22
140 845 40 709 1176 229
180 89 19 21 41 1142
212 70 48 912 1149 722
32 520 2 748 126 771
162 1165 221 892 769 207
943 1080 9 1121 181 666
1130 158 43 1067 745 730
125 6 175 1176 544 11
842 117 1119 375 1110 1173
166 236 114 1 1168 807
982 579 401 707 1106 530
1104 1063 1142 93 64 21
3 1133 172 987 38 156
26 173 48 768 1194 1150
98 685 647 76 46 14
188 850 31 901 1192 150
967 190 903 269 1130 1008
249 111 78 18 193 803
108 93 794 125 140 207
211 25 256 78 450 13
201 1134 63 860 216 1178
140 166 119 1060 928 232
1162 79 49 1102 53 196
674 415 1103 89 1109 586
731 909 443 470 216 1032
823 941 986 105 1157 1040
309 1 1183 93 1023 1113
540 396 365 951 874 672
195 1138 678 347 134 1126
187 179 164 1022 1108 545
90 201 913 1065 559 960
88 1038 551 447 47 745
122 1054 207 113 724 991
991 121 193 650 44 1198
937 201 883 165 1069 1009
159 1099 428 282 163 962
482 936 10 1156 696 1181
86 110 9 858 1170 86
415 1092 62 891 1156 1084
1147 549 1172 99 177 235
37 809 963 601 759 1096
162 12 88 181 902 536
939 1105 697 901 210 1047
124 1009 1162 60 1072 172
723 1042 203 291 1061 929
3 909 651 316 19 502
1195 661 927 491 1098 552
956 7 535 1032 84 7
30 626 64 1074 203 1092
1161 933 213 1030 1114 805
214 176 733 169 927 97
96 99 493 1159 779 757
180 132 191 1010 1129 62
1077 205 171 345 997 1068
103 1180 1180 829 805 959
117 1132 55 232 961 1065
75 71 170 553 100 150
1112 103 667 122 1192 153
90 802 1141 58 1152 206
994 113 924 1154 1105 64
521 1082 855 424 453 1097
134 221 11 9 823 629
1126 424 846 1029 130 1124
1150 151 78 560 220 909
450 1111 484 1156 1129 102
990 1097 1100 1101 268 206
160 129 122 1196 1064 1184
938 97 1130 1150 751 1003
562 705 190 182 786 21
95 683 1177 80 32 675
1119 168 905 1170 176 784
1085 777 1140 1091 951 426
922 757 85 1125 129 1180
1110 1090 54 192 115 1117
104 1002 970 1150 58 1113
1 975 520 116 126 22
776 1154 709 1080 422 82
84 54 98 882 1071 663
1097 1186 1170 1155 174 1198
736 67 108 681 594 889
1113 336 1012 1094 1134 1034
1078 498 128 27 920 595
660 919 312 370 172 616
71 75 719 77 309 192
1140 141 971 480 1088 119
14 112 229 391 8 745
147 31 509 547 1030 505
1058 33 151 213 532 471
1007 127 397 215 1067 738
36 1106 28 1156 876 1143
944 2 193 1160 1165 96
114 763 179 761 1125 525
917 445 78 539 330 692
226 54 852 141 788 123
1041 973 42 290 702 872
76 500 955 896 680 154
1071 269 511 166 537 205
146 110 659 179 211 783
466 319 195 367 208 176
752 970 846 368 158 155
11 157 60 588 301 99
9 31 1181 737 16 845
1043 1123 1195 483 988 486
1095 47 988 642 812 930
310 306 758 17 935 5
1139 33 15 77 81 435
76 377 653 893 175 311
1180 286 945 59 215 183
735 962 907 876 43 94
676 1143 687 355 1026 891
890 144 3 1116 928 998
47 557 98 39 358 295
921 832 183 911 1040 138
999 1068 89 1158 148 793
1164 189 92 1165 995 390
538 195 116 938 25 206
219 175 421 106 474 1166
190 188 977 98 686 4
283 126 431 292 510 674
600 527 1094 238 116 1071
691 137 169 174 40 332
1070 696 141 1131 1115 147
780 915 216 887 473 1101
57 250 861 964 132 873
718 644 1170 163 562 1119
673 1099 444 743 228 28
398 477 4 151 154 459
425 56 241 67 157 67
879 255 140 91 1173 189
890 920 1048 1154 161 977
1079 608 609 87 839 56
1169 1129 1145 866 1013 741
136 772 81 102 1106 499
955 456 55 1057 153 824
1009 89 124 188 148 152
149 712 198 617 341 974
1131 130 36 1129 163 915
1094 13 784 1008 1097 1026
953 109 1004 164 698 337
180 903 1006 1146 744 46
146 1188 1157 523 1166 416
106 63 71 744 306 133
247 321 18 657 19 13
17 568 137 23 25 270
463 91 804 310 81 118
715 142 1125 99 611 98
1053 1147 129 88 222 726
219 1116 197 1166 566 1007
65 116 50 728 160 119
371 1069 1107 218 198 1195
959 127 818 1001 41 70
1131 191 91 854 1176 2
1161 1135 952 870 736 1127
339 1029 61 682 68 464
90 123 246 1102 50 1171
10 36 87 1179 190 878
46 1031 916 1041 56 976
96 1167 512 55 209 104
611 196 753 163 910 1147
1086 104 1111 725 1047 929
1050 173 225 974 858 1110
184 958 236 1029 388 862
1087 195 1019 184 791 7
180 97 76 149 606 923
939 75 730 362 565 1134
1186 39 144 279 979 1130
1142 961 176 1174 95 1047
51 80 146 992 612 134
976 1075 649 1198 12 551
160 660 77 125 827 543
1125 160 658 65 105 1018
1107 157 942 1136 1072 80
40 502 449 940 829 150
69 139 837 958 1166 173
109 1109 1031 159 62 33
623 121 1078 133 171 132
66 953 417 61 384 1126
20 53 263 938 475 90
820 755 1138 95 1069 127
1200 824 1194 813 478 1073
1085 1193 1120 41 1157 569
161 1172 285 156 506 175
434 23 803 1051 993 429
974 1136 825 194 1172 1138
1084 88 506 118 299 187
180 95 732 113 1121 113
1153 192 25 819 1081 1127
32 1161 123 137 1048 57
850 258 843 103 1087 1081
71 1110 1114 199 262 1101
305 10 726 1188 898 313
1076 55 27 526 1132 1005
2 83 201 321 998 20
950 126 60 1141 947 110
65 1102 701 1177 63 170
943 434 1065 1152 10 1016
644 38 74 1094 73 510
1191 956 49 115 1155 106
209 51 1022 127 46 57
1053 625 723 446 489 72
818 517 766 799 756 897
555 957 89 1046 889 118
1183 964 334 1191 369 684
995 695 180 1197 1096 489
152 905 186 46 803 75
994 265 111 984 411 1188
420 1141 31 39 742 1091
135 572 195 420 1171 662
781 58 1184 158 840 139
603 416 351 29 665 736
131 150 327 823 116 304
1056 1 530 1151 1151 1136
1133 564 108 1199 201 379
188 13 257 300 87 980
216 1143 182 1055 1130 152
1098 142 1078 57 96 202
282 976 114 1029 178 106
40 207 215 921 1113 1046
258 202 864 77 201 1117
184 568 108 105 204 1000
933 276 276 1171 1154 1049
926 1155 333 926 409 34
184 51 4 300 1136 99
469 1006 713 107 1140 389
51 182 527 935 646 1002
79 215 156 1141 41 354
763 978 175 573 1019 11
911 790 39 1072 41 202
444 1038 934 1143 836 121
120 1083 155 958 1155 126
87 1132 1187 925 1126 480
1151 193 910 849 228 325
884 70 954 1196 941 1117
1062 128 74 337 203 1092
920 1126 1181 778 238 838
780 197 483 297 1082 1124
1195 865 652 842 142 1025
59 69 76 716 82 864
11 857 194 1166 84 863
716 1145 982 391 864 364
66 706 499 182 650 1148
1072 191 55 991 427 35
668 555 204 755 578 133
930 833 287 395 446 962
1157 885 856 939 583 1155
1112 218 192 218 425 1001
1112 135 1020 51 46 1063
556 852 1125 215 760 44
710 648 1080 888 1161 22
79 174 189 751 145 1073
990 497 801 91 31 1172
165 39 518 177 1109 1118
592 1152 214 30 165 365
167 57 946 777 1095 13
475 1017 960 283 79 85
653 985 289 1190 943 94
800 728 857 1174 517 759
774 158 30 1082 91 16
201 1105 1018 101 1003 66
811 955 1052 1111 81 1194
763 82 432 13 108 205
8 719 12 1192 190 431
21 287 3 353 1163 130
949 404 1200 602 168 102
928 669 1153 114 1107 936
64 977 1021 1147 1086 785
689 197 1114 1187 519 200
72 49 154 104 119 96
46 584 119 37 590 926
186 963 876 566 737 947
1145 773 849 1010 28 550
1002 32 760 1025 804 585
168 140 794 42 1152 213
679 929 41 152 821 1162
181 827 714 185 1111 319
807 67 5 171 981 128
900 621 135 171 73 1024
893 145 1141 216 26 9
881 53 350 135 537 334
191 1182 871 17 548 957
1 690 133 381 677 1085
810 402 971 1074 144 141
112 1149 729 423 601 49
1142 6 1178 894 1038 1192
1100 21 629 15 162 787
1161 147 632 150 1135 168
481 802 1193 12 430 194
1175 799 1190 980 806 1011
656 503 1163 132 1172 1147
989 639 58 132 1167 99
1037 1066 240 181 1018 609
346 1193 21 62 863 894
363 112 122 942 37 304
1077 704 1183 809 119 898
895 534 804 883 164 775
148 871 60 875 146 1151
237 1169 1021 695 1033 949
64 885 120 442 242 1197
1167 1179 372 180 1118 741
1030 208 187 941 25 1104
31 918 1069 156 1154 750
668 1135 139 458 889 969
168 1199 465 126 271 183
31 20 1027 139 1097 406
187 189 433 1076 372 157
1187 1036 24 147 1123 718
1107 970 1036 1182 575 732
1076 373 362 1094 474 581
1091 1102 1081 1016 260 248
435 99 193 717 314 638
62 547 447 787 1009 1162
196 706 1190 1070 1196 516
96 109 1013 178 456 193
153 115 1035 779 862 177
914 413 177 70 1164 127
94 1056 835 32 35 1059
952 1113 119 68 66 811
209 183 288 561 143 107
298 1005 137 138 970 16
1053 59 973 594 1137 10
1000 485 15 1183 521 923
272 83 822 548 1154 394
140 1078 1044 1167 1159 1162
979 216 1193 244 913 102
176 1077 560 344 66 1153
121 55 938 628 135 689
358 92 1022 1120 875 839
262 14 120 820 275 932
52 606 924 147 286 130
1187 136 16 67 582 488
8 776 185 423 1087 485
686 393 380 50 1042 64
323 1173 879 578 78 1139
467 684 1060 75 246 27
627 86 356 1175 799 317
161 1011 1127 94 1159 322
101 1100 103 1056 137 495
878 119 48 681 914 945
452 65 224 810 127 1135
760 195 851 1124 193 1072
174 1198 200 96 101 1133
831 29 1101 749 45 720
182 1016 24 208 120 176
27 624 241 1148 19 296
338 647 778 28 524 209
600 85 538 788 26 110
620 139 1083 513 15 1085
73 114 325 264 5 106
634 1084 138 32 976 231
93 100 1177 996 184 654
884 1093 885 159 171 983
400 1093 187 108 484 152
1187 214 834 197 1099 677
343 166 59 27 468 196
707 329 1041 164 1128 1050
1017 58 74 277 190 30
30 819 1090 320 47 326
324 171 209 175 1146 702
514 931 270 217 558 1098
822 125 205 155 1182 81
1195 157 40 210 50 965
18 1059 775 1128 1170 740
966 117 80 385 400 818
733 1129 108 1130 128 10
768 1015 1194 209 139 790
10 731 1015 290 185 1115
1 1159 50 605 949 1145
844 202 214 207 155 846
557 816 368 110 957 173
113 251 24 161 536 223
458 352 204 640 38 441
359 816 1033 1109 986 235
386 940 133 68 330 1128
8 153 197 1090 899 1106
181 727 715 622 194 1164
233 847 1199 34 755 1123
1109 93 82 209 14 985
378 1164 40 882 570 767
127 657 121 794 85 927
932 54 862 1132 1189 407
757 746 1028 69 74 73
1084 637 461 1198 927 726
999 35 217 1100 828 462
490 244 61 239 979 1114
1123 414 234 1096 661 109
1161 397 1039 1179 1176 567
1046 115 250 124 751 148
1075 131 860 1008 907 28
1164 419 146 1055 772 828
529 1186 141 1024 87 814
910 1175 117 504 659 729
379 807 1150 1063 1076 62
213 1092 42 1087 154 817
1103 213 795 783 403 102
34 201 1110 488 1120 87
243 571 1083 826 947 137
957 174 123 1064 1200 710
177 1175 584 1127 797 1103
558 1197 1089 274 687 894
120 361 109 248 948 503
191 636 1183 13 879 1178
1167 72 1185 505 111 192
1131 34 3 1077 831 98
620 24 984 983 769 497
38 1024 993 761 1151 888
1034 123 37 1081 429 210
1171 531 148 208 1182 155
1177 129 80 906 211 144
1075 46 944 662 252 1144
598 881 978 70 34 1155
833 93 1108 1055 1157 63
708 1191 21 1198 1184 133
596 200 923 111 977 1107
1088 24 222 840 299 1014
77 1121 165 1194 164 1124
136 1174 1129 183 945 161
919 966 679 1098 6 1134
166 966 343 1115 773 758
1184 1159 655 1080 721 817
230 126 1158 867 1149 1146
1118 49 1144 5 744 91
534 100 61 800 825 698
992 1185 143 341 1033 1049
628 476 801 1131 178 595
169 360 1124 479 43 815
265 174 843 218 1 872
1140 50 460 496 149 982
3 703 887 1059 145 1124
182 8 1068 145 96 179
640 950 1035 90 190 1106
1176 1101 750 114 1113 1121
