37 550 1154 141 764 998
740 1178 928 1177 166 168
1067 1151 176 168 10 152
50 140 957 943 922 421
500 1056 88 836 1187 1152
544 1069 211 208 156 426
96 518 321 260 916 1106
1156 1074 61 80 820 229
1040 1089 14 1173 138 971
105 124 915 229 1193 648
156 931 137 1133 518 81
956 211 956 269 770 1079
556 604 957 22 181 3
1035 490 427 88 65 668
274 56 439 84 139 1102
108 217 580 1168 419 1130
1070 310 61 773 982 166
52 226 313 532 117 719
1068 752 972 719 1190 131
970 239 610 287 374 404
759 185 784 951 131 104
537 87 961 1145 1043 187
471 96 653 1076 197 115
77 77 1108 573 1102 540
201 29 620 998 958 62
876 557 527 217 6 335
93 111 849 852 772 932
82 47 792 1081 965 547
129 217 185 208 70 802
47 794 267 1093 1078 1153
108 686 40 1136 1074 743
372 1197 194 1084 122 120
85 712 203 29 407 114
73 1104 397 974 374 89
948 934 168 53 484 322
1172 9 66 203 643 99
83 1068 83 391 1072 1175
920 714 1181 45 703 423
772 805 73 28 1198 266
749 975 1059 47 1194 330
949 39 1175 1193 118 134
769 896 7 7 301 713
870 755 814 131 1139 67
885 727 169 378 355 1199
875 1192 473 710 169 623
29 36 112 775 475 917
1137 1094 155 268 887 1134
1021 634 627 747 138 788
123 1048 577 844 447 1093
126 984 49 919 215 281
1117 113 795 1092 128 1140
98 827 1072 1108 182 201
721 172 1199 950 849 710
524 1189 553 86 171 492
190 1086 974 1178 1069 868
1078 160 64 171 28 68
1180 1168 321 54 371 122
201 32 780 745 574 200
409 252 4 1134 1053 62
775 477 212 124 93 1196
90 949 1076 1127 1184 143
1069 149 900 629 659 224
182 992 448 271 1138 425
183 923 565 700 27 30
141 202 429 989 79 112
2 31 1131 199 72 899
149 61 24 141 17 1040
105 54 314 959 430 1161
945 544 277 192 1165 1111
216 3 193 1064 760 660
989 167 44 697 839 215
1164 56 1180 11 173 927
408 177 837 1166 746 1084
131 763 1107 976 155 1024
694 1149 213 29 1109 209
1137 1086 1155 426 1083 935
1097 1128 55 82 933 84
43 46 293 886 1017 1122
812 1109 1199 11 1067 81
764 159 1190 512 829 1174
86 1028 245 138 1166 530
422 1117 1125 457 991 1070
150 67 154 795 678 1029
116 1150 20 211 396 909
165 951 1162 991 493 399
1180 759 191 1120 175 1122
960 1074 799 1140 839 1129
1111 59 138 1054 1157 388
973 1040 53 1112 854 968
1105 174 388 1072 1001 1022
965 1120 1093 1144 383 360
1132 441 976 1002 1088 1055
1148 144 599 36 522 1038
397 790 686 1108 191 1081
1032 400 1187 149 20 444
143 963 200 199 509 1010
835 196 98 54 1175 92
25 765 1127 1083 1165 325
775 1013 654 37 1109 804
99 695 216 1024 871 1119
165 75 866 1065 303 31
110 15 1197 801 53 602
940 1108 1010 687 13 1094
51 1104 207 648 529 935
1179 13 504 129 1173 1051
981 451 444 22 517 1133
641 1137 12 1130 200 45
968 1089 1174 469 383 831
1135 104 1022 170 153 826
860 1183 299 208 1071 159
47 11 662 1164 1162 1176
100 320 867 941 1076 92
9 552 71 32 18 10
1064 913 91 1122 222 311
433 167 1083 632 163 716
814 18 302 815 68 669
781 328 123 208 811 1025
217 234 963 732 937 149
681 238 1130 272 1038 743
1188 210 379 1078 1141 1131
317 1157 502 889 1198 1128
1058 118 769 511 167 767
395 15 690 818 67 984
1118 1191 83 447 1050 1189
817 1174 226 1187 1112 413
519 923 700 557 838 975
61 875 78 1148 989 129
33 1073 55 232 624 142
1106 1135 75 74 1126 318
586 43 54 1084 435 133
22 135 1161 27 180 585
16 964 52 1051 163 177
588 1182 559 1190 1195 206
993 548 156 587 766 1089
2 68 1027 1189 1186 741
133 1006 1019 964 892 940
13 170 1164 59 611 353
958 762 1010 21 1112 844
861 765 657 211 203 162
1151 1136 718 311 976 32
1066 434 985 412 1100 842
334 209 1153 129 137 1113
526 534 194 130 1200 35
983 1074 1140 984 1171 682
1160 258 39 18 1183 1131
105 154 1071 61 23 1019
193 248 427 113 685 1044
751 1083 115 898 337 658
48 32 367 964 67 392
300 51 22 522 110 609
20 47 41 937 404 1069
399 180 170 73 1037 283
1184 514 78 105 566 1178
1185 52 129 238 1108 718
1080 848 47 146 976 922
707 313 1169 1195 487 34
1180 704 151 1198 1142 135
246 64 148 158 819 808
605 147 187 243 1144 788
959 1159 501 90 481 292
493 1009 750 1169 1170 1190
199 1102 1103 152 1085 342
586 462 169 96 572 37
790 481 1095 1023 845 74
543 1008 89 38 1163 125
162 1159 954 2 53 72
486 797 59 1012 132 97
1150 58 14 973 180 1087
1124 89 175 118 361 176
750 40 1152 339 1097 1088
178 722 329 1141 1169 914
986 1096 803 1083 19 811
947 915 49 919 66 207
58 744 626 192 1181 1113
136 1090 738 796 1179 95
902 98 477 1193 979 689
978 1020 122 129 87 1186
132 1118 143 212 897 558
187 1016 792 209 475 421
535 111 1188 733 107 1031
145 651 1045 219 759 174
406 573 98 385 1117 122
48 1126 1154 1139 1116 926
720 400 1145 774 134 108
35 156 111 715 503 898
1090 23 1081 1055 173 1150
6 1154 171 235 1087 1145
916 111 200 1143 901 40
21 1041 1116 986 407 120
192 603 63 1052 1166 502
1110 201 1170 1082 6 846
897 183 264 99 343 1106
1184 970 128 967 188 1051
774 5 877 240 431 1114
180 490 982 349 1085 739
377 189 972 7 1113 1090
1182 794 489 151 98 1057
714 733 184 609 167 1107
612 131 1080 870 1107 103
1085 136 63 936 996 1127
1148 928 212 136 948 1171
2 1181 7 34 142 1133
169 850 699 183 992 153
188 1135 881 90 1082 28
163 212 141 1058 867 163
1143 738 211 1044 993 931
997 817 498 883 1056 216
108 908 830 1103 781 1
210 1048 411 209 1059 1091
761 1181 370 167 993 634
1002 730 203 1091 1186 598
71 53 889 118 157 1146
154 1016 116 355 572 858
338 237 1003 109 1176 1125
46 1141 206 62 509 346
484 911 828 1158 1128 856
1021 171 68 174 482 666
39 110 253 13 89 422
577 51 334 74 650 1075
142 345 671 194 30 940
1143 25 214 526 108 24
72 967 495 348 894 1022
832 615 199 40 58 206
998 119 13 176 153 942
504 308 600 33 1086 726
6 151 740 762 859 1119
974 630 1121 197 785 363
168 130 1085 351 293 1056
813 1095 1172 464 87 788
72 1194 1027 31 650 92
76 101 549 1181 541 50
249 215 1079 41 816 84
902 365 462 948 1159 947
814 435 744 157 29 934
31 928 451 306 606 217
179 340 88 172 102 111
851 1177 655 626 391 709
85 829 495 4 628 250
387 693 668 1135 531 5
225 159 950 218 468 1100
616 189 1197 443 659 33
63 1125 1134 137 655 1161
197 127 224 598 1158 776
195 1149 9 779 19 193
93 150 85 46 230 1098
167 497 582 91 1196 787
629 196 1018 1068 1190 1156
1046 165 263 791 911 804
381 294 145 952 1017 1164
197 608 166 198 61 1098
198 1114 47 1182 17 1163
46 60 106 712 394 32
1070 720 184 1055 1118 1101
981 233 80 820 1177 359
1072 625 748 16 778 42
1137 150 10 1107 679 121
185 11 430 467 214 46
216 962 8 1079 1168 1019
821 827 1155 15 999 760
957 101 1146 1005 101 558
121 1003 1141 1197 834 1132
236 26 1000 76 474 84
780 826 610 878 72 535
1149 941 1104 64 596 2
1194 1134 95 185 157 160
1097 891 1177 465 291 15
1090 1115 1189 981 1050 730
177 57 741 160 110 786
971 561 1110 191 1082 851
36 173 943 1008 1070 1124
871 59 768 280 96 731
1176 696 101 780 3 864
27 815 71 205 680 305
1065 153 320 920 111 939
801 36 618 187 992 758
1072 1145 1178 1052 192 437
567 49 1139 1060 635 145
722 460 1127 177 513 134
136 1139 187 29 15 1074
515 1172 944 908 3 1086
307 178 112 802 1100 954
279 1076 52 921 521 45
925 282 319 194 210 1180
113 80 630 1165 910 1139
169 506 537 1148 188 1083
874 1 358 1091 112 132
869 793 1176 1099 182 823
314 882 168 76 165 1006
1153 1172 75 39 117 1066
1142 664 1148 339 816 179
1109 1079 742 23 1150 165
1084 97 1180 80 1088 924
203 1111 1153 194 52 1156
1082 842 123 952 1129 349
32 22 154 783 21 113
1049 143 1092 60 112 270
100 80 345 1057 106 1159
273 546 1139 93 533 322
3 1060 175 1191 697 1168
783 800 771 965 1001 1074
789 1099 660 203 1089 546
1094 595 1183 1020 967 1168
574 88 1135 164 164 241
119 1185 833 902 195 145
1120 456 445 723 72 5
11 1138 116 220 420 176
79 206 1160 1108 326 603
127 1107 405 832 467 119
1184 55 831 628 1020 1129
854 646 49 633 910 1130
57 869 39 937 459 119
141 913 1024 204 1159 1027
684 403 1114 82 27 272
73 1184 205 643 1134 101
17 645 361 1015 246 112
102 721 912 932 1157 878
366 1156 90 1014 297 448
1073 763 961 1051 214 70
1116 840 594 1151 1047 882
1087 1107 151 59 663 1144
184 212 117 728 915 534
57 876 55 917 798 1103
843 124 579 1110 77 757
882 369 148 1125 1033 130
979 842 57 478 1114 890
61 1026 1141 116 1034 1011
1088 931 356 991 1196 1140
727 933 691 1121 34 290
219 1059 944 1030 110 488
877 171 782 33 131 1101
1122 187 500 1082 95 162
970 571 813 1185 1116 312
619 290 1150 106 71 683
1072 65 1099 153 261 223
396 66 386 195 664 524
288 171 455 1146 731 82
24 122 1119 170 28 159
1098 51 12 119 895 951
104 1123 183 373 953 1136
1045 17 1078 1103 736 745
601 781 458 861 1171 1091
79 315 1021 160 5 1133
208 213 342 689 86 84
132 806 1146 975 1126 703
1039 1197 1033 1126 199 41
838 1094 69 38 525 50
12 821 1087 77 375 263
295 835 986 56 94 259
1000 677 1013 1200 980 83
1156 148 1066 134 1078 619
416 49 1193 807 350 607
909 88 75 767 144 562
1025 833 1144 124 1049 220
1057 354 40 302 116 1091
575 1185 905 1128 251 921
514 488 1163 913 1162 174
126 708 78 130 755 12
539 254 20 1172 556 31
1004 177 907 476 71 930
1012 1039 1132 183 103 908
1052 71 381 1192 230 21
1140 845 651 70 170 1114
822 793 329 212 155 1148
194 957 1089 1 146 165
729 50 428 533 116 826
941 42 1004 317 1138 1151
9 410 758 243 30 331
830 247 798 1017 331 548
201 130 1073 247 506 58
147 17 125 1015 188 1071
214 4 41 262 81 113
214 1104 1003 1160 205 1147
42 3 958 152 132 185
942 125 15 989 79 1009
151 993 1059 995 696 130
796 66 204 762 95 5
570 136 756 16 1076 286
796 649 1163 160 1128 94
754 1200 1151 1080 1104 162
102 859 1085 22 873 924
717 985 1198 713 1161 564
1105 661 148 45 665 140
277 413 1178 568 1103 822
657 623 158 822 1145 198
94 52 625 176 906 439
265 196 213 1054 259 1028
496 479 761 45 324 1087
900 554 801 1065 51 614
63 144 170 1200 88 132
1050 877 653 461 120 1009
190 406 847 1062 219 191
192 416 33 1031 1065 1097
375 10 1157 195 1048 280
172 57 1069 133 1150 1053
244 810 1177 1165 200 101
947 1109 106 1136 1008 597
137 8 1127 48 1042 807
92 190 824 89 1044 1123
190 121 97 25 285 88
980 18 64 887 885 278
139 99 44 727 972 929
165 195 579 44 1158 662
602 56 672 1011 185 1186
217 904 1192 589 158 748
111 14 308 819 1011 126
956 749 1 305 23 614
128 779 770 551 37 26
785 1130 201 12 195 1136
1174 1194 158 1153 180 5
827 547 36 836 757 181
1188 151 164 922 1007 376
1176 57 1146 994 335 1182
65 59 1119 935 715 715
583 24 352 113 167 1144
821 1151 734 142 959 631
420 158 1115 337 1063 1124
157 75 28 768 754 684
193 281 590 1090 145 113
129 1000 907 912 214 352
173 899 189 44 1067 996
327 116 135 134 1181 1122
211 344 152 161 693 857
149 1142 409 177 777 1185
677 123 71 1186 1190 511
1162 147 995 1110 186 1030
172 832 582 1177 90 366
393 1088 188 735 125 597
184 977 1053 382 687 150
55 1175 1199 1172 718 1125
858 1021 646 1014 1121 8
164 991 108 146 1192 1189
855 990 274 776 94 57
144 111 569 1200 1100 288
1023 124 436 234 1006 1192
501 549 879 1175 840 1167
146 917 456 1086 1071 380
825 164 896 152 1155 53
1032 863 210 128 83 18
934 4 47 1096 181 237
105 839 823 685 460 209
424 1142 672 373 635 200
31 753 225 26 149 69
77 536 104 621 1062 584
98 944 147 782 489 1077
465 92 1166 1158 1033 639
764 1149 8 149 48 856
139 13 1084 1187 1062 96
675 1077 1120 1102 937 563
155 37 1075 215 197 1028
1060 124 714 1010 12 1004
89 769 34 79 811 100
368 28 969 440 16 1050
12 405 542 872 180 864
306 86 1009 132 948 1123
201 63 37 742 312 133
8 139 41 72 96 63
87 178 10 6 1103 927
169 719 1166 81 987 1199
27 289 550 1111 92 94
1014 994 1099 1111 1062 10
34 74 944 837 187 1036
333 172 315 739 870 256
1041 914 1122 985 222 92
138 790 206 726 365 140
74 990 1106 123 275 1005
83 925 1035 30 431 98
753 906 22 402 1160 442
16 336 122 202 239 171
1182 1081 1001 141 1082 221
512 995 1149 566 806 545
924 61 43 1104 950 1194
953 254 545 1104 92 213
1017 507 1194 1177 1116 58
174 1124 515 146 1140 173
789 79 7 48 1114 1157
1191 204 640 962 838 78
1037 1119 65 552 1132 1186
977 865 248 946 711 186
21 1001 709 1091 128 297
182 880 172 516 459 1081
682 10 291 560 171 140
997 294 103 1187 45 60
207 1109 1174 107 140 347
903 747 510 1087 787 376
158 128 152 1085 499 323
1127 1184 160 531 1073 637
1042 137 450 742 12 472
1 318 705 218 850 1098
698 62 161 46 890 1123
14 205 42 144 1187 235
592 1093 670 977 4 593
885 496 186 1174 848 188
40 1120 953 126 276 31
114 164 847 213 104 1002
394 1092 1112 353 938 1174
14 143 778 100 310 268
181 604 185 144 181 1188
207 812 1163 85 918 1162
1158 1101 1112 113 1145 273
214 794 817 128 905 1138
1030 907 60 35 929 936
608 445 40 1192 154 784
22 80 260 926 981 846
1007 1188 66 215 673 809
175 706 104 847 133 1037
158 977 1161 884 438 1112
94 152 1143 1076 828 96
883 110 879 834 1166 219
562 860 215 1194 763 84
1080 1025 652 86 675 909
153 21 205 946 194 175
191 95 166 257 15 487
163 1147 85 82 949 973
932 934 78 738 644 148
1129 861 734 97 1163 1132
184 1075 724 1079 1142 632
275 800 505 63 996 979
778 935 726 66 1076 36
750 1165 1200 70 649 797
146 676 134 161 154 757
1169 479 114 554 23 1031
789 542 118 192 1176 385
1005 1182 771 792 564 1087
54 637 123 18 1041 1118
199 1090 145 155 1124 106
739 60 1053 486 227 1043
799 107 888 341 716 733
468 41 411 1109 169 118
69 199 1160 1170 740 338
1169 1067 688 1164 101 825
1070 127 309 130 33 44
894 636 37 975 953 58
204 767 1120 298 679 708
18 596 13 255 787 751
202 197 117 578 178 371
210 193 26 1134 59 1172
855 336 30 99 799 9
966 760 910 1159 1129 161
674 121 802 1101 938 357
62 175 64 189 233 380
157 6 766 266 854 849
1060 1004 328 101 724 1025
1 138 1054 109 282 362
897 209 1185 81 114 178
1119 561 103 864 1183 32
1088 874 798 161 852 147
164 49 30 316 341 1144
1039 136 17 627 1072 879
721 567 964 1046 984 175
85 410 152 210 1168 1102
193 141 676 1115 1116 1133
87 1173 791 982 193 773
1002 1016 952 1132 139 51
580 438 35 463 701 78
862 860 24 576 756 107
642 190 1117 82 206 102
1024 93 1112 886 1187 525
143 102 183 390 805 483
50 919 103 1121 954 1190
142 988 1077 91 732 737
34 692 704 95 692 516
1079 1099 1089 804 127 452
494 1110 19 1142 828 891
1158 50 918 592 94 72
68 996 271 159 187 179
168 765 1095 942 471 960
43 265 4 143 39 415
1157 751 1113 1195 216 1141
175 1137 204 177 26 250
184 1113 1105 1138 434 1092
1199 805 617 824 1146 390
201 1167 1073 284 1140 683
70 1179 184 27 508 578
680 181 1155 173 641 624
588 988 949 84 185 217
124 38 69 1070 1160 70
1179 189 980 403 1175 1071
358 904 478 706 852 330
865 702 204 1126 492 174
694 1022 418 1125 176 955
190 196 173 853 24 901
1 87 93 1018 208 363
154 179 1012 130 606 972
155 351 1016 135 206 1150
959 270 1195 279 1128 24
724 304 513 571 1080 523
1127 458 159 1142 875 359
735 1147 1120 647 893 982
11 1007 389 1167 836 999
1154 197 1102 575 539 846
543 1167 503 590 74 219
737 898 218 1061 162 3
415 1000 93 1138 1018 926
151 1152 1147 21 747 1045
176 148 901 1058 170 568
65 1040 1064 164 1056 26
971 135 570 1036 1047 830
348 960 968 99 14 988
470 1061 956 940 674 528
60 1147 382 1171 771 777
