649 204 1021 193 111 861
823 597 152 1145 873 497
888 1011 174 1131 946 1118
197 175 124 1108 87 1090
264 1171 971 1077 720 341
217 144 600 36 151 1148
565 1154 105 118 539 184
1097 26 1068 984 743 424
512 930 474 892 26 1139
566 128 159 940 282 1194
213 39 1023 41 986 970
1145 33 47 975 915 130
82 1198 1150 200 1163 765
1033 477 1039 174 861 393
483 1089 366 1096 1096 79
16 270 197 45 1092 1171
140 112 1016 105 103 1008
494 940 1060 31 918 1037
1001 949 988 1001 460 896
178 702 948 1155 1193 1081
887 1141 213 780 1168 131
113 1104 756 715 967 733
810 1085 154 1129 429 1174
1192 32 475 6 865 975
822 175 994 1167 60 35
502 617 1101 756 290 1167
1157 1077 1173 1098 1078 178
438 10 1159 466 877 114
192 78 959 1057 571 1075
926 257 907 1056 1107 348
152 86 314 787 90 1045
180 42 68 1113 13 219
117 1167 1151 935 105 1032
414 166 184 775 138 114
372 186 802 727 308 1062
1080 131 1112 196 324 149
1164 82 1195 52 126 865
1188 64 1007 1163 1077 38
760 1190 211 1194 438 87
1186 830 402 1107 407 976
1137 26 139 120 23 407
735 1136 42 1112 643 129
816 5 468 23 1093 1085
105 185 161 93 1154 921
317 501 579 458 829 461
448 111 1136 119 191 565
716 1146 1120 1156 760 108
533 274 864 1193 288 979
214 124 1104 953 551 783
1101 213 556 386 937 720
275 1010 101 922 303 130
973 38 41 27 1078 309
557 247 279 959 12 97
86 743 32 21 30 631
90 241 265 234 416 1194
97 1100 1172 26 143 178
197 312 553 51 587 1017
1166 121 929 930 155 925
527 93 991 94 1149 995
1 306 590 33 339 63
924 118 1123 560 507 870
872 1178 237 342 63 934
95 719 1127 706 533 99
125 629 1106 69 230 11
52 610 655 1126 927 516
1197 209 139 1136 117 363
167 1185 1127 2 289 74
69 1124 154 705 216 714
103 183 215 764 157 696
1148 700 162 972 1179 64
802 160 68 450 80 1111
171 159 1130 815 616 801
1103 33 98 1043 1188 904
322 146 158 193 146 734
1157 1165 46 1098 185 887
164 66 1124 165 1111 1053
660 488 689 750 1070 826
171 284 1114 109 47 785
1024 185 1039 695 673 100
1079 214 652 1173 962 1048
179 822 39 814 984 1133
1159 1179 1098 736 1103 265
376 870 67 342 333 111
1075 1128 764 1004 886 415
1122 262 211 465 552 205
89 896 534 806 1009 153
200 132 168 1071 988 168
364 158 493 989 766 445
110 144 1114 779 803 1175
1006 1122 881 1090 751 691
881 1092 47 1121 1099 115
46 325 273 122 1158 24
1109 298 88 682 496 568
46 688 161 1113 36 22
1018 53 80 924 332 181
1153 697 908 1051 67 126
91 127 133 44 1027 1095
297 372 26 169 125 958
101 232 732 142 661 440
165 4 1056 828 1166 101
930 1151 35 83 70 163
684 1015 629 94 757 1133
13 1044 762 691 57 96
116 709 1131 311 496 1071
42 1079 1186 1087 390 849
830 894 98 426 106 1157
907 138 110 392 201 479
186 181 1105 933 81 1179
531 38 1144 1194 230 981
87 1089 778 1090 887 707
927 569 54 1162 363 1175
446 98 250 1033 683 773
863 656 201 9 1182 40
140 202 1185 809 811 1189
1167 74 1162 893 987 111
1168 193 1141 1143 1135 374
1129 631 199 69 846 159
786 319 727 91 9 932
934 333 147 615 897 726
166 526 199 8 645 171
145 1087 125 1157 1088 21
645 1070 13 1083 19 918
1154 239 1013 826 97 76
1191 1123 549 859 271 825
722 63 287 914 99 621
1190 138 199 863 608 134
197 206 264 1069 170 291
702 1102 1189 358 1115 165
877 715 99 406 1200 1094
652 1083 172 140 1125 1087
1076 1151 593 118 117 117
851 889 1026 1148 942 321
97 768 32 115 84 100
143 212 195 36 663 240
572 739 747 53 8 43
98 648 741 852 1192 962
119 177 834 81 28 401
96 134 923 1103 955 1055
2 1101 316 750 782 974
277 99 375 222 356 964
1128 113 70 199 384 1158
619 134 52 901 176 168
254 77 119 394 343 358
825 62 813 103 10 906
1191 124 135 495 67 901
40 1102 47 1084 206 97
183 164 252 102 751 1103
941 679 47 1047 146 36
1084 174 837 134 1092 975
1168 788 1033 1017 580 848
354 1047 903 592 1193 589
625 1101 734 191 596 1003
847 133 249 156 55 875
1148 1105 215 130 60 41
1171 1190 731 489 856 1101
699 791 1183 422 106 1025
1032 131 1072 1195 518 389
53 4 1109 1090 183 687
140 31 943 109 62 1175
36 881 812 91 1080 148
1144 157 78 1026 163 653
55 850 1100 517 1002 680
69 1184 950 993 142 283
1088 1137 405 1071 986 1176
1091 963 1141 11 1157 784
813 536 119 16 747 243
2 1114 1154 57 932 808
1044 29 481 1000 155 1135
1057 226 403 4 74 1124
38 942 344 90 792 1106
141 176 1138 1183 522 420
117 369 29 1102 1166 57
79 664 1078 306 883 1132
145 600 932 1137 646 39
215 31 457 22 836 206
1099 143 53 327 200 127
452 191 927 982 135 675
182 754 1038 539 1170 923
818 1151 1186 1108 1037 1173
112 299 206 133 77 1003
37 1181 418 882 400 150
84 188 1152 284 129 1197
19 70 22 134 809 219
103 982 889 157 256 165
216 184 1107 1193 120 381
174 79 318 149 17 475
178 710 162 157 149 753
953 584 637 45 155 1111
213 910 54 38 723 116
1199 1085 1027 684 17 945
88 50 772 669 175 1028
653 813 33 34 1147 81
157 94 1133 581 1118 12
205 54 535 37 937 630
444 93 216 1142 127 860
988 1140 1173 41 981 840
156 48 998 51 64 160
725 1160 19 1116 159 46
36 436 1181 76 1069 1001
301 1122 139 11 1112 427
593 186 190 45 510 947
83 1188 173 78 1092 536
1140 161 269 20 1159 1094
965 160 862 871 103 466
954 771 1180 63 772 111
248 1110 61 713 45 104
904 28 125 99 19 979
559 928 656 762 166 1016
847 108 24 1180 658 897
8 731 210 289 37 909
2 1115 121 242 1177 874
888 1197 513 310 286 88
49 1132 912 155 490 21
834 156 844 166 169 12
60 1128 815 476 538 415
1142 187 1164 11 192 263
286 168 936 961 751 650
21 883 920 1096 1043 206
469 339 1085 39 837 477
89 1090 115 1145 1003 172
1149 1180 1144 7 47 172
1028 754 1117 7 820 855
1035 184 634 692 1066 461
1070 382 214 123 469 944
749 876 391 105 749 353
525 1025 1109 612 861 168
109 119 914 182 730 175
1185 1107 233 205 49 144
187 411 898 145 177 101
1159 884 1122 564 622 92
1117 715 195 1026 476 1069
1198 1093 197 636 221 1198
1198 21 122 90 6 506
15 175 1123 218 162 65
931 1075 55 281 921 1143
1191 1019 811 1088 704 1000
828 367 410 1198 350 838
201 467 97 67 58 1077
662 55 879 1132 211 1153
3 514 957 697 575 1165
972 20 155 14 954 11
1050 538 800 205 722 1034
1197 164 173 34 2 1029
128 1109 929 889 515 1082
158 194 858 18 659 165
884 410 119 232 1148 74
228 178 1069 114 604 847
773 891 841 794 835 1164
209 925 1166 163 689 455
767 120 1200 1199 903 76
229 76 548 712 1064 155
842 1146 515 215 523 885
1034 94 1091 1104 268 148
433 965 335 1059 3 195
527 140 113 189 188 1116
1014 1186 1127 1110 184 62
980 741 1079 1063 189 57
18 931 1169 778 979 210
478 1111 1081 722 254 938
49 377 1096 964 759 1175
1083 94 726 72 1092 255
1059 101 1152 885 686 448
100 601 1117 409 1183 9
276 821 106 440 947 1142
162 65 1170 1008 93 367
176 101 179 747 1006 983
1006 1131 55 920 619 66
1025 1046 437 75 59 554
233 4 1027 623 699 1182
961 338 380 114 1015 944
1186 445 1032 1154 624 132
142 194 834 801 46 890
14 575 972 23 572 1032
432 816 731 1011 115 567
1181 217 1066 209 192 132
570 179 582 822 1139 991
76 705 40 80 370 1054
213 938 178 903 948 359
121 7 1084 1040 1161 729
166 991 77 66 144 22
1059 1155 982 1002 44 516
848 1116 586 1176 1083 1199
1010 353 976 729 1008 52
1089 107 82 1156 804 146
935 30 204 1081 1115 866
827 421 169 213 458 1020
16 797 185 1159 916 49
134 633 62 245 76 115
1086 292 87 157 88 1188
1130 1177 145 245 185 1187
1164 562 499 1147 470 96
84 871 1196 27 730 1076
246 96 122 172 61 673
30 1161 997 851 37 1080
336 1155 1143 209 524 978
1105 1085 88 1098 330 590
1024 422 250 271 1080 73
845 1174 474 5 111 1195
1079 599 32 439 1194 1121
1029 23 5 913 191 798
514 153 208 950 1102 1091
499 511 1127 1102 1176 66
132 184 127 938 1162 196
1171 557 1113 13 73 793
16 170 145 5 189 999
428 1026 1005 123 1085 1058
732 135 977 201 14 870
309 206 532 708 211 215
960 957 759 18 995 1015
153 85 959 594 550 52
278 1111 35 798 826 25
357 1009 992 1162 1097 1020
1008 618 579 1097 1152 746
312 1125 319 157 1051 1169
796 703 998 574 10 599
602 585 121 1098 354 969
1196 83 150 201 929 283
683 814 51 1049 512 136
296 25 75 73 1022 1119
1045 876 1086 182 1133 774
64 3 517 56 483 65
1075 266 942 129 129 970
456 194 1175 90 171 666
902 68 851 1162 224 1005
674 924 786 1072 160 344
604 1193 1079 1129 396 391
1037 106 1167 368 211 22
725 199 844 47 669 66
56 48 364 24 905 3
957 820 945 308 1112 192
56 24 608 340 1073 1115
96 202 79 1187 1080 1052
707 718 1187 833 1108 1187
866 967 197 404 161 337
140 638 179 1000 1119 985
59 1134 548 1152 274 396
1116 978 18 704 150 1036
1054 800 405 213 1 1135
397 846 633 61 140 86
198 677 22 214 818 29
60 20 134 50 33 267
485 1165 1118 200 204 807
908 1200 207 1153 776 807
395 948 78 700 758 1150
1170 150 129 1148 1152 1195
26 1072 1179 485 54 91
765 534 1139 129 721 1138
928 1127 175 89 821 1028
253 632 909 987 770 401
1096 156 70 143 85 35
211 119 687 357 959 332
59 362 999 256 573 64
737 1065 717 338 879 832
315 1123 497 737 995 135
1068 1040 197 929 104 1150
1192 755 44 940 765 505
88 843 327 72 1059 64
196 192 33 19 503 812
776 586 1094 11 576 1082
102 1011 819 473 424 792
430 971 25 685 143 182
102 1051 941 108 1078 875
825 692 961 907 679 17
7 82 785 1110 561 4
781 1183 742 54 745 1086
817 796 80 827 977 166
12 554 77 78 214 96
1039 832 39 1095 436 1123
513 1030 1056 176 139 242
900 1048 51 1182 906 465
65 176 1164 1014 58 1078
434 366 349 919 616 1121
1103 454 19 108 57 1140
160 904 131 644 912 1172
431 158 33 856 937 555
1180 1167 990 417 955 1080
1169 82 42 1076 1121 583
183 149 901 135 491 178
555 185 69 1177 192 1118
598 1187 31 126 44 2
53 1099 1130 195 1095 21
867 840 1083 203 660 37
219 187 1190 603 545 78
195 167 142 695 980 56
191 960 909 329 261 453
38 761 285 173 970 805
1182 86 493 89 694 116
64 70 1137 1133 637 716
403 151 107 91 355 1088
821 918 1183 1174 1022 784
609 253 1192 183 434 86
606 1105 963 117 927 313
766 1180 1061 1147 218 313
772 762 1141 965 890 478
27 1124 217 214 15 807
1119 167 212 770 1025 138
605 208 718 1144 878 1062
69 167 917 127 639 471
188 96 326 900 225 463
1152 40 1137 1199 671 1170
114 1092 1124 194 549 216
8 1023 164 295 101 423
636 1111 26 425 164 27
10 962 1113 1170 1132 1055
1121 206 854 1080 1196 25
1042 260 919 92 204 939
819 1158 304 802 1082 62
1149 1160 74 35 1172 24
926 116 1171 984 937 1054
39 72 189 739 1064 1012
617 270 180 1057 139 209
976 1000 1168 195 107 137
247 939 56 148 145 899
50 951 537 529 794 4
404 872 81 361 316 126
154 1082 1156 10 1065 639
35 1136 682 551 44 231
748 878 799 1062 625 1135
753 884 1060 792 156 556
294 81 946 123 558 375
739 110 1086 1166 994 433
1113 7 470 1177 70 678
1058 310 421 48 437 801
1074 387 795 27 288 25
1171 1102 973 975 109 81
6 121 468 68 384 1066
1041 69 152 41 69 22
352 1038 749 1178 133 945
128 302 651 736 71 1023
1171 85 721 76 782 125
106 113 915 398 255 1190
239 1069 667 58 1046 620
1081 773 1041 352 1197 109
510 60 530 1100 610 609
1139 1191 413 78 1128 728
993 1178 132 628 359 1112
916 1039 36 1153 892 804
58 1072 817 1110 1143 443
196 331 982 797 68 787
544 91 217 45 180 806
182 757 186 110 97 1153
853 92 104 1154 1103 863
545 207 449 1084 139 49
203 690 30 1045 1079 1169
345 1172 106 769 49 858
905 11 151 6 118 597
217 10 463 455 187 841
1062 93 136 1083 462 611
287 277 426 116 200 742
293 518 1174 195 1004 194
509 894 1160 809 775 944
131 788 61 336 8 868
588 108 414 201 181 1022
183 786 1155 831 356 829
42 1178 220 1071 790 192
1185 238 7 1016 169 379
1082 1046 566 1119 175 1191
799 58 635 432 911 27
43 263 373 640 777 1034
1081 1071 182 35 460 262
4 136 97 1181 914 427
753 824 812 100 1050 1024
211 1182 135 1070 1099 155
1126 974 419 1163 53 746
947 9 1116 117 740 149
532 603 740 964 180 213
90 87 718 188 208 1123
117 124 85 58 1140 498
200 1107 1095 956 292 882
1188 553 121 1091 24 208
41 1092 441 300 540 836
1168 1103 290 193 153 75
159 525 958 1044 296 744
489 193 237 32 141 13
200 1120 1156 443 1146 68
668 1031 939 246 958 996
71 1134 218 203 170 104
1073 1053 218 956 655 1053
1070 377 383 1160 1136 46
177 88 45 1042 341 1170
27 180 1097 89 418 878
852 873 44 1067 624 672
305 1196 215 979 824 1074
118 1037 1046 958 39 1126
973 176 712 168 1118 1038
867 563 1114 34 454 1168
387 83 190 1116 42 430
154 541 480 452 748 115
56 921 24 717 522 152
577 219 72 114 574 710
972 666 1117 893 123 607
1105 1115 996 690 18 665
675 1096 215 1049 87 177
84 969 888 1067 207 1076
137 846 186 874 50 50
1194 191 1130 912 122 1087
63 28 84 519 1124 1172
543 199 3 3 171 171
830 992 627 1138 107 1044
187 67 992 412 92 763
623 50 1045 43 134 227
1020 1136 1137 876 1108 428
488 198 1145 983 784 102
349 800 171 328 444 202
9 898 1093 121 1184 34
46 520 605 1165 1074 141
56 874 1067 591 740 413
167 719 654 5 153 1185
113 16 71 1164 100 1144
27 188 30 1021 810 968
154 28 1189 311 451 9
77 60 385 1007 842 987
131 123 879 133 181 137
777 184 902 208 1018 939
1061 1024 1114 952 724 840
1052 73 1147 323 304 1131
67 1179 324 896 128 67
30 395 61 1156 258 381
7 1169 212 71 1023 1002
197 394 890 196 144 62
1163 13 1128 115 1141 994
779 1053 886 1074 1150 1152
1010 993 181 1165 923 60
180 954 158 130 100 618
52 75 116 135 248 208
552 65 891 92 1035 544
365 922 1091 297 57 1071
43 160 180 1155 965 1192
360 659 127 1134 720 176
133 156 28 31 4 6
95 471 57 244 936 53
698 95 175 569 831 836
28 194 1099 632 1183 473
212 147 201 74 578 43
585 151 1047 291 832 84
775 696 823 951 122 985
393 23 72 911 122 997
934 28 951 199 280 1141
657 895 737 29 66 680
1138 84 1178 1098 1156 178
1031 406 148 949 51 41
1185 820 752 481 811 781
1125 190 431 1125 782 815
227 857 1177 856 104 529
504 190 305 1105 872 721
1110 156 66 790 55 665
205 1054 818 701 750 723
20 86 1144 562 347 185
238 146 1013 1189 71 71
5 217 149 1019 956 917
1040 642 1115 641 99 298
948 59 1082 378 186 123
223 18 145 362 1138 168
93 66 1093 190 65 1132
1088 1188 1189 960 1173 1160
1132 19 1122 62 37 15
112 1134 1174 172 611 182
1178 1109 98 865 161 1110
1194 453 104 16 148 210
111 1104 1086 986 1108 1125
1106 3 1173 125 1157 662
996 1184 2 14 843 1035
1140 1106 52 152 926 1030
132 642 1088 1002 268 963
486 933 102 224 198 15
371 987 925 189 172 808
850 1198 1088 93 755 725
157 236 207 542 1142 990
880 531 1078 492 540 1176
577 174 676 1043 1196 1131
981 1005 1 203 1061 169
1184 519 754 167 127 259
612 521 153 1192 417 1075
202 1199 13 257 1191 173
397 774 14 85 968 677
1125 9 329 928 971 1159
1124 15 113 698 37 971
714 954 392 202 793 29
228 92 930 1010 158 1056
137 1072 1126 63 942 462
174 328 382 201 209 221
726 57 503 1014 804 210
1049 1072 32 1161 203 984
1116 348 1029 108 317 580
627 1030 899 137 1012 295
63 137 1160 894 36 961
158 102 383 1121 613 181
147 933 129 1120 791 759
859 164 168 479 439 1060
102 34 1094 635 54 70
152 14 523 1120 1073 833
1145 19 85 166 5 456
1112 1172 900 154 56 472
1166 495 140 154 321 158
694 161 487 953 1048 571
1146 1055 819 761 770 946
1064 20 869 658 583 141
303 220 1200 130 895 1036
61 379 425 1158 34 573
630 960 1084 166 260 1195
