204 265 804 7 926 177
1010 126 65 947 1115 967
654 1104 661 19 21 1012
32 56 123 789 758 383
1064 28 373 1104 751 843
101 1079 1142 692 1078 42
985 1198 440 216 1080 300
928 191 9 1049 1177 1183
911 916 410 1189 177 131
42 202 858 278 12 1186
526 1058 580 31 1002 134
1023 380 197 277 10 8
341 877 4 327 511 117
90 65 837 1154 1134 839
1039 846 776 977 98 760
4 561 1148 36 260 1165
32 190 195 15 1100 1125
1043 19 1062 191 721 502
673 208 38 219 266 632
1085 38 50 115 170 433
39 125 167 1120 127 53
880 954 117 208 254 735
262 6 1073 210 197 799
154 1146 725 137 830 587
1117 73 6 1066 187 199
5 418 1047 97 993 382
958 1103 746 704 1051 417
621 1110 242 1107 90 117
265 102 118 1076 647 218
920 178 1045 126 1131 664
133 1139 1108 180 719 1170
156 114 1135 1158 457 672
1113 115 891 973 116 244
359 142 197 468 196 582
157 677 1086 51 151 716
1152 599 808 142 28 253
204 698 885 1177 17 1169
917 104 13 202 557 859
1151 119 76 45 437 464
12 153 1020 106 139 1130
93 152 139 1093 1121 106
78 119 201 398 403 1025
357 997 133 921 505 786
248 1069 124 71 233 1133
158 979 1097 209 187 674
119 1192 858 122 1182 182
331 143 166 288 871 1042
572 525 98 944 161 1179
476 573 181 827 1110 944
1164 148 745 423 989 246
1012 173 567 59 151 656
1181 169 564 569 1118 155
927 676 10 1148 1124 1059
675 161 955 314 1070 1185
1157 689 93 299 2 215
1099 178 817 218 902 215
172 1103 1117 9 153 267
604 241 323 1137 36 162
1098 204 648 1161 240 847
80 469 782 74 563 418
304 1073 60 159 1045 864
31 1080 968 551 178 1005
79 374 213 159 740 67
146 1183 22 956 440 842
8 104 1023 129 1144 58
804 174 482 189 33 1118
849 745 1079 508 542 981
1113 964 566 1140 943 1000
239 904 134 63 1156 363
6 117 888 62 1017 684
147 175 10 1196 93 1090
908 1108 146 1159 855 374
1021 1113 1179 289 108 81
1198 44 496 393 8 83
68 1176 951 872 850 996
110 213 815 424 860 1091
785 848 437 842 990 155
217 802 56 182 147 1097
154 1143 506 1081 1188 147
109 16 304 936 164 200
387 828 921 18 785 395
1107 135 309 186 1074 166
690 123 115 1176 868 601
1077 391 903 1152 215 65
988 809 1071 538 106 95
79 216 617 1187 969 47
114 482 893 150 371 1200
825 24 748 812 334 147
139 487 190 747 11 154
132 278 145 942 141 1062
143 1177 259 1000 74 16
1055 272 1176 124 273 703
881 159 1084 218 545 1153
5 214 965 39 714 819
157 1043 1177 358 293 513
8 192 179 142 69 219
1102 947 599 211 100 1129
1003 1087 112 550 1126 800
273 39 1146 275 187 1059
1064 749 127 861 1077 1183
965 803 332 84 337 125
107 201 1168 82 872 854
53 308 16 317 53 176
979 1063 1100 24 158 767
1161 214 499 1077 1178 79
969 534 261 798 21 1115
197 474 930 729 55 1111
175 628 1099 1160 175 33
138 1124 1038 823 649 935
17 736 64 769 1195 7
881 1024 582 447 1008 96
143 76 1141 826 1185 1085
957 869 811 209 787 1138
1198 775 102 691 820 7
926 644 629 189 1011 1122
196 1116 937 914 381 1005
727 112 1198 184 169 1161
34 54 1060 214 109 131
714 648 180 47 1121 155
1081 747 39 761 728 1120
1162 906 1183 892 880 630
1109 897 1049 938 211 13
191 973 134 240 718 1137
207 1107 294 882 177 73
52 783 152 321 184 906
298 64 94 1199 66 100
1119 29 1089 155 777 1003
170 1027 25 1144 1 788
35 69 837 36 373 1035
1136 789 203 2 34 291
44 1120 135 54 207 192
1174 992 985 9 1089 758
194 1121 49 145 738 193
929 158 886 1192 1086 136
957 921 334 893 133 784
83 656 1173 109 88 102
1149 218 1016 980 429 132
135 1151 30 38 913 805
1152 889 37 192 861 857
67 1078 1060 1013 99 79
636 1145 782 22 362 72
1087 43 410 136 726 962
134 836 859 984 875 1013
367 161 461 1181 498 1095
971 1091 170 35 411 720
225 430 1123 159 547 294
195 723 44 1161 1045 1139
1097 788 851 794 1037 204
917 1193 105 1131 481 1172
1126 59 509 995 514 726
14 31 210 1195 1137 209
998 697 479 328 363 579
87 1078 164 485 157 60
1091 924 822 71 186 1025
284 991 512 99 918 64
35 338 452 906 933 934
197 1193 419 77 442 1041
392 428 96 616 1164 136
88 22 922 259 187 171
89 264 651 491 1123 106
1031 793 752 1148 1099 941
1010 100 874 439 297 811
190 203 1099 157 950 156
1188 161 162 1157 1194 66
108 1144 972 1142 189 945
1124 163 1142 175 1053 389
712 1041 1048 546 438 128
313 62 537 1150 105 2
1143 417 324 65 57 136
21 682 883 626 1200 670
497 1135 471 976 678 861
148 1069 1002 243 909 1156
66 847 739 697 567 1142
1001 152 1038 108 1073 1014
966 1090 1113 965 1085 1087
394 1106 1090 708 1171 49
1007 182 1136 983 790 183
1098 1191 1008 1119 62 48
909 1194 837 194 1134 89
1159 1079 1017 154 1159 1116
999 77 527 946 864 106
30 1054 770 86 478 42
190 365 36 476 151 723
1039 1081 107 117 46 1062
1020 932 135 163 818 1145
252 345 1089 1030 404 106
179 1074 1102 898 1114 228
1111 606 1150 761 947 1190
198 492 1040 960 1190 170
500 152 208 156 611 1022
1 1159 321 58 977 1150
191 127 25 1052 235 696
838 834 31 164 876 702
1173 1078 277 1165 53 71
196 896 110 62 279 133
130 215 160 115 207 160
405 366 427 978 1068 1155
78 338 44 229 122 167
26 339 1082 535 39 35
18 426 488 151 700 19
42 189 619 1121 1014 171
408 1141 522 413 836 211
87 963 922 519 295 970
275 1001 114 113 978 445
212 762 911 135 539 542
1137 238 1054 204 991 131
58 734 20 492 78 632
1167 1147 122 3 136 1030
891 1138 844 1110 81 596
6 388 606 948 465 1147
257 1027 141 723 163 695
44 350 170 940 191 1078
326 980 1101 938 1156 200
183 1163 967 411 60 161
563 50 1167 131 928 821
179 751 865 127 713 148
181 134 975 538 1094 652
1190 71 112 377 50 679
63 1143 1095 116 428 50
88 916 66 100 11 1115
731 1037 889 1147 1117 1004
92 1178 307 166 503 452
704 951 1007 68 198 402
78 696 186 1155 929 129
40 118 73 154 200 331
191 139 736 18 208 793
1186 491 889 195 718 702
78 1088 179 336 56 959
121 1181 1092 13 81 175
184 341 81 66 1144 279
213 682 185 109 178 190
199 770 45 1185 919 1142
57 177 1173 415 1061 786
118 36 205 60 676 1139
699 216 17 1145 126 218
95 1092 425 62 578 135
86 711 319 1015 1169 995
34 188 1072 1153 769 192
65 113 55 824 791 1082
660 27 1171 639 64 576
579 57 173 1192 151 1190
954 108 1156 285 987 657
333 819 1075 1065 952 223
948 318 1121 551 985 105
29 1011 592 930 16 1135
773 358 1 1106 721 85
119 72 883 163 1186 857
185 149 409 979 846 27
360 1118 186 610 1108 467
176 131 1168 67 1187 1198
101 204 167 667 991 13
597 1070 2 662 67 843
209 560 128 138 956 1195
1103 107 193 998 92 746
1166 624 768 212 1105 209
97 178 976 77 16 32
210 1195 972 282 1150 1178
741 625 128 1100 982 737
384 164 1117 133 132 897
730 1191 1167 1022 860 797
86 783 586 544 15 797
741 1091 204 1173 21 1059
858 1137 1101 213 624 43
70 922 1121 1127 933 214
18 924 201 88 408 931
1071 63 949 419 68 1072
850 49 1133 693 1146 360
64 1198 602 1180 353 1084
385 114 121 1134 127 848
4 813 905 680 637 1013
638 866 138 421 194 1097
1155 470 507 1043 759 41
221 994 640 1179 1032 150
1174 600 806 727 1073 589
1114 901 176 695 1140 1057
342 948 1164 203 293 1075
75 129 681 17 199 52
611 1156 1088 176 392 1129
884 992 1097 479 987 198
1070 1086 127 1106 124 184
227 671 63 211 451 14
126 14 306 1036 536 658
946 365 1096 109 740 187
166 255 701 68 229 108
1060 1134 182 998 1183 73
183 55 43 156 608 1128
982 121 1042 213 1188 1073
826 1056 594 1123 53 814
855 47 1031 18 483 559
1028 47 1195 385 772 658
288 678 135 160 178 263
1163 1069 720 455 1158 875
219 1088 206 10 430 539
197 876 211 49 75 11
134 903 29 99 956 206
285 43 250 1132 423 1089
1009 825 21 790 52 33
114 843 260 205 112 33
96 113 238 898 200 954
1099 994 1131 854 1137 185
444 343 1191 215 1115 799
721 9 57 32 1026 986
899 53 48 761 77 888
21 1122 1114 108 150 193
985 142 1098 883 806 37
162 120 99 936 146 705
1185 118 1096 807 1184 1180
48 57 68 268 932 409
43 151 960 9 384 49
20 132 80 877 37 1028
1084 774 258 89 1170 1144
666 1069 853 269 359 852
961 72 713 101 253 315
183 1119 1082 199 641 116
547 87 1019 653 971 120
1165 907 642 456 1056 1125
141 860 614 114 932 712
780 792 174 1126 1052 368
307 1189 152 584 184 782
1046 1053 862 226 1070 553
155 185 182 655 61 1133
150 69 779 1168 980 1200
794 460 969 1158 717 126
209 946 905 355 159 1083
87 558 979 458 677 110
144 709 1129 181 856 447
91 987 125 902 964 147
91 1167 35 1124 803 137
207 38 111 1180 620 34
1124 1147 1116 177 842 281
370 907 156 51 84 82
1061 23 18 821 98 775
1173 23 31 768 344 1058
208 70 694 1077 708 949
1038 130 805 1053 168 69
43 35 42 1009 537 1122
999 876 1127 870 76 925
1194 322 1138 1072 129 48
983 274 127 92 24 1
827 521 121 296 464 770
1078 733 926 820 550 182
501 43 1162 68 76 88
203 995 845 112 1172 96
45 57 130 24 349 771
1145 4 548 506 724 1141
387 1044 1124 140 716 645
37 19 156 1047 602 83
215 460 175 612 1140 27
81 142 1180 416 459 320
898 840 831 1173 133 925
390 168 198 530 228 1090
1093 346 1037 1056 646 1115
1161 310 639 314 158 910
1162 207 1163 877 145 1082
23 651 500 990 899 522
51 61 414 153 123 1085
1112 974 27 62 486 866
853 669 145 104 1125 453
1166 944 663 1066 913 36
912 1139 765 1090 60 773
153 988 939 115 1003 255
93 621 1114 887 130 446
1191 46 139 226 245 254
123 744 1157 165 42 1
210 1018 1175 1082 220 597
67 1030 730 780 796 366
971 142 554 744 313 89
172 35 92 1131 1142 103
934 774 99 248 1118 546
469 1189 891 839 796 863
439 37 31 103 1104 899
74 1154 528 758 1140 1147
1149 311 462 6 964 914
30 161 29 326 732 1128
530 1192 203 441 939 1192
953 512 157 50 8 84
1036 520 236 168 1074 30
1167 751 59 1093 230 730
2 601 144 925 841 1082
103 1104 810 840 590 90
95 23 1009 1130 728 199
932 888 112 152 162 174
252 122 8 745 218 124
153 73 1118 481 510 13
818 122 224 900 838 1133
204 1134 335 312 1054 65
1186 234 1002 1151 722 710
1128 303 1196 1191 1135 1071
1153 1126 171 890 719 1095
1160 941 397 186 672 1176
454 1013 88 1131 20 122
466 817 1155 920 179 118
1176 83 645 818 1157 147
626 71 110 1163 521 119
158 989 150 162 1150 755
574 1092 1023 1033 396 217
257 1141 982 91 983 72
1026 764 1080 148 627 1166
593 356 1094 53 947 1132
398 112 1100 9 1083 1122
17 1087 1040 362 89 1192
83 72 121 754 664 831
66 577 777 58 146 178
1083 1092 446 84 1070 52
789 209 11 1102 61 766
169 86 231 102 141 472
186 1005 30 725 3 895
783 241 1088 973 1113 25
97 927 189 945 754 150
1012 1132 74 59 30 942
1038 816 565 988 591 168
138 687 287 1185 150 808
90 179 186 192 83 609
668 1064 1070 937 1027 581
1061 728 330 456 1151 524
46 424 62 26 1155 144
306 809 1110 1136 128 80
11 320 198 276 124 94
1133 89 62 325 144 1193
1123 534 934 593 995 145
1120 643 438 663 504 879
1153 205 315 1086 100 1199
69 451 83 145 832 779
874 1168 725 923 1199 1200
797 412 1091 115 332 84
27 162 592 1169 1096 1032
190 116 167 188 654 150
172 101 457 54 845 1200
422 1080 1061 52 340 1108
195 508 191 1102 1162 1158
992 1146 1075 1146 1151 153
344 978 281 608 1117 795
1120 160 444 81 195 290
1104 1154 1141 738 54 412
213 406 355 683 187 121
1122 219 22 297 375 484
823 1020 1077 149 945 158
31 812 1145 832 1081 449
165 699 1117 200 1096 27
927 1153 1160 5 1119 1003
149 715 1093 483 196 640
461 61 637 289 59 201
862 136 1051 164 984 855
20 179 87 774 600 999
56 1048 129 1115 1011 258
184 874 1139 118 1188 138
1080 61 134 950 296 28
29 19 893 143 56 1187
830 1190 1071 1145 19 217
298 214 659 866 74 585
316 1158 573 1179 1008 335
884 1119 79 1087 141 33
169 817 24 690 564 173
168 935 962 475 1014 116
886 230 1102 205 1158 139
622 1118 1114 946 25 149
1021 95 194 367 343 1095
747 243 999 558 715 372
515 1053 794 1058 102 1010
1168 312 890 400 124 650
140 99 478 849 501 212
757 885 119 800 1083 919
717 19 902 1175 1146 180
116 1116 23 510 968 828
685 980 1034 245 1186 1131
1138 870 12 146 1015 892
318 923 1094 753 119 756
875 1181 807 149 771 200
60 130 445 757 70 435
590 208 589 1021 86 54
1105 97 1098 760 92 152
1071 144 1109 996 97 1068
262 1076 1046 1032 42 533
310 180 1092 687 833 1157
1049 24 1093 206 737 591
327 1028 140 1115 1191 415
952 203 1199 14 146 292
623 1 778 1131 148 931
565 59 142 211 1113 972
584 634 393 1167 34 1158
1103 808 720 208 185 192
1101 694 448 328 181 1044
5 951 139 196 44 739
16 401 1019 3 167 1087
1165 1105 1126 742 1108 170
201 5 928 89 114 1096
1019 576 740 76 706 997
56 174 1111 1164 22 775
188 810 489 1144 1085 25
1197 960 734 195 39 1063
28 141 595 1004 788 909
706 210 829 598 139 967
1055 65 813 208 169 1101
111 1152 1034 1100 93 1145
111 815 807 271 401 557
110 177 996 379 82 170
1138 92 990 58 655 661
74 1069 32 1109 996 1130
543 146 175 1079 45 824
644 436 426 733 1084 305
1197 490 37 94 1162 82
1119 1125 581 5 110 141
405 128 407 68 333 1174
174 634 1107 1189 1089 594
86 1163 183 724 40 173
1110 131 940 147 227 1184
290 198 1177 629 377 173
78 26 1016 99 47 54
823 835 739 561 970 1165
764 214 814 528 473 266
114 40 160 361 1181 470
535 1180 170 82 1172 631
17 502 1178 1067 302 1135
1168 181 613 785 1066 117
34 52 246 1070 1127 494
1001 796 948 302 376 143
689 381 272 1050 431 25
89 61 969 116 1067 1086
77 1048 963 143 158 1184
993 975 300 23 910 301
271 323 75 87 1078 511
762 14 959 1042 1112 174
153 1079 566 98 810 1178
219 41 32 103 630 234
1093 908 993 1200 38 1187
420 282 9 154 203 111
162 765 103 531 72 700
329 28 1181 844 198 1109
1161 1080 356 1170 319 1193
527 1189 753 929 213 128
120 189 19 966 131 620
206 1194 1068 652 202 151
125 686 1094 168 1069 804
12 896 662 955 100 698
369 425 26 1118 264 569
2 14 466 1100 516 910
1001 198 7 102 784 1174
231 12 1198 1174 354 232
503 6 784 111 201 216
577 1023 176 759 568 618
59 907 391 1188 239 184
84 196 816 1152 1076 707
756 160 1200 894 94 895
1094 130 1029 1060 167 1193
895 133 625 1148 488 992
85 953 73 543 13 686
14 152 84 24 207 91
200 130 1177 962 583 1081
959 1029 1139 98 848 24
1135 1132 40 545 863 941
52 1133 159 54 762 94
1033 137 1128 434 1042 978
841 1066 138 1130 878 1095
1148 111 422 164 71 880
541 1183 70 194 407 942
286 738 71 195 931 1182
633 107 157 118 1149 60
913 26 156 21 1055 64
1108 1095 1054 553 1123 904
45 838 562 80 495 1143
220 45 157 615 15 143
1171 225 1010 1111 1031 642
588 82 167 219 10 1183
65 943 28 1123 219 588
956 1073 1139 518 1104 163
193 879 214 555 1006 120
138 1140 772 443 857 161
169 82 68 1124 814 670
308 188 1175 251 12 827
435 974 224 967 614 164
525 98 33 192 34 844
1075 63 780 1024 22 74
87 1110 1154 165 1107 4
212 1151 201 71 163 20
236 587 1016 443 25 166
1052 887 937 722 1091 45
867 369 806 856 570 350
141 871 554 955 3 853
125 157 280 1109 20 1144
474 524 1036 188 1114 799
147 585 1074 9 90 183
884 862 982 136 1072 1179
1113 193 11 1043 404 1165
742 1015 111 194 1059 183
38 207 518 165 1154 210
210 1150 1170 1196 504 66
1105 968 970 345 104 787
26 79 51 448 1134 172
432 894 18 463 90 263
36 394 673 186 939 396
1065 1063 763 1125 653 160
352 86 61 210 205 1180
752 1170 1184 809 517 13
494 741 1106 631 182 1098
749 1112 1101 984 515 1017
671 196 1130 960 1033 375
781 607 490 86 189 852
104 776 1024 635 55 178
142 1033 93 864 132 3
997 180 748 1174 103 1044
