112 90 1170 215 127 62
1195 982 1125 1121 150 879
107 1084 19 1067 1080 544
215 163 116 39 163 1172
403 402 98 1130 162 1189
1127 1042 1170 42 208 748
120 1087 374 31 203 214
214 1123 150 63 524 800
847 266 1123 419 154 953
2 1139 115 803 1193 1139
175 1 1163 180 791 355
92 87 1164 97 54 63
596 37 97 40 165 716
97 104 85 1012 804 753
1075 273 48 1172 465 123
652 831 128 127 1147 648
157 58 726 575 645 498
1150 90 1047 1014 127 873
1144 409 177 1099 437 977
53 143 68 47 824 1195
91 1087 86 229 811 1099
849 1142 584 623 1182 417
1001 131 796 71 822 217
1136 1005 1024 499 885 1086
907 184 477 181 524 692
299 267 1090 167 53 957
169 201 29 43 34 1111
42 77 1068 1131 1173 640
929 793 904 984 70 1165
38 669 719 986 1121 877
49 939 24 1033 172 766
980 38 1168 778 420 215
152 778 923 30 855 936
230 156 1127 542 59 488
130 131 733 551 945 1038
530 348 157 168 687 824
167 121 1157 955 184 841
202 33 519 339 194 219
186 62 404 1106 1097 74
1034 1146 711 157 480 1098
42 1053 171 235 411 673
898 562 788 186 676 1060
1175 58 156 852 940 505
1048 1179 576 369 920 1130
1102 161 688 1142 118 69
1090 1088 370 132 1028 1129
1074 213 1194 759 498 314
530 78 96 183 903 1200
1085 39 1151 809 364 424
61 1197 126 969 737 1178
107 953 114 1179 887 979
902 29 93 913 344 128
90 818 928 1097 264 1096
4 918 995 185 1086 106
1021 1086 205 185 107 946
67 1120 1195 119 217 1187
27 1144 133 732 1019 886
1156 1132 100 78 442 573
175 598 63 539 100 1064
33 1097 138 635 823 1076
1145 1177 305 592 1082 32
32 149 21 469 792 173
738 318 1165 894 258 79
59 227 157 992 114 801
385 160 88 389 84 183
673 1123 150 491 288 16
155 812 158 1062 296 215
975 357 1077 1029 252 1073
142 291 1022 1117 88 825
915 944 598 34 58 18
159 262 337 65 210 1091
1153 205 384 202 262 330
145 1168 1041 1072 440 52
1061 389 146 795 208 994
410 138 56 942 1026 192
1124 1184 145 860 388 856
81 988 171 164 858 1000
24 1184 235 1039 968 42
820 547 1168 958 501 1056
1158 187 981 143 1048 1170
386 146 34 1016 888 1045
890 608 495 204 239 923
73 1144 575 767 762 365
263 228 156 1001 184 476
804 818 755 545 1077 152
689 26 1102 104 940 1021
407 489 583 1030 1118 208
1162 76 503 475 116 16
684 51 64 690 41 98
34 638 470 1099 1063 382
710 165 200 138 898 552
732 426 1091 143 989 278
163 591 1114 785 1120 1053
692 342 969 977 712 100
408 66 1120 298 87 967
175 64 1083 24 214 26
1125 1093 1191 103 110 720
1168 428 29 117 993 1092
836 833 1103 363 1112 443
534 1119 1197 610 49 1198
1161 1009 178 72 910 181
1150 987 974 189 172 135
215 78 204 71 50 101
453 878 499 1057 735 26
508 323 192 141 65 585
803 1077 1112 153 1190 28
857 1074 46 758 771 459
84 1015 55 89 185 187
122 642 1181 777 11 191
102 38 1137 170 107 25
926 1145 844 759 839 1146
1170 29 249 1087 1047 179
189 107 680 87 1030 1168
1101 1112 1113 309 1180 913
408 1087 58 87 1034 1098
1043 346 665 71 1095 198
266 1098 65 114 68 287
611 1142 584 46 636 108
925 1070 775 961 1025 89
1173 81 1050 319 159 201
218 32 776 1128 148 1061
858 603 796 214 892 756
749 1180 1095 739 1056 1028
1037 293 127 149 31 89
1077 831 705 1067 88 33
948 37 253 199 55 12
133 832 166 487 108 1036
151 9 347 1054 1146 612
1027 826 578 390 608 465
794 815 88 955 379 182
337 81 1184 468 1127 214
1198 59 867 401 188 285
173 466 101 114 73 865
1051 35 959 1194 838 1163
173 1132 152 834 211 863
802 842 155 114 190 1143
1089 102 141 134 92 1129
120 343 24 960 523 226
972 1163 930 211 926 1188
38 945 975 1131 580 1078
213 15 115 786 1059 1155
1144 879 639 124 42 908
1039 462 110 79 76 176
947 797 471 1115 34 697
169 192 1027 1176 704 144
599 14 331 68 336 591
306 142 1136 1128 7 171
272 20 423 1135 312 321
125 1191 1137 61 620 61
171 115 41 668 1150 381
1012 723 189 327 898 1196
1091 217 237 573 449 1145
953 1182 871 1192 200 88
966 1200 942 1111 18 324
135 96 754 1084 436 955
1134 92 1189 97 12 1128
1164 30 94 374 216 417
77 158 85 131 99 1101
307 2 179 91 204 194
155 617 1111 460 457 864
1121 39 143 1188 180 885
213 688 1144 1003 1117 1175
1197 88 949 769 642 169
945 728 247 199 798 212
276 819 215 670 1114 32
1146 756 69 722 685 646
855 696 870 900 849 66
412 311 213 384 52 377
934 109 45 1092 640 238
153 988 1167 17 1040 291
123 36 120 117 729 1193
154 1129 89 47 137 1141
979 760 1108 175 153 383
1198 949 454 26 890 109
212 122 193 69 990 21
1023 995 129 638 624 994
278 108 948 927 1108 99
983 814 510 1170 203 1189
1154 622 1019 1045 1067 1179
1094 959 726 484 342 1071
1055 775 5 1038 83 1124
1095 184 212 1173 840 721
23 150 259 216 957 990
776 1017 334 131 950 1028
1086 878 1061 10 63 221
634 100 429 685 475 403
503 604 153 1081 51 103
964 60 998 1058 182 1024
810 1185 1182 149 213 1094
22 175 360 1165 1074 1133
76 1015 392 133 209 493
883 1188 85 962 660 397
767 1135 207 866 1074 988
1 970 89 839 59 1172
964 1162 461 1147 176 29
808 538 734 373 1013 181
659 163 943 27 105 218
746 743 1100 470 85 356
656 14 106 138 40 1010
1196 275 759 968 113 1171
10 1084 418 787 414 1193
1147 686 145 357 645 164
84 1093 474 242 151 816
543 136 109 735 72 45
217 699 846 450 114 94
366 11 1155 167 130 1159
6 928 198 985 1188 853
1132 515 529 655 1181 965
2 425 1049 509 175 984
1173 1164 813 93 93 11
915 1131 974 912 8 1059
1176 81 3 320 968 141
933 345 1143 45 219 940
1109 31 189 1102 538 641
147 925 798 885 876 1047
1161 1177 240 985 7 344
1091 140 429 717 232 1119
1007 300 1126 1174 83 1148
1103 1091 179 1036 18 121
46 219 170 218 1121 1158
1104 1167 672 1080 432 297
761 71 553 1166 358 897
1096 56 1164 484 722 533
1186 65 1128 120 784 173
9 789 188 35 27 1004
1199 482 1003 1160 1131 1169
31 294 212 91 1088 172
472 13 277 166 22 780
11 981 361 909 5 111
1127 546 1149 399 7 47
55 1103 1113 1004 372 168
829 184 1020 653 841 560
98 201 1196 56 704 1110
68 382 652 1031 1081 21
96 1118 1106 146 1085 453
188 625 757 257 653 50
837 305 540 25 290 1042
162 752 881 796 887 1016
1159 16 28 155 219 999
136 1163 592 370 995 558
168 72 209 299 1119 1153
155 932 1087 753 314 276
1180 181 633 986 930 229
198 200 746 526 900 267
261 80 72 1094 1183 112
68 997 1141 1151 1160 158
1158 757 104 545 205 135
203 745 452 1153 1171 147
1026 1051 66 139 17 875
1188 644 292 827 125 172
797 932 1058 881 774 725
212 1094 987 999 1072 557
1060 702 236 351 36 722
1044 768 794 122 35 1132
828 832 79 1088 854 1104
1028 1146 473 626 102 843
90 884 200 161 164 1081
919 1002 57 369 43 1159
1081 869 1042 1142 1190 751
978 222 718 822 773 812
1180 115 121 183 302 1107
559 539 74 1130 1076 922
929 221 1138 101 607 891
47 1092 1192 549 48 194
147 1035 1105 394 1187 1006
793 395 706 716 59 963
55 1194 201 1086 148 978
844 1164 47 806 632 168
146 1041 1063 630 1124 239
105 134 413 70 280 153
1157 1162 94 817 26 761
44 1113 91 448 202 140
25 1098 850 809 1101 398
805 193 943 209 242 40
1056 1078 106 1105 126 2
1116 191 153 1126 217 641
193 102 1109 1150 354 533
806 1139 210 1167 1102 1079
1075 1082 35 456 983 131
1179 682 92 113 1158 182
101 311 1151 189 1123 799
752 541 210 1159 151 939
889 715 764 715 167 145
720 695 223 179 142 1079
49 178 298 4 166 485
1032 1107 1163 139 308 9
1167 261 1150 107 1022 132
155 1152 18 14 1117 416
70 1083 962 1190 908 156
115 415 196 137 207 143
46 1178 483 964 606 1140
49 941 925 737 1157 288
469 1077 1160 721 1140 619
807 105 1175 512 36 1032
1130 231 345 122 19 1057
1160 724 130 124 155 1064
33 1161 9 958 415 244
527 1103 654 967 525 191
1139 1020 119 786 521 1100
200 69 1011 189 32 294
332 56 749 730 629 1124
44 493 859 82 1157 594
1134 310 1138 33 985 1117
549 1115 706 1132 79 431
1020 1169 996 617 20 104
830 356 1150 1041 204 253
310 176 248 60 193 354
133 250 98 112 1106 167
88 629 419 1112 102 754
161 851 1116 225 160 184
1096 821 76 304 789 5
1034 1186 780 162 895 587
1133 141 479 799 1000 1192
819 944 1121 1127 70 163
5 725 1031 118 264 418
586 1191 976 922 967 799
1178 713 1014 176 11 80
10 961 1186 111 861 100
144 891 10 854 165 194
25 6 782 126 904 1031
841 782 290 678 490 1071
218 112 582 882 119 55
176 1166 944 471 1174 196
112 441 89 606 1043 97
1092 1076 827 390 113 13
40 1089 81 349 286 136
1080 1069 52 26 254 185
101 586 45 865 185 1001
90 657 1143 283 1142 160
500 893 39 464 313 901
742 873 208 400 852 1121
738 32 1035 30 8 118
876 852 602 1161 1117 1124
380 1039 918 1069 249 7
159 962 1003 130 432 318
674 1168 1103 66 219 115
880 247 187 82 571 743
1078 1034 52 974 952 85
163 831 282 138 1154 78
1170 154 73 779 174 1196
73 25 1105 1099 57 200
613 886 68 1095 129 393
109 1169 751 10 362 218
205 127 1184 131 1131 1134
744 108 140 1087 96 190
917 194 58 951 157 217
142 295 300 932 21 727
1032 783 843 1061 160 708
132 554 1072 1174 1035 308
1164 64 590 135 874 980
861 140 630 785 577 203
1040 1189 359 768 197 1025
737 373 27 839 671 324
115 679 268 1156 446 1185
1145 914 71 572 683 1199
20 808 560 270 978 189
2 714 17 214 1 213
550 923 557 181 747 1089
918 376 848 486 28 53
757 148 207 933 79 934
82 631 126 144 260 1010
528 790 330 724 765 69
664 481 823 903 1088 48
1143 587 794 1157 1111 120
438 535 1112 130 1081 197
227 80 1092 234 233 194
73 699 208 1197 146 35
1113 668 101 62 628 129
1071 1088 1013 952 183 152
28 4 916 1120 49 8
50 662 648 1181 190 931
63 18 98 206 1001 251
1200 864 130 67 203 91
600 54 1169 687 992 790
561 1171 421 582 948 83
1081 818 174 216 1066 19
13 1186 947 206 847 843
302 593 733 1024 1190 107
379 740 51 74 970 829
1180 28 497 1062 816 83
1109 185 743 1004 712 990
595 218 424 1080 151 202
982 1039 73 117 62 164
180 1106 845 163 225 169
206 99 51 7 76 66
83 1 779 174 496 27
487 139 729 520 1136 187
192 1115 833 405 1115 556
862 56 971 353 89 957
96 352 1148 930 884 906
787 15 783 1119 63 149
762 1002 1038 13 730 802
62 741 136 1 175 96
251 1114 15 1111 1033 147
124 41 792 1142 1194 1040
932 3 192 113 1134 883
341 811 58 41 1150 120
1074 480 1071 444 1194 1157
1075 1185 206 140 184 750
807 39 1069 159 1198 721
75 15 70 815 1082 1173
1092 509 92 807 1115 61
935 910 428 325 1134 689
1128 1030 622 504 190 437
6 717 998 204 1088 656
199 11 161 492 22 820
938 10 830 564 1171 776
1136 1095 1155 518 1026 1082
320 1118 92 127 1178 79
665 448 507 972 698 1091
741 1171 631 18 570 1153
1135 75 128 5 694 335
761 1036 436 39 19 1033
197 1138 36 135 91 282
191 125 93 775 207 368
820 960 1126 214 574 353
723 273 93 1105 201 120
137 212 28 204 1140 817
993 58 994 362 1118 952
507 1118 416 801 111 1050
625 3 707 941 1191 220
309 365 971 388 1141 947
210 150 1133 43 433 1069
1162 961 523 7 70 350
141 979 85 395 340 788
188 21 224 177 148 937
1092 289 206 894 113 8
941 916 1119 54 168 105
201 956 80 197 340 1002
137 52 811 756 109 233
973 657 547 1164 425 86
837 154 931 19 892 118
895 119 54 627 197 209
736 1109 1026 1148 69 1127
1080 17 854 709 1187 7
1162 869 936 207 95 4
103 77 489 67 1070 82
1129 170 96 663 715 971
116 259 104 977 828 1096
284 1073 9 1183 1051 51
195 1173 758 105 125 1079
197 91 212 86 773 211
1054 751 966 1152 313 54
280 1184 433 1011 1064 588
1017 426 86 1199 22 95
1165 120 392 43 56 976
430 1181 774 165 442 1063
1006 569 791 80 1086 137
874 121 609 1152 1146 768
449 555 765 947 124 182
78 6 691 76 199 175
858 1176 177 71 148 53
61 17 129 72 178 8
1072 1089 745 921 772 924
946 1179 920 1009 86 952
183 532 140 159 24 1066
976 460 186 572 75 893
87 992 863 110 1179 1017
713 333 1172 944 970 106
125 1027 164 709 1009 405
1103 1085 355 215 597 421
1173 64 888 933 23 3
97 113 1169 50 1128 1065
1177 209 814 1126 123 9
1190 1181 206 514 74 216
740 510 139 396 889 880
1107 1101 158 492 180 1110
398 566 149 295 186 872
2 1193 837 1076 1154 658
209 187 18 719 143 907
57 936 920 303 1058 182
434 563 1085 783 846 103
870 901 301 23 860 607
809 1103 376 786 838 497
1133 949 41 859 1159 1073
516 951 39 400 1167 813
303 208 444 548 146 1148
980 870 567 585 49 771
616 1055 194 1070 928 1079
748 968 577 710 56 790
1113 1030 451 1098 1074 755
1007 27 1195 910 4 372
193 226 77 176 866 60
942 40 1060 1116 29 671
71 466 805 694 82 1172
697 406 875 105 1196 335
948 186 350 368 959 536
1048 519 438 188 781 118
1199 60 53 1199 30 686
746 47 133 999 695 1192
877 840 106 41 717 170
1143 611 402 961 367 1078
1123 15 265 104 967 1056
632 79 241 1110 160 325
917 650 1079 867 1198 770
434 1174 48 957 26 1118
1054 135 106 279 899 500
213 58 594 788 649 133
938 1021 222 208 201 675
849 33 410 936 455 396
1111 868 883 132 676 550
1180 1126 105 338 808 142
869 850 955 149 714 86
179 99 636 677 138 908
44 116 702 1157 907 1175
1090 1073 48 95 48 476
660 150 966 34 3 922
216 937 1016 177 619 733
875 884 1191 33 180 243
868 193 725 637 94 859
48 193 866 1037 181 929
1013 1138 332 612 61 204
135 941 482 454 747 94
568 170 190 929 982 1068
1035 195 933 112 103 32
1191 960 1198 1122 97 51
998 1094 12 1166 142 1149
399 1130 770 1192 67 130
1107 271 972 463 983 991
212 17 218 216 1175 118
1125 99 1166 871 1183 5
956 678 842 45 1098 1007
190 171 1184 889 78 521
1152 593 871 160 67 1154
1110 214 1058 23 1012 1186
3 661 1149 781 663 35
93 1136 1093 86 331 546
664 1125 975 55 976 12
825 60 1137 1018 366 620
257 1137 1093 44 1119 37
304 84 714 1155 1122 1090
1200 531 13 1200 255 19
56 1022 1149 151 182 260
200 54 326 124 148 23
445 1027 38 198 909 180
1187 494 494 104 283 101
1079 981 1080 463 863 1154
364 77 256 1070 3 136
1073 347 375 728 1107 100
580 164 8 1000 458 997
905 814 563 1123 59 1126
901 64 1106 853 1135 734
21 938 1146 54 989 147
605 126 764 42 61 973
144 1011 92 618 83 825
8 84 49 698 1018 1129
993 12 192 131 319 1003
978 203 195 159 763 144
307 1059 202 951 1071 40
156 1014 535 128 87 131
1009 576 47 78 986 1081
1193 483 147 76 134 128
578 1095 669 109 172 1196
795 1078 597 60 784 409
1141 1025 520 66 824 1101
158 64 1075 102 599 287
1094 174 386 1 1107 160
777 865 1108 1182 749 879
897 1115 810 413 1041 1177
760 129 490 1186 1183 996
265 206 760 127 596 153
162 1008 1076 566 781 246
94 113 1147 666 2 27
766 860 199 154 60 739
26 28 1021 511 731 627
1038 1187 293 116 93 4
1070 186 217 156 633 960
478 675 862 1083 1127 1050
31 1187 211 707 70 139
1188 934 1011 1162 862 360
1145 981 439 986 679 211
909 506 1110 44 173 87
998 1134 44 113 1185 677
877 1112 894 1053 124 634
823 333 911 847 969 74
11 147 397 9 963 20
51 40 99 999 133 77
1116 46 1085 1114 917 502
241 943 728 1133 162 141
150 827 137 1031 1048 1145
1071 406 72 890 1066 930
53 1044 45 983 1097 906
1168 186 191 791 623 817
1148 224 1149 1133 1044 1050
159 651 984 195 151 927
195 1109 1072 205 603 906
1062 1152 158 954 892 186
1134 982 1199 895 1069 34
564 1059 36 878 942 1101
391 111 745 422 815 83
111 1089 104 826 635 1110
1046 198 274 127 473 118
802 1049 75 716 522 177
122 921 441 734 391 114
348 724 401 896 763 1093
166 122 1023 888 861 121
703 423 65 1102 169 286
965 736 68 764 156 1012
1184 208 139 1195 1114 128
1075 124 1161 188 1110 1132
