1027 157 647 856 271 1166
8 131 313 167 296 768
3 511 109 1179 88 71
835 1082 23 730 979 1030
7 625 192 916 976 164
66 617 1064 99 197 873
730 1121 1046 1141 1121 398
210 615 259 85 401 146
1086 32 537 1170 860 901
753 1113 999 917 1188 73
1199 49 211 193 192 765
34 68 190 98 209 49
1035 1099 719 142 186 1099
338 372 1052 773 163 750
133 1186 610 64 892 731
322 952 1176 1042 219 1108
129 800 414 159 1068 514
70 1051 427 177 922 775
57 1033 81 1092 1088 1017
1071 21 390 957 19 887
139 233 1101 17 768 492
194 509 419 1184 14 1125
264 35 181 34 932 63
1134 578 381 1113 970 1161
664 315 1111 1178 1014 1152
869 130 487 426 1192 776
51 850 575 907 552 879
85 97 50 1164 128 89
229 177 106 212 136 42
842 924 116 886 546 851
1069 769 204 938 28 1197
69 325 822 1121 847 1118
1170 106 120 257 904 1178
17 153 882 970 528 752
54 212 499 258 18 1094
567 60 858 38 1199 161
785 97 108 102 760 619
207 1078 1072 63 489 33
1186 84 480 630 125 114
1054 7 955 1041 663 1190
1098 458 43 81 5 74
563 1101 1100 597 1007 1133
1109 46 1153 408 687 882
579 1195 203 477 819 141
832 111 743 42 129 915
695 670 172 598 482 1080
108 531 791 837 1086 761
170 170 138 114 797 807
935 266 1165 178 391 135
1059 1053 1165 37 659 504
289 175 899 1042 210 1117
901 1172 339 530 586 811
173 180 938 312 1164 361
1070 180 78 1126 601 572
1114 162 1107 95 188 1084
75 24 127 1151 959 493
1025 1113 1005 48 758 149
1069 1125 353 1115 216 31
647 75 1009 640 99 117
1117 182 218 118 1186 1122
993 763 103 329 1182 166
28 606 893 778 5 702
536 494 1168 909 121 1123
1035 351 207 1011 475 35
538 968 1126 1159 41 1107
169 307 38 457 132 896
893 217 1001 464 991 104
790 982 769 541 1020 123
1172 858 1170 695 21 187
931 77 852 1022 528 1094
520 943 132 187 130 18
622 823 698 1145 1063 951
527 1025 923 1091 1123 734
1080 428 1095 948 14 1137
1172 141 202 909 140 204
192 786 70 214 1180 261
107 56 1095 11 512 563
1060 958 206 988 783 27
653 216 321 127 389 1033
153 497 654 283 1115 1033
1020 121 1180 1089 1097 97
144 875 269 1069 145 1088
39 792 1130 201 1180 213
903 1197 189 1133 1154 484
246 1143 975 969 104 29
148 6 1087 40 744 70
383 723 95 252 181 1169
1027 196 1062 44 461 814
968 930 18 849 590 1060
198 636 283 57 234 1142
934 1093 1118 554 303 912
1129 720 55 201 74 78
364 1120 1197 125 1094 138
1189 84 295 165 1195 1127
830 644 855 228 172 141
910 1067 685 1021 171 706
579 111 182 409 297 1120
135 90 156 667 915 140
8 1124 767 1066 73 1024
60 1157 959 1180 1001 102
463 1131 154 599 1123 23
1117 837 560 997 995 326
1069 196 729 71 39 124
211 913 1155 507 96 96
1041 1057 204 869 949 363
245 37 742 39 1104 322
432 394 122 716 48 1106
515 721 315 1062 581 108
1000 1174 762 1160 1069 199
553 1081 1009 956 984 377
889 361 1197 1044 808 1141
817 927 1059 606 1149 10
919 362 927 260 88 80
29 4 780 717 132 1043
38 954 921 942 11 825
21 924 92 483 812 862
844 84 864 675 915 1101
696 113 635 722 30 990
19 1186 886 702 686 746
762 148 96 1172 848 1154
1189 1171 4 1147 90 174
1084 115 1122 1059 716 778
495 803 1014 72 1182 762
166 407 166 150 150 248
136 827 92 91 101 633
99 178 213 287 95 980
104 124 1134 671 521 710
989 18 195 437 508 43
455 1009 898 1092 931 1139
117 68 431 22 1147 839
414 379 1142 1146 83 1116
820 1030 882 6 603 169
42 82 715 937 48 1166
145 543 95 1138 1191 151
268 256 80 994 699 446
1198 188 178 1122 224 1189
1196 178 41 77 193 58
36 916 162 1167 953 1046
1002 1177 821 352 63 186
1197 180 212 770 1107 743
1131 96 1192 595 927 1141
58 1148 1158 326 37 1098
1135 176 415 131 64 976
1106 198 1176 84 62 1115
1076 1184 69 91 55 179
1154 1146 1185 871 1136 31
785 1003 1112 429 15 115
1016 1008 517 139 97 551
335 288 35 12 928 731
78 1079 953 354 29 1063
940 250 237 909 1122 177
1079 174 483 612 24 934
911 1194 1074 1151 468 827
161 1089 1111 974 1199 100
173 815 806 430 724 151
1129 162 161 951 367 426
1125 771 278 1173 1016 62
757 988 399 54 1193 12
1095 679 507 1032 1055 69
110 540 164 853 987 225
255 109 171 91 1196 825
956 212 196 1075 358 58
270 1128 1093 999 913 20
105 186 330 1133 1140 1099
913 1170 59 162 616 499
202 785 918 44 889 862
754 491 175 303 961 1057
993 126 1126 1031 172 1179
56 967 56 1049 783 155
363 170 80 169 437 132
1022 788 219 33 805 1078
407 459 1129 8 109 25
547 148 177 89 112 1024
1149 460 434 28 25 798
1163 72 151 971 406 1109
1131 1108 1091 8 1008 212
1054 932 39 1070 104 614
910 250 1167 190 567 49
3 86 93 142 1085 898
912 1104 1000 1114 1143 705
145 524 97 957 309 992
161 50 543 59 87 608
1095 1094 824 3 448 307
160 823 87 2 1026 133
333 859 1138 1109 1137 11
853 130 950 1102 464 940
1154 92 1081 750 613 141
36 847 6 111 866 808
720 155 444 183 38 181
370 1167 1196 44 782 604
850 1137 890 780 1124 987
29 992 203 277 1093 191
121 661 1135 709 135 904
390 701 683 27 209 234
1034 938 55 16 816 875
956 884 132 442 672 889
188 209 1051 46 299 849
55 308 870 732 182 202
1127 688 454 775 31 145
123 195 29 1187 1074 548
1155 359 584 4 23 118
109 49 1 639 1001 208
1188 1092 151 185 806 1181
5 42 1130 325 1184 337
213 955 167 1112 843 565
218 2 1190 637 617 1079
1079 199 236 556 425 821
877 59 1198 205 727 851
85 936 1066 123 177 735
756 183 132 964 1077 32
61 141 158 1053 580 577
1097 170 31 920 81 1006
112 115 1159 1019 203 1036
1030 197 459 1145 1139 137
456 741 43 662 1172 165
386 684 477 196 627 392
147 825 170 193 204 1116
127 944 112 559 698 1085
1039 1016 28 1054 756 1094
857 1015 859 960 124 134
976 185 686 764 1149 355
1185 767 1179 9 677 40
992 1055 271 934 257 939
1200 194 1073 694 791 799
900 285 127 1128 795 1176
756 155 134 1130 868 1095
182 893 38 48 120 65
78 1070 11 1119 143 12
201 616 7 1176 22 935
718 1128 743 45 5 1034
49 81 125 846 701 492
1108 820 38 466 1134 896
949 1087 594 96 1158 1156
1151 779 974 181 323 729
1140 45 113 772 65 123
206 14 1019 948 744 1125
86 831 1081 478 523 1157
455 1137 187 1102 1187 200
59 1054 1179 1173 719 41
218 1148 1131 1119 67 149
1011 630 1112 170 1196 1056
81 1096 89 1047 618 375
110 172 1193 210 1090 943
122 906 215 1199 1128 80
1103 327 76 248 527 20
1155 163 110 310 1036 178
316 156 9 155 57 534
895 123 998 805 999 1196
166 185 92 10 641 739
1176 1138 26 212 79 897
883 1127 946 854 1008 797
735 147 1150 1005 1075 817
1132 587 985 402 10 123
168 1031 1097 918 6 719
232 101 734 748 1007 732
970 1109 215 1103 834 19
947 1100 696 957 156 746
335 416 184 1164 395 213
71 126 1112 1086 1173 745
832 772 713 346 984 725
952 1085 1109 16 99 1099
576 157 1100 803 37 163
263 1063 159 707 1195 505
1117 867 38 324 184 715
169 1003 987 29 82 1045
992 188 78 984 158 43
1031 109 21 136 590 1177
466 184 242 162 136 980
628 669 1040 237 1007 144
168 143 1150 1140 1151 929
78 846 553 211 135 213
631 66 21 1146 173 876
988 131 513 155 1181 663
463 1091 277 107 79 397
128 46 1093 1126 516 171
75 1128 502 76 360 467
195 877 14 266 1142 978
1071 487 435 9 1135 409
966 1000 39 802 738 972
1075 1058 86 1150 919 74
422 572 191 340 183 147
733 1048 1096 535 406 664
170 46 329 975 1183 117
100 94 569 313 191 319
146 1132 353 955 367 181
496 40 1066 297 496 70
56 585 1122 1147 974 164
1161 26 87 127 65 1120
1163 339 1120 629 100 167
656 1080 66 113 80 41
963 139 274 1018 62 746
1041 251 979 144 493 1069
1152 937 37 1003 1078 289
419 865 1088 357 1177 545
417 981 205 1146 160 123
208 923 25 769 905 941
254 227 19 118 281 1116
70 716 32 982 1159 349
1123 605 430 302 1168 1068
1056 1077 1085 269 657 926
212 8 788 1133 1017 132
577 27 86 1102 1124 382
162 648 247 1166 72 864
1112 286 110 1123 706 47
82 84 754 91 306 213
1075 1168 1111 83 67 582
945 688 65 337 1039 18
781 292 682 105 152 1098
1185 693 618 45 1077 165
348 1188 1120 25 818 1168
214 661 749 341 878 1
94 203 197 1083 105 1070
47 128 34 1182 947 940
598 1007 373 870 1190 655
801 469 1184 667 53 388
141 1015 919 72 975 866
945 206 721 580 1002 218
330 1183 85 967 215 101
136 116 1040 780 45 192
911 105 683 57 113 1179
1092 736 449 118 1124 13
855 95 1115 566 935 786
133 574 1162 439 338 1198
828 1080 99 747 7 77
124 20 138 813 833 400
32 52 357 85 5 832
264 200 107 260 988 1200
41 489 33 1125 1082 703
1167 81 1084 245 66 243
1065 49 490 447 126 22
381 1181 1156 240 1113 188
53 418 1043 189 952 1124
937 129 829 526 1200 1156
594 185 1075 1144 187 149
551 154 792 1028 878 444
908 1083 94 774 804 228
197 28 173 1200 137 1067
148 135 166 16 1111 738
56 591 894 1013 177 1055
114 1144 1178 774 874 98
47 46 538 76 135 944
235 28 142 1111 1185 163
1028 1188 529 91 158 822
73 129 150 1052 73 547
791 1101 941 192 897 1199
1193 150 145 691 967 470
1143 905 744 213 1116 1118
917 699 651 986 1144 804
728 736 866 200 143 561
586 205 106 225 1048 1098
77 984 177 1104 1017 593
1113 168 3 194 1076 378
223 4 167 172 275 1068
802 902 1082 168 1177 798
57 197 508 56 52 143
15 17 844 1187 1131 71
99 922 898 31 115 503
2 1159 929 37 1106 1192
54 1157 194 973 75 977
1191 53 10 506 40 826
1074 106 891 971 168 1191
1177 20 526 51 1164 133
1015 207 30 1096 239 26
1032 876 1143 184 16 137
486 174 814 1116 375 70
158 111 1162 218 113 65
1089 597 53 129 1003 125
1182 995 504 17 163 947
163 1079 12 863 54 23
1063 178 1105 1173 227 811
1163 540 221 128 205 368
1113 855 879 183 950 958
204 2 344 202 954 1092
668 12 535 922 51 24
181 996 1101 1174 1144 163
1133 662 128 195 1178 1127
904 1076 152 1133 279 908
60 1147 770 124 1107 53
148 902 852 1101 1038 1191
1023 1145 1170 757 19 112
59 996 193 1151 524 998
674 963 421 366 818 813
267 976 85 859 157 1098
488 443 1089 63 26 639
272 910 983 575 1116 1050
442 836 1013 1147 949 16
214 883 1027 941 61 1178
1165 1135 125 694 484 914
305 624 423 990 66 395
88 522 1071 1091 1130 68
710 119 1178 862 440 472
1143 994 16 88 779 1103
274 153 311 384 115 203
765 425 1121 681 1174 994
79 26 306 974 1181 714
300 1097 1051 1163 1093 342
1132 462 165 765 593 1060
558 1077 88 741 767 115
6 1110 1114 244 1135 626
186 782 845 751 89 153
1087 777 1040 105 169 208
90 942 867 605 310 79
13 199 760 205 166 347
1175 198 194 142 521 415
182 119 58 1037 1148 150
78 843 525 85 1052 67
503 175 222 109 54 776
810 253 30 820 138 218
293 1058 1139 457 1155 465
33 259 1110 100 588 345
384 103 1142 229 54 869
122 969 692 201 1182 1138
1149 1050 209 450 22 1038
1165 600 608 1114 1169 1087
356 185 161 216 516 530
1127 80 173 1095 343 991
4 140 168 124 118 159
1032 1087 13 1056 64 314
1010 176 1163 751 116 965
1192 170 196 1049 794 1005
884 134 451 604 456 230
351 130 1102 280 777 881
175 1105 286 25 1150 374
23 650 52 208 138 94
87 1090 153 1085 1154 1106
154 480 393 350 1062 461
963 1109 1105 570 149 191
1026 84 1198 200 134 393
155 1048 969 36 808 729
47 1079 197 291 564 1090
156 856 1004 1110 100 40
592 239 843 895 57 137
953 784 379 578 1039 1100
631 208 102 749 192 885
742 71 1011 1193 190 1187
159 154 154 714 57 1083
1086 83 1020 99 1103 1077
986 568 722 933 705 513
937 450 777 659 1040 1094
965 1084 556 892 610 82
1004 97 672 998 198 626
1150 125 1159 29 184 362
404 164 391 753 136 232
708 134 127 1073 731 23
1081 263 6 267 621 1074
1163 720 191 160 666 36
1085 73 215 1100 1060 1170
890 939 1103 113 42 403
233 34 958 611 636 599
126 1146 1018 1195 565 95
511 16 1180 733 90 1119
655 497 871 927 546 81
790 1166 15 82 138 55
935 453 806 900 97 199
98 198 1186 120 140 173
1169 50 216 377 902 100
1185 15 474 884 5 93
1023 852 1088 452 4 9
485 207 199 118 112 1156
55 255 938 44 670 1115
95 1036 700 936 413 36
1074 1120 1086 1090 1087 219
726 431 876 1083 197 1112
296 1 1158 1098 125 107
74 119 1165 7 144 845
562 1119 160 1014 190 340
217 61 962 133 204 835
533 673 108 1045 789 980
1200 30 24 93 175 885
287 917 536 131 71 405
319 24 1043 27 848 451
331 747 1139 412 943 690
926 72 1090 71 1170 1035
1107 473 69 317 813 1105
1046 1143 253 977 278 944
51 15 373 1195 1028 678
96 916 333 412 1118 880
400 1171 159 1197 841 1181
25 753 766 195 607 53
9 1047 986 1158 189 441
295 50 801 103 196 1048
3 704 174 258 64 643
146 101 347 623 1192 108
35 901 405 215 130 1140
881 828 725 481 583 950
77 1171 360 697 182 201
764 44 641 64 385 156
1005 79 857 1114 465 1183
1128 1140 165 106 36 1137
218 369 34 158 781 127
45 14 1149 816 726 217
111 1075 479 410 231 732
429 1106 145 1115 1143 475
1134 183 1042 33 1158 1070
273 944 1190 1018 1166 573
500 831 282 773 1153 423
730 613 1049 202 1124 1179
192 136 718 147 1172 1139
91 727 971 160 168 1002
1162 101 131 116 59 959
72 1108 55 840 1061 1111
201 19 1183 114 571 146
1162 439 152 82 190 87
877 657 925 204 149 957
818 1072 403 1030 1078 514
996 642 1185 1198 101 14
939 1178 1105 625 934 174
826 152 460 93 1176 17
1115 960 1082 865 189 1110
272 1071 1133 881 51 671
1084 888 1078 186 1129 167
186 740 137 137 153 223
1094 37 637 371 65 52
193 187 432 150 815 107
128 354 1128 1076 47 396
184 47 90 34 2 1064
638 169 1160 365 1081 1126
1140 830 1166 1022 216 113
926 366 3 164 114 1083
1130 542 177 1135 130 1096
469 932 1004 532 890 175
856 583 23 54 873 1171
178 1126 924 12 167 13
1136 501 880 120 814 83
95 676 65 208 139 822
195 1051 568 273 1173 26
807 1084 903 684 74 205
879 518 93 185 137 707
148 206 83 251 1089 1174
321 304 238 1 89 980
1015 1191 10 554 614 328
1132 134 179 174 92 119
142 146 956 1118 1028 1195
638 447 1200 929 1100 491
189 1020 827 285 470 831
33 203 98 1097 1036 141
291 758 309 794 134 11
1169 213 201 112 1136 740
544 1072 607 115 693 2
86 1009 443 134 1074 3
645 761 1108 1104 48 750
1150 887 226 1119 1066 1142
920 32 1076 129 164 199
1037 172 993 555 1183 863
1158 1103 436 51 275 486
1165 1071 122 476 122 60
697 1098 111 195 214 18
1110 1157 779 1194 1023 601
60 1081 727 973 43 1199
1088 211 468 591 147 1089
1019 241 1082 912 396 78
70 1083 98 59 1125 190
675 936 847 868 174 184
11 164 1161 1177 282 640
61 157 1122 133 44 69
1127 1034 172 25 634 564
68 975 940 781 75 1010
962 1151 87 680 13 279
958 149 201 198 152 401
981 874 1191 1168 1153 872
92 471 721 502 914 121
838 108 294 1177 960 1131
776 1144 210 126 839 581
389 204 179 871 7 110
110 784 1189 290 805 445
849 219 290 611 352 908
176 1118 254 863 203 928
557 1017 435 1029 982 1099
219 968 4 161 178 1086
1077 539 94 1162 106 972
1148 133 602 216 61 197
1175 888 80 17 999 1068
728 1186 928 358 573 1127
1092 22 122 341 131 76
149 1155 71 804 1061 103
494 864 94 108 652 119
1075 127 665 324 646 609
1052 1071 22 183 628 209
103 1152 678 620 189 1193
1164 1157 180 217 200 1044
812 519 29 75 84 1012
247 1146 1078 153 763 102
1153 14 1110 140 774 737
948 1110 1102 220 142 1073
182 1187 51 997 1021 186
64 27 1120 1154 1155 987
147 151 1035 978 183 677
179 842 650 872 152 176
126 244 807 207 809 946
49 226 1057 147 692 997
539 301 1026 690 21 837
206 1140 764 82 154 155
294 179 942 73 212 217
1078 162 799 40 105 660
1002 865 117 668 1057 928
6 498 411 725 989 983
33 848 500 1104 25 206
1132 1141 797 1191 747 533
1145 210 755 742 549 202
1124 145 302 146 1101 143
